# Petrel Points with attributes
# Unit in X and Y direction: ftUS
# Unit in depth: ft
VERSION 1
BEGIN HEADER
X
Y
Z
DATE,Time
DOUBLE,Event ID
DOUBLE,X(easting)
DOUBLE,Y(northing)
DOUBLE,Z(elevation)
DOUBLE,Detection SNR
DOUBLE,Event type
DOUBLE,Location SNR
DOUBLE,NOISE_LEVEL_ACC
DOUBLE,PSH_AMPL_RATIO
DOUBLE,QC Distance
DOUBLE,QC_EIGVAL_MAX
DOUBLE,QC_EIGVAL_MID
DOUBLE,QC_EIGVAL_MIN
DOUBLE,QC_EIGVEC_MAX_E
DOUBLE,QC_EIGVEC_MAX_N
DOUBLE,QC_EIGVEC_MAX_U
DOUBLE,QC_EIGVEC_MID_E
DOUBLE,QC_EIGVEC_MID_N
DOUBLE,QC_EIGVEC_MID_U
DOUBLE,QC_LOC_T0
DOUBLE,QI_CONFIDENCE
DOUBLE,QI_DATA_LOCATION
DOUBLE,QI_ORTHOGONALITY
DOUBLE,QI_POLARIZATION_AZM
DOUBLE,QI_POLARIZATION_INC
DOUBLE,QI_POLARIZATION_RESIDUAL
DOUBLE,QI_SNR
DOUBLE,QI_TRACEDATA
DOUBLE,QI_TRACEDATA_P
DOUBLE,QI_TRACEDATA_S
DOUBLE,SP_COMPONENTS_USED
DOUBLE,SP_ENERGY
DOUBLE,SP_LOCAL_MAGNITUDE
DOUBLE,SP_MAGNITUDE
DOUBLE,SP_MOMENT
DOUBLE,SP_POTENCY
DOUBLE,SP_RADIUS
DOUBLE,SP_RECEIVERS_USED
DOUBLE,SP_STRESS_DROP
DOUBLE,SVSH_AMPL_RATIO
END HEADER
1830329.21 406300.05 -5813.91 "9/11/2015" 1.00   1830329.21 406300.05 -5813.91 4.45   3.00   5.28   0.00   0.30   3603.97 143.68 48.80  28.76  0.57   0.82   0.00   0.42   -0.29  0.86   0.79   3.39   0.08   0.92   0.92   0.85   0.81   3.37   0.11   0.31   0.34   3.00   0.00   -999.25 -1.58  3190.48 0.01   30.42  11.00  0.34   0.10   
1831250.75 404918.88 -6276.64 "9/11/2015" 2.00   1831250.75 404918.88 -6276.64 1.76   0.00   2.37   0.00   0.35   2217.81 286.20 87.17  49.88  -0.31  -0.95  -0.00  0.93   -0.31  0.20   0.49   3.03   0.03   0.74   0.70   0.80   0.63   2.01   0.05   0.18   0.22   3.00   0.00   -999.25 -2.35  222.98 0.00   11.34  10.00  0.46   0.28   
1831207.88 405127.33 -6309.18 "9/11/2015" 3.00   1831207.88 405127.33 -6309.18 6.90   0.00   7.42   0.00   0.44   2335.98 107.76 72.61  45.72  -0.39  -0.92  -0.00  0.89   -0.38  0.24   0.68   3.84   0.20   0.88   0.94   0.87   0.85   5.47   0.24   0.56   0.42   3.00   0.00   -999.25 -1.78  1586.11 0.01   23.46  11.00  0.37   0.29   
1831227.94 404896.02 -6325.65 "9/11/2015" 4.00   1831227.94 404896.02 -6325.65 2.88   3.00   3.61   0.00   0.44   2244.80 199.09 34.79  21.19  0.30   0.95   -0.00  0.91   -0.29  0.29   0.80   3.33   0.07   0.85   0.82   0.90   0.79   2.75   0.08   0.23   0.31   3.00   0.00   -999.25 -2.12  483.97 0.00   22.14  11.00  0.14   0.44   
1831301.46 404681.38 -6290.15 "9/11/2015" 5.00   1831301.46 404681.38 -6290.15 2.63   3.00   3.48   0.00   0.38   2113.39 166.43 33.85  18.89  0.21   0.98   0.00   0.96   -0.21  0.21   0.16   3.21   0.06   0.70   0.72   0.83   0.66   2.85   0.08   0.22   0.33   3.00   0.00   -999.25 -2.17  405.14 0.00   18.70  10.00  0.19   0.19   
1831291.23 405131.06 -6232.82 "9/11/2015" 6.00   1831291.23 405131.06 -6232.82 14.58  0.00   15.45  0.00   0.78   2244.77 72.30  64.82  17.74  -0.91  0.41   -0.06  -0.41  -0.91  -0.00  0.36   4.26   0.42   0.91   0.99   0.96   0.96   9.65   0.48   0.83   0.55   3.00   0.00   -999.25 -1.45  5015.78 0.02   26.61  11.00  0.81   0.53   
1831275.93 405222.69 -6148.37 "9/11/2015" 7.00   1831275.93 405222.69 -6148.37 4.75   0.00   5.34   0.00   0.84   2278.43 170.01 67.99  18.52  -0.43  -0.90  0.00   0.90   -0.43  -0.04  0.01   3.27   0.09   0.88   0.89   0.91   0.83   3.72   0.14   0.46   0.29   3.00   0.00   -999.25 -1.90  1035.41 0.00   22.44  11.00  0.28   0.23   
1831322.32 405261.77 -6320.22 "9/11/2015" 10.00  1831322.32 405261.77 -6320.22 4.67   0.00   5.13   0.00   1.23   2293.90 148.67 76.48  36.20  -0.46  -0.89  0.00   0.86   -0.44  0.24   0.51   3.77   0.16   0.93   0.94   0.91   0.88   4.59   0.19   0.63   0.28   3.00   0.00   -999.25 -1.96  848.70 0.00   22.34  11.00  0.23   0.57   
1831230.56 405295.72 -6322.21 "9/11/2015" 11.00  1831230.56 405295.72 -6322.21 2.26   0.00   2.85   0.00   0.45   2388.27 231.32 76.79  35.94  -0.46  -0.89  -0.00  0.86   -0.44  0.24   0.11   3.11   0.03   0.81   0.81   0.86   0.73   2.01   0.04   0.17   0.23   3.00   0.00   -999.25 -2.19  376.27 0.00   18.16  11.00  0.19   0.46   
1831312.68 405423.04 -6182.09 "9/11/2015" 12.00  1831312.68 405423.04 -6182.09 3.12   3.00   3.29   0.00   0.64   2346.58 388.99 94.82  37.75  0.51   0.86   0.00   0.86   -0.51  0.08   0.83   2.35   0.03   0.83   0.79   0.80   0.70   2.73   0.07   0.22   0.33   3.00   0.00   -999.25 -1.99  769.84 0.00   16.64  11.00  0.51   0.00   
1831505.29 405296.65 -6175.38 "9/11/2015" 13.00  1831505.29 405296.65 -6175.38 2.41   0.00   2.12   0.00   0.74   2120.03 447.60 167.91 14.95  -0.51  -0.86  0.00   0.86   -0.51  0.03   0.15   2.71   0.01   0.75   0.72   0.75   0.61   1.51   0.02   0.12   0.18   3.00   0.00   -999.25 -1.92  973.79 0.00   28.31  9.00   0.13   0.40   
1831274.03 404967.15 -6294.47 "9/11/2015" 14.00  1831274.03 404967.15 -6294.47 1.84   0.00   2.39   0.00   0.70   2216.29 534.62 72.78  45.32  -0.33  -0.94  -0.00  0.92   -0.33  0.22   0.60   2.92   0.02   0.61   0.60   0.86   0.56   1.79   0.03   0.18   0.17   3.00   0.00   -999.25 -2.19  378.80 0.00   17.08  10.00  0.23   0.41   
1831157.24 405123.45 -6214.00 "9/11/2015" 16.00  1831157.24 405123.45 -6214.00 3.75   0.00   4.14   0.00   0.90   2357.93 68.43  68.21  31.89  -0.99  -0.16  0.00   0.16   -0.99  0.00   0.37   3.50   0.10   0.91   0.95   0.88   0.86   3.39   0.12   0.37   0.30   3.00   0.00   -999.25 -2.00  737.33 0.00   21.11  11.00  0.24   0.35   
1831277.67 405170.67 -6189.17 "9/11/2015" 17.00  1831277.67 405170.67 -6189.17 6.59   0.00   7.05   0.00   0.76   2263.20 190.82 70.24  8.69   -0.41  -0.91  0.00   0.91   -0.41  0.03   0.06   3.82   0.18   0.92   0.95   0.90   0.88   5.06   0.22   0.52   0.42   3.00   0.00   -999.25 -1.57  3229.49 0.01   33.98  11.00  0.25   0.45   
1831212.27 405127.59 -6041.84 "9/11/2015" 18.00  1831212.27 405127.59 -6041.84 7.61   0.00   8.36   0.00   0.35   2279.12 183.11 68.99  41.99  -0.40  -0.92  -0.00  0.92   -0.40  0.00   0.25   3.73   0.15   0.85   0.93   0.92   0.88   5.87   0.18   0.43   0.42   3.00   0.00   -999.25 -1.82  1392.38 0.00   16.72  11.00  0.91   0.27   
1831528.85 405310.52 -6233.91 "9/11/2015" 19.00  1831528.85 405310.52 -6233.91 1.86   0.00   2.21   0.00   1.09   2120.70 161.11 71.35  17.77  -0.52  -0.86  -0.00  0.85   -0.52  0.07   0.38   3.04   0.02   0.80   0.81   0.85   0.74   1.89   0.04   0.23   0.15   3.00   0.00   -999.25 -2.05  623.48 0.00   21.08  10.00  0.20   0.46   
1831566.42 405098.61 -6137.89 "9/11/2015" 20.00  1831566.42 405098.61 -6137.89 1.94   3.00   2.02   0.00   1.37   1967.29 51.46  28.43  2.03   0.44   0.90   0.00   0.90   -0.44  -0.01  0.24   2.55   0.01   0.60   0.64   0.72   0.49   1.78   0.03   0.18   0.17   3.00   0.00   -999.25 -2.11  509.96 0.00   22.45  10.00  0.14   0.00   
1831480.85 405287.49 -6302.37 "9/11/2015" 21.00  1831480.85 405287.49 -6302.37 4.94   0.00   5.64   0.00   0.86   2166.89 74.21  72.26  44.75  -0.49  -0.87  -0.00  0.85   -0.48  0.22   0.64   3.85   0.22   0.92   0.94   0.88   0.86   5.13   0.25   0.64   0.35   3.00   0.00   -999.25 -2.21  356.52 0.00   13.83  11.00  0.41   0.29   
1831330.85 405141.85 -6159.68 "9/11/2015" 22.00  1831330.85 405141.85 -6159.68 2.17   0.00   2.37   0.00   0.88   2198.08 342.18 112.19 29.04  -0.41  -0.91  0.01   0.91   -0.41  -0.03  0.96   3.14   0.03   0.89   0.86   0.81   0.75   1.93   0.04   0.21   0.18   3.00   0.00   -999.25 -1.40  5816.32 0.01   53.82  11.00  0.11   0.41   
1831124.30 405226.92 -6178.75 "9/11/2015" 23.00  1831124.30 405226.92 -6178.75 2.99   0.00   3.12   0.00   1.54   2420.74 152.26 69.15  8.05   -0.41  -0.91  0.00   0.91   -0.41  0.03   0.41   3.28   0.07   0.89   0.94   0.89   0.86   2.93   0.09   0.39   0.20   3.00   0.00   -999.25 -1.63  2691.30 0.01   43.41  11.00  0.10   0.47   
1831057.32 405177.66 -6179.71 "9/11/2015" 25.00  1831057.32 405177.66 -6179.71 3.51   3.00   3.72   0.00   0.61   2461.91 118.40 68.46  26.06  0.39   0.92   -0.00  0.92   -0.38  0.07   0.70   2.49   0.04   0.95   0.96   0.92   0.90   2.76   0.08   0.29   0.26   3.00   0.00   -999.25 -1.25  9935.14 0.03   51.17  11.00  0.23   0.00   
1831240.36 405305.95 -6146.82 "9/11/2015" 26.00  1831240.36 405305.95 -6146.82 3.09   0.00   3.49   0.00   0.81   2346.06 360.88 110.86 29.81  -0.46  -0.89  0.00   0.89   -0.46  -0.05  0.13   2.80   0.04   0.80   0.80   0.83   0.71   2.39   0.07   0.25   0.23   3.00   0.00   -999.25 -1.71  2019.62 0.00   33.54  10.00  0.16   0.42   
1831446.19 405282.71 -6354.74 "9/11/2015" 28.00  1831446.19 405282.71 -6354.74 2.77   0.00   3.47   0.00   0.55   2208.16 511.81 90.49  38.86  -0.49  -0.87  -0.00  0.81   -0.45  0.38   0.76   3.08   0.06   0.62   0.61   0.82   0.57   2.68   0.08   0.25   0.28   3.00   0.00   -999.25 -2.06  601.65 0.00   26.64  11.00  0.10   0.42   
1831154.37 405195.71 -6217.62 "9/11/2015" 29.00  1831154.37 405195.71 -6217.62 4.32   0.00   4.70   0.00   0.70   2389.09 255.16 72.50  34.68  -0.41  -0.91  0.00   0.91   -0.41  -0.02  0.76   3.64   0.13   0.94   0.94   0.95   0.92   3.67   0.15   0.39   0.35   3.00   0.00   -999.25 -1.68  2247.71 0.01   42.94  10.00  0.09   0.28   
1831606.27 405342.30 -6413.23 "9/11/2015" 31.00  1831606.27 405342.30 -6413.23 2.01   0.00   2.42   0.00   0.71   2125.26 160.57 92.16  63.06  -0.55  -0.84  0.00   0.77   -0.50  0.39   0.12   3.00   0.04   0.73   0.70   0.77   0.58   2.11   0.05   0.22   0.20   3.00   0.00   -999.25 -2.40  184.58 0.00   15.29  10.00  0.16   0.38   
1830994.99 405073.61 -6241.87 "9/11/2015" 32.00  1830994.99 405073.61 -6241.87 9.65   0.00   10.78  0.00   2.45   2494.24 72.12  70.28  15.50  -0.34  -0.94  0.00   -0.94  0.34   -0.05  0.46   4.11   0.27   0.83   0.99   0.93   0.93   11.58  0.33   0.88   0.35   3.00   0.00   -999.25 -1.73  1866.22 0.01   17.85  11.00  1.00   0.44   
1831529.83 404893.82 -5988.10 "9/11/2015" 33.00  1831529.83 404893.82 -5988.10 2.12   0.00   2.35   0.00   1.41   1893.88 219.15 127.31 116.46 -0.92  0.34   -0.19  -0.35  -0.94  0.00   0.85   2.83   0.01   0.73   0.76   0.74   0.61   1.13   0.01   0.13   0.10   3.00   0.00   -999.25 -1.90  1049.23 0.00   36.65  11.00  0.06   0.53   
1831029.41 405043.90 -6186.66 "9/11/2015" 34.00  1831029.41 405043.90 -6186.66 5.89   0.00   6.46   0.00   0.69   2441.59 142.00 71.42  8.46   -0.33  -0.94  0.00   0.94   -0.33  0.03   0.81   3.77   0.18   0.90   0.95   0.85   0.83   4.82   0.24   0.51   0.46   3.00   0.00   -999.25 -1.55  3510.76 0.01   33.37  11.00  0.29   0.50   
1831608.26 405249.89 -6408.31 "9/11/2015" 35.00  1831608.26 405249.89 -6408.31 3.71   3.00   2.81   0.00   2.26   2075.83 170.60 37.24  22.84  0.51   0.86   -0.00  0.80   -0.48  0.36   0.65   3.19   0.02   0.66   0.84   0.85   0.78   2.07   0.04   0.28   0.14   3.00   0.00   -999.25 -2.30  261.40 0.00   16.21  11.00  0.19   1.26   
1831193.99 405032.14 -5969.26 "9/11/2015" 36.00  1831193.99 405032.14 -5969.26 3.59   0.00   4.21   0.00   0.42   2251.59 194.98 82.82  40.08  -0.36  -0.93  0.00   0.90   -0.34  0.25   0.85   3.32   0.05   0.79   0.85   0.86   0.77   2.78   0.08   0.26   0.30   3.00   0.00   -999.25 -1.64  2583.43 0.01   38.78  11.00  0.13   0.44   
1831205.02 405133.33 -5990.26 "9/11/2015" 37.00  1831205.02 405133.33 -5990.26 8.68   0.00   9.60   0.00   0.82   2281.22 86.96  72.68  38.55  -0.39  -0.92  0.00   0.90   -0.38  0.21   0.03   3.95   0.27   0.91   0.97   0.85   0.84   6.88   0.34   0.75   0.40   3.00   0.00   -999.25 -1.41  5586.37 0.02   39.71  11.00  0.27   0.47   
1831421.68 404885.71 -6200.56 "9/11/2015" 39.00  1831421.68 404885.71 -6200.56 2.19   0.00   2.43   0.00   1.81   2031.85 243.31 104.99 43.30  -0.33  -0.95  -0.00  0.94   -0.33  0.06   0.39   3.06   0.02   0.80   0.83   0.83   0.74   1.95   0.03   0.23   0.16   3.00   0.00   -999.25 -1.88  1134.33 0.00   32.16  11.00  0.10   0.36   
1830891.17 404860.59 -6312.50 "9/11/2015" 40.00  1830891.17 404860.59 -6312.50 2.20   3.00   3.14   0.00   0.23   2545.56 110.96 33.71  20.67  0.25   0.97   -0.00  0.94   -0.24  0.25   0.94   3.03   0.02   0.74   0.73   0.75   0.58   2.22   0.04   0.14   0.30   3.00   0.00   -999.25 -2.19  379.14 0.00   13.84  10.00  0.43   0.13   
1831360.64 404806.13 -6402.21 "9/11/2015" 41.00  1831360.64 404806.13 -6402.21 2.94   3.00   3.53   0.00   0.39   2121.28 127.77 37.16  22.99  0.28   0.96   0.00   0.89   -0.26  0.37   0.73   3.27   0.07   0.82   0.81   0.80   0.69   2.90   0.09   0.26   0.33   3.00   0.00   -999.25 -2.38  194.94 0.00   14.86  9.00   0.18   0.38   
1831423.26 405129.23 -6304.04 "9/11/2015" 43.00  1831423.26 405129.23 -6304.04 2.06   3.00   2.15   0.00   0.66   2145.73 159.66 34.95  19.62  0.43   0.90   0.00   0.87   -0.41  0.28   0.43   2.94   0.05   0.68   0.60   0.81   0.54   1.99   0.06   0.21   0.19   3.00   0.00   -999.25 -2.27  284.82 0.00   13.94  11.00  0.32   0.58   
1831116.06 404935.88 -6029.03 "9/11/2015" 44.00  1831116.06 404935.88 -6029.03 2.45   0.00   2.75   0.00   1.30   2300.80 476.81 87.60  40.64  -0.31  -0.95  0.00   0.91   -0.29  0.28   0.72   3.16   0.03   0.84   0.86   0.81   0.73   2.32   0.06   0.29   0.17   3.00   0.00   -999.25 -1.79  1519.82 0.00   30.70  11.00  0.16   0.60   
1831128.82 405168.46 -6237.27 "9/11/2015" 45.00  1831128.82 405168.46 -6237.27 7.60   0.00   8.10   0.00   0.58   2405.51 127.56 70.48  15.99  -0.39  -0.92  0.00   0.92   -0.39  0.06   0.67   3.90   0.28   0.93   0.95   0.94   0.92   5.92   0.32   0.64   0.47   3.00   0.00   -999.25 -1.86  1217.80 0.00   22.00  11.00  0.35   0.19   
1831221.61 405028.52 -6068.45 "9/11/2015" 46.00  1831221.61 405028.52 -6068.45 1.90   0.00   2.18   0.00   0.81   2238.01 459.62 88.34  53.41  -0.35  -0.94  0.00   0.93   -0.35  -0.08  0.43   3.09   0.02   0.76   0.82   0.86   0.74   1.76   0.03   0.18   0.17   3.00   0.00   -999.25 -1.73  1846.07 0.01   40.30  11.00  0.09   0.47   
1831075.51 405160.26 -6250.26 "9/11/2015" 47.00  1831075.51 405160.26 -6250.26 7.67   0.00   8.73   0.00   0.73   2453.20 140.45 70.25  45.73  -0.38  -0.92  0.00   0.91   -0.38  0.18   0.64   4.12   0.33   0.95   0.96   0.92   0.91   6.35   0.37   0.74   0.47   3.00   0.00   -999.25 -1.65  2514.84 0.01   27.96  11.00  0.35   0.28   
1831118.83 405169.57 -6097.45 "9/11/2015" 48.00  1831118.83 405169.57 -6097.45 8.22   0.00   8.35   0.00   0.70   2388.74 147.11 91.96  27.52  -0.39  -0.92  0.00   0.92   -0.39  -0.02  0.40   3.67   0.15   0.94   0.97   0.89   0.88   4.55   0.17   0.39   0.40   3.00   0.00   -999.25 -1.42  5389.59 0.02   36.85  11.00  0.33   0.20   
1831499.43 405360.97 -6254.75 "9/11/2015" 49.00  1831499.43 405360.97 -6254.75 2.00   0.00   2.22   0.00   0.67   2175.71 232.97 81.35  49.37  -0.53  -0.85  0.00   0.83   -0.52  0.19   0.47   3.07   0.02   0.83   0.78   0.86   0.71   1.83   0.03   0.20   0.16   3.00   0.00   -999.25 -1.93  947.81 0.00   24.50  11.00  0.20   0.47   
1831551.54 405398.72 -6252.67 "9/11/2015" 50.00  1831551.54 405398.72 -6252.67 9.06   0.00   10.31  0.00   1.05   2152.52 103.65 70.82  44.53  -0.55  -0.84  0.00   0.82   -0.54  0.17   1.00   4.21   0.37   0.94   0.96   0.94   0.92   7.94   0.42   0.82   0.47   3.00   0.00   -999.25 -1.80  1472.26 0.01   25.24  11.00  0.28   0.54   
1831097.92 405185.99 -6250.08 "9/11/2015" 51.00  1831097.92 405185.99 -6250.08 13.13  0.00   14.83  0.00   1.09   2442.75 70.65  70.31  45.70  0.29   0.96   -0.02  -0.94  0.28   -0.18  0.62   4.28   0.38   0.86   0.98   0.92   0.92   12.43  0.44   0.87   0.49   3.00   0.00   -999.25 -1.48  4448.49 0.02   22.30  11.00  1.22   0.37   
1831045.57 405208.81 -6229.77 "9/11/2015" 52.00  1831045.57 405208.81 -6229.77 4.82   0.00   4.92   0.00   0.51   2494.27 188.29 88.76  21.63  -0.40  -0.92  -0.00  0.92   -0.40  0.05   0.55   3.32   0.06   0.90   0.93   0.92   0.88   2.54   0.07   0.26   0.25   3.00   0.00   -999.25 -1.73  1899.67 0.01   31.03  11.00  0.19   0.24   
1831035.08 405081.23 -6071.05 "9/11/2015" 53.00  1831035.08 405081.23 -6071.05 2.84   0.00   3.13   0.00   0.90   2429.36 180.31 70.84  21.51  -0.35  -0.94  -0.00  0.94   -0.35  -0.02  0.38   3.33   0.05   0.87   0.92   0.86   0.83   2.51   0.06   0.31   0.19   3.00   0.00   -999.25 -1.60  2937.45 0.01   49.49  11.00  0.07   0.40   
1831883.10 405107.44 -6383.23 "9/11/2015" 55.00  1831883.10 405107.44 -6383.23 2.56   0.00   2.59   0.00   0.72   1777.94 198.87 126.32 55.19  -0.52  -0.85  0.00   0.81   -0.50  0.30   0.65   2.96   0.03   0.74   0.59   0.78   0.58   1.90   0.04   0.19   0.19   3.00   0.00   -999.25 -2.41  179.60 0.00   13.73  10.00  0.21   0.40   
1831587.02 405357.58 -6210.16 "9/11/2015" 56.00  1831587.02 405357.58 -6210.16 3.97   0.00   4.26   0.00   1.12   2091.53 175.34 68.67  32.23  -0.54  -0.84  0.00   0.84   -0.54  0.01   0.08   3.53   0.11   0.92   0.93   0.94   0.90   3.50   0.13   0.45   0.25   3.00   0.00   -999.25 -1.97  821.52 0.00   26.95  11.00  0.13   0.57   
1831045.51 405082.23 -6044.70 "9/11/2015" 59.00  1831045.51 405082.23 -6044.70 5.54   0.00   5.73   0.00   1.00   2416.33 89.96  69.14  40.47  -0.35  -0.94  0.00   0.94   -0.35  -0.02  0.92   3.64   0.12   0.93   0.97   0.89   0.88   3.96   0.15   0.48   0.31   3.00   0.00   -999.25 -0.86  37308.60 0.11   90.18  11.00  0.15   0.55   
1831157.51 405087.27 -5879.27 "9/11/2015" 58.00  1831157.51 405087.27 -5879.27 3.91   0.00   4.29   0.00   1.57   2297.05 121.84 81.45  19.87  -0.37  -0.93  -0.00  0.92   -0.37  0.09   0.43   3.43   0.08   0.89   0.95   0.88   0.86   3.37   0.10   0.45   0.21   3.00   0.00   -999.25 -2.03  668.46 0.00   20.43  11.00  0.24   0.30   
1831518.45 405352.61 -6247.83 "9/11/2015" 60.00  1831518.45 405352.61 -6247.83 6.63   0.00   7.57   0.00   1.61   2154.08 71.22  62.04  17.56  -0.85  0.52   -0.07  -0.52  -0.85  0.00   0.28   4.14   0.29   0.88   0.98   0.91   0.91   6.90   0.35   0.86   0.37   3.00   0.00   -999.25 -1.82  1393.59 0.00   21.30  11.00  0.44   0.77   
1831266.83 405162.38 -6150.87 "9/11/2015" 62.00  1831266.83 405162.38 -6150.87 2.36   0.00   2.62   0.00   0.85   2261.83 293.20 117.77 32.62  -0.41  -0.91  0.00   0.91   -0.41  -0.05  0.64   2.95   0.03   0.80   0.80   0.87   0.76   1.99   0.04   0.23   0.16   3.00   0.00   -999.25 -1.76  1687.60 0.00   35.95  10.00  0.11   0.35   
1831072.36 405223.02 -6083.43 "9/11/2015" 63.00  1831072.36 405223.02 -6083.43 2.30   3.00   2.23   0.00   1.02   2449.72 74.07  38.27  2.86   0.40   0.91   0.00   0.91   -0.40  -0.01  0.51   2.09   0.01   0.80   0.83   0.88   0.78   2.09   0.04   0.24   0.18   3.00   0.00   -999.25 -1.77  1637.41 0.00   43.92  11.00  0.06   0.40   
1831282.36 404850.31 -6187.41 "9/11/2015" 65.00  1831282.36 404850.31 -6187.41 2.48   0.00   2.29   0.00   0.81   2147.43 394.27 196.76 13.93  -0.27  -0.96  0.01   0.96   -0.27  0.03   0.52   2.81   0.01   0.64   0.59   0.74   0.50   1.61   0.02   0.15   0.17   3.00   0.00   -999.25 -1.97  812.93 0.00   24.83  11.00  0.16   0.36   
1831519.06 404942.80 -6402.53 "9/11/2015" 66.00  1831519.06 404942.80 -6402.53 11.25  0.00   11.60  0.00   0.33   2021.48 95.50  80.13  52.04  -0.36  -0.93  0.01   0.87   -0.33  0.36   0.11   4.02   0.28   0.95   0.95   0.87   0.86   7.56   0.34   0.61   0.55   3.00   0.00   -999.25 -2.12  487.46 0.00   18.65  11.00  0.23   0.31   
1831612.16 405087.93 -6331.98 "9/11/2015" 67.00  1831612.16 405087.93 -6331.98 1.64   3.00   2.13   0.00   0.58   1974.16 116.98 35.25  20.41  0.45   0.89   -0.00  0.86   -0.43  0.27   0.29   2.89   0.01   0.63   0.59   0.85   0.56   1.64   0.03   0.16   0.17   3.00   0.00   -999.25 -2.26  300.84 0.00   20.54  10.00  0.11   0.49   
1831367.32 404995.20 -6049.47 "9/11/2015" 69.00  1831367.32 404995.20 -6049.47 1.92   0.00   2.22   0.00   0.98   2088.90 210.30 69.30  44.03  -0.37  -0.93  -0.00  0.93   -0.37  0.03   0.17   2.96   0.02   0.62   0.72   0.85   0.64   1.66   0.03   0.17   0.16   3.00   0.00   -999.25 -1.86  1202.90 0.00   36.45  10.00  0.08   0.52   
1831090.46 405208.18 -6090.77 "9/11/2015" 71.00  1831090.46 405208.18 -6090.77 4.03   0.00   4.38   0.00   0.79   2428.54 131.70 68.55  20.37  -0.40  -0.92  0.00   0.92   -0.40  -0.02  0.08   3.37   0.06   0.92   0.95   0.90   0.88   2.90   0.08   0.36   0.22   3.00   0.00   -999.25 -1.53  3699.48 0.01   43.58  11.00  0.14   0.22   
1831149.98 405085.84 -5967.83 "9/11/2015" 72.00  1831149.98 405085.84 -5967.83 2.77   0.00   3.20   0.00   0.74   2311.40 162.92 76.24  34.62  -0.36  -0.93  -0.00  0.90   -0.35  0.24   0.56   3.25   0.05   0.92   0.89   0.84   0.77   2.41   0.06   0.27   0.21   3.00   0.00   -999.25 -2.13  464.98 0.00   20.60  11.00  0.16   0.28   
1831732.66 405303.02 -6239.84 "9/11/2015" 73.00  1831732.66 405303.02 -6239.84 4.65   0.00   5.21   0.00   0.63   1952.38 178.29 83.62  24.18  -0.56  -0.83  0.00   0.83   -0.56  0.08   0.76   3.49   0.09   0.91   0.92   0.89   0.85   3.49   0.12   0.32   0.36   3.00   0.00   -999.25 -2.02  677.34 0.00   19.85  11.00  0.26   0.21   
1831307.86 405124.42 -6141.97 "9/11/2015" 74.00  1831307.86 405124.42 -6141.97 2.29   0.00   2.51   0.00   1.00   2208.13 430.02 150.31 40.75  -0.40  -0.92  0.00   0.92   -0.40  -0.04  0.62   2.43   0.01   0.67   0.71   0.85   0.66   1.38   0.02   0.17   0.11   3.00   0.00   -999.25 -1.74  1824.28 0.00   37.43  11.00  0.11   0.46   
1831086.28 405019.08 -6210.06 "9/11/2015" 75.00  1831086.28 405019.08 -6210.06 6.88   0.00   7.57   0.00   0.53   2385.61 204.43 68.17  31.84  -0.33  -0.94  0.00   0.94   -0.33  -0.00  0.28   3.78   0.25   0.94   0.95   0.88   0.86   5.45   0.29   0.50   0.50   3.00   0.00   -999.25 -1.71  2039.38 0.01   26.46  11.00  0.33   0.19   
1831191.25 405157.88 -5950.39 "9/11/2015" 76.00  1831191.25 405157.88 -5950.39 2.87   0.00   3.21   0.00   1.16   2299.04 238.67 75.91  34.56  -0.40  -0.92  0.00   0.89   -0.39  0.24   0.20   3.17   0.04   0.82   0.84   0.78   0.68   2.42   0.06   0.30   0.18   3.00   0.00   -999.25 -2.13  462.93 0.00   19.86  11.00  0.18   0.43   
1831466.88 404899.25 -6071.32 "9/11/2015" 77.00  1831466.88 404899.25 -6071.32 2.17   3.00   2.40   0.00   0.73   1967.53 201.39 35.43  18.84  0.34   0.94   0.00   0.90   -0.32  0.30   0.42   2.90   0.01   0.63   0.73   0.87   0.69   1.73   0.03   0.14   0.21   3.00   0.00   -999.25 -1.86  1182.39 0.00   33.03  11.00  0.10   0.44   
1831268.84 405157.05 -5904.81 "9/11/2015" 78.00  1831268.84 405157.05 -5904.81 8.66   0.00   9.07   0.00   0.75   2223.85 73.04  65.64  25.20  -0.90  0.41   -0.13  -0.41  -0.91  0.00   0.41   3.89   0.22   0.92   0.98   0.88   0.88   5.33   0.25   0.63   0.39   3.00   0.00   -999.25 -1.50  4170.82 0.02   35.41  11.00  0.29   0.26   
1831077.19 405057.95 -6017.25 "9/11/2015" 79.00  1831077.19 405057.95 -6017.25 2.13   0.00   2.50   0.00   1.01   2374.93 174.92 78.23  38.87  -0.35  -0.94  0.00   0.89   -0.33  0.30   0.84   2.95   0.02   0.79   0.80   0.79   0.67   1.94   0.04   0.23   0.16   3.00   0.00   -999.25 -2.07  574.36 0.00   20.42  10.00  0.21   0.42   
1831165.40 405037.34 -6189.39 "9/11/2015" 80.00  1831165.40 405037.34 -6189.39 2.46   0.00   2.84   0.00   0.95   2314.63 140.42 69.49  8.39   -0.35  -0.94  0.00   0.94   -0.35  0.03   0.45   3.31   0.05   0.81   0.85   0.90   0.80   2.51   0.06   0.31   0.19   3.00   0.00   -999.25 -2.04  638.12 0.00   22.28  11.00  0.18   0.44   
1831283.78 405259.24 -6131.05 "9/11/2015" 81.00  1831283.78 405259.24 -6131.05 4.59   0.00   5.06   0.00   0.94   2284.26 101.22 67.78  18.44  -0.45  -0.90  -0.00  0.89   -0.45  -0.04  0.01   3.59   0.10   0.91   0.96   0.84   0.82   3.84   0.13   0.51   0.26   3.00   0.00   -999.25 -1.41  5593.33 0.01   67.17  11.00  0.06   0.28   
1831143.20 405212.73 -6135.69 "9/11/2015" 82.00  1831143.20 405212.73 -6135.69 12.17  0.00   12.52  0.00   0.56   2390.19 69.59  68.19  17.59  -0.41  -0.91  -0.01  0.91   -0.41  -0.05  0.42   3.95   0.29   0.96   0.98   0.87   0.87   8.37   0.34   0.79   0.44   3.00   0.00   -999.25 -1.39  6072.47 0.02   24.84  11.00  1.20   0.17   
1831662.01 405362.53 -6234.81 "9/11/2015" 85.00  1831662.01 405362.53 -6234.81 3.93   0.00   4.23   0.00   0.54   2039.80 160.01 72.84  19.00  -0.57  -0.82  -0.00  0.82   -0.57  0.07   0.52   3.45   0.10   0.86   0.91   0.91   0.86   3.46   0.13   0.35   0.33   3.00   0.00   -999.25 -1.97  806.07 0.00   26.89  11.00  0.13   0.25   
1831133.05 405161.33 -6220.58 "9/11/2015" 86.00  1831133.05 405161.33 -6220.58 4.48   0.00   4.78   0.00   0.76   2395.42 94.91  70.26  16.03  -0.39  -0.92  -0.00  0.92   -0.39  0.06   0.81   3.58   0.10   0.89   0.93   0.93   0.89   3.44   0.12   0.39   0.30   3.00   0.00   -999.25 -2.01  722.06 0.00   20.34  11.00  0.26   0.27   
1831111.52 405178.02 -6142.17 "9/11/2015" 87.00  1831111.52 405178.02 -6142.17 2.28   0.00   2.68   0.00   0.83   2406.14 256.27 76.26  18.78  -0.39  -0.92  -0.00  0.92   -0.39  -0.04  0.39   2.73   0.03   0.83   0.90   0.91   0.86   2.20   0.05   0.26   0.19   3.00   0.00   -999.25 -1.79  1514.07 0.00   32.43  11.00  0.13   0.25   
1831157.58 405599.53 -6191.77 "9/11/2015" 88.00  1831157.58 405599.53 -6191.77 2.45   3.00   2.87   0.00   0.60   2568.91 203.95 32.25  11.48  0.54   0.84   -0.00  0.84   -0.53  0.08   0.89   3.03   0.02   0.70   0.74   0.80   0.63   2.05   0.04   0.21   0.20   3.00   0.00   -999.25 -1.71  2045.70 0.01   34.34  11.00  0.15   0.47   
1831448.44 405225.99 -6194.50 "9/11/2015" 89.00  1831448.44 405225.99 -6194.50 3.98   0.00   3.07   0.00   0.46   2138.89 300.39 186.85 54.39  -0.47  -0.88  0.00   0.88   -0.47  0.06   0.85   3.07   0.03   0.73   0.73   0.79   0.64   2.30   0.04   0.13   0.33   3.00   0.00   -999.25 -1.90  1035.59 0.00   24.80  11.00  0.21   0.26   
1831391.32 405447.47 -6218.32 "9/11/2015" 90.00  1831391.32 405447.47 -6218.32 2.48   3.00   3.07   0.00   0.41   2301.07 257.61 32.09  21.72  0.54   0.84   0.00   0.84   -0.53  0.14   0.08   3.13   0.03   0.78   0.75   0.82   0.68   2.25   0.05   0.21   0.24   3.00   0.00   -999.25 -1.86  1206.35 0.00   32.70  11.00  0.10   0.23   
1830862.66 405210.67 -6472.24 "9/11/2015" 91.00  1830862.66 405210.67 -6472.24 14.55  0.00   14.77  0.00   0.81   2717.72 78.71  77.22  37.76  -0.91  0.34   -0.23  -0.35  -0.94  0.00   0.37   3.98   0.31   0.96   0.98   0.90   0.89   8.53   0.36   0.80   0.45   3.00   0.00   -999.25 -1.48  4388.47 0.02   22.44  11.00  1.18   0.21   
1831584.75 405286.76 -6159.35 "9/11/2015" 92.00  1831584.75 405286.76 -6159.35 2.77   0.00   3.04   0.00   1.48   2045.07 238.94 109.75 34.31  -0.52  -0.85  0.00   0.85   -0.52  -0.06  0.23   3.36   0.06   0.80   0.91   0.87   0.83   2.66   0.07   0.35   0.18   3.00   0.00   -999.25 -2.06  593.77 0.00   21.36  11.00  0.19   0.45   
1831184.93 404975.78 -6243.82 "9/11/2015" 93.00  1831184.93 404975.78 -6243.82 2.10   0.00   2.57   0.00   0.69   2288.13 511.76 70.76  16.70  -0.33  -0.95  0.00   0.94   -0.32  0.06   0.32   3.06   0.02   0.77   0.78   0.82   0.70   1.89   0.04   0.20   0.18   3.00   0.00   -999.25 -2.04  637.02 0.00   24.07  11.00  0.14   0.34   
1831010.82 405273.90 -6162.28 "9/11/2015" 94.00  1831010.82 405273.90 -6162.28 5.89   0.00   6.26   0.00   0.87   2538.42 247.15 107.27 12.56  -0.41  -0.91  -0.00  0.91   -0.41  0.03   0.99   3.77   0.18   0.91   0.93   0.92   0.88   4.56   0.22   0.58   0.33   3.00   0.00   -999.25 -1.66  2379.64 0.01   29.64  11.00  0.28   0.31   
1831345.33 405290.30 -6191.17 "9/11/2015" 95.00  1831345.33 405290.30 -6191.17 4.99   0.00   5.36   0.00   1.07   2256.55 530.62 68.25  32.04  -0.48  -0.88  -0.00  0.88   -0.48  0.00   0.61   3.53   0.12   0.82   0.84   0.92   0.79   3.70   0.14   0.47   0.27   3.00   0.00   -999.25 -1.88  1114.31 0.00   29.18  11.00  0.14   0.28   
1831119.61 405262.36 -6040.76 "9/11/2015" 96.00  1831119.61 405262.36 -6040.76 2.79   0.00   3.02   0.00   0.67   2417.23 153.95 68.83  40.45  -0.43  -0.90  -0.00  0.90   -0.43  -0.02  0.66   3.24   0.04   0.83   0.85   0.85   0.77   2.34   0.06   0.27   0.20   3.00   0.00   -999.25 -1.92  990.40 0.00   26.22  11.00  0.17   0.28   
1831215.39 405258.85 -6216.26 "9/11/2015" 97.00  1831215.39 405258.85 -6216.26 3.94   0.00   4.50   0.00   0.83   2360.85 175.93 68.29  31.89  -0.43  -0.90  0.00   0.90   -0.43  -0.00  0.21   3.56   0.12   0.84   0.85   0.93   0.82   3.75   0.16   0.44   0.31   3.00   0.00   -999.25 -1.92  985.47 0.00   24.77  11.00  0.20   0.37   
1831314.25 405338.24 -6202.80 "9/11/2015" 99.00  1831314.25 405338.24 -6202.80 2.22   0.00   2.37   0.00   1.20   2308.12 375.43 125.19 60.48  -0.49  -0.87  -0.00  0.87   -0.49  -0.02  0.84   3.01   0.02   0.71   0.78   0.90   0.75   1.89   0.04   0.24   0.13   3.00   0.00   -999.25 -2.00  741.03 0.00   21.18  10.00  0.24   0.48   
1831319.86 405323.06 -6177.62 "9/11/2015" 100.00 1831319.86 405323.06 -6177.62 2.83   0.00   2.91   0.00   0.78   2290.97 166.88 78.51  10.04  -0.48  -0.87  -0.00  0.87   -0.48  0.02   0.65   3.03   0.04   0.84   0.85   0.85   0.76   2.24   0.05   0.26   0.19   3.00   0.00   -999.25 -1.76  1683.07 0.00   34.92  11.00  0.12   0.33   
1831401.85 405182.75 -6238.70 "9/11/2015" 101.00 1831401.85 405182.75 -6238.70 3.11   0.00   3.70   0.00   0.49   2170.17 326.35 71.22  17.44  -0.44  -0.90  0.00   0.89   -0.44  0.07   0.06   3.32   0.05   0.85   0.85   0.91   0.82   2.77   0.07   0.26   0.29   3.00   0.00   -999.25 -1.88  1101.96 0.00   32.97  11.00  0.09   0.25   
1831360.67 405296.13 -6255.48 "9/11/2015" 102.00 1831360.67 405296.13 -6255.48 8.37   0.00   8.94   0.00   0.59   2260.50 72.88  70.63  45.04  0.46   0.89   -0.00  0.87   -0.46  0.18   0.02   4.02   0.28   0.95   0.96   0.94   0.92   5.55   0.31   0.65   0.45   3.00   0.00   -999.25 -1.62  2783.70 0.01   29.59  11.00  0.33   0.29   
1831294.87 405175.57 -6209.03 "9/11/2015" 103.00 1831294.87 405175.57 -6209.03 2.05   0.00   2.47   0.00   0.65   2254.19 177.79 69.68  33.02  -0.42  -0.91  0.00   0.91   -0.42  -0.00  0.24   3.02   0.03   0.74   0.77   0.88   0.73   1.89   0.04   0.20   0.18   3.00   0.00   -999.25 -2.11  509.44 0.00   21.58  11.00  0.15   0.35   
1831403.57 405334.87 -6172.35 "9/11/2015" 104.00 1831403.57 405334.87 -6172.35 2.72   0.00   3.00   0.00   0.96   2224.12 237.78 77.59  10.14  -0.50  -0.87  -0.00  0.87   -0.50  0.03   0.60   2.85   0.03   0.78   0.78   0.84   0.69   2.04   0.04   0.22   0.19   3.00   0.00   -999.25 -1.93  944.65 0.00   27.87  11.00  0.13   0.40   
1831229.27 405153.03 -6172.49 "9/11/2015" 106.00 1831229.27 405153.03 -6172.49 14.13  0.00   14.96  0.00   0.48   2295.94 71.22  66.59  8.85   -0.91  0.42   -0.03  -0.42  -0.91  -0.00  0.58   3.98   0.40   0.96   0.98   0.92   0.91   10.86  0.46   0.74   0.58   3.00   0.00   -999.25 -1.47  4627.95 0.01   27.77  11.00  0.66   0.24   
1831429.96 404822.29 -6191.91 "9/11/2015" 107.00 1831429.96 404822.29 -6191.91 2.00   3.00   2.29   0.00   1.08   2003.03 178.70 32.65  12.71  0.30   0.96   0.00   0.95   -0.29  0.10   0.84   2.83   0.01   0.67   0.65   0.70   0.53   1.50   0.02   0.16   0.14   3.00   0.00   -999.25 -2.10  525.39 0.00   21.02  9.00   0.17   0.40   
1831293.87 405274.71 -6232.40 "9/11/2015" 108.00 1831293.87 405274.71 -6232.40 3.25   0.00   3.74   0.00   0.39   2302.84 253.24 75.85  19.07  -0.46  -0.89  -0.00  0.89   -0.46  0.06   0.94   3.16   0.06   0.80   0.72   0.82   0.66   2.89   0.09   0.25   0.33   3.00   0.00   -999.25 -1.88  1104.39 0.00   37.23  11.00  0.07   0.20   
1831311.46 405262.22 -6195.47 "9/11/2015" 109.00 1831311.46 405262.22 -6195.47 7.07   0.00   7.40   0.00   0.90   2273.99 113.56 68.56  55.15  -0.89  0.46   0.02   -0.46  -0.89  0.00   0.02   4.02   0.31   0.94   0.96   0.92   0.91   6.02   0.34   0.73   0.42   3.00   0.00   -999.25 -1.71  2038.07 0.01   23.96  11.00  0.45   0.28   
1831275.76 405230.80 -6237.88 "9/11/2015" 110.00 1831275.76 405230.80 -6237.88 8.89   0.00   9.64   0.00   1.38   2300.63 70.72  66.21  16.62  -0.90  0.44   -0.06  -0.44  -0.90  -0.00  0.37   4.03   0.28   0.85   0.98   0.95   0.95   8.61   0.33   0.85   0.37   3.00   0.00   -999.25 -1.50  4073.04 0.01   29.70  11.00  0.47   0.44   
1831643.96 405362.72 -6234.91 "9/11/2015" 112.00 1831643.96 405362.72 -6234.91 1.85   3.00   2.44   0.00   0.55   2054.35 237.16 32.92  20.46  0.56   0.83   0.00   0.81   -0.55  0.21   0.32   2.85   0.02   0.64   0.61   0.85   0.57   1.72   0.03   0.16   0.19   3.00   0.00   -999.25 -2.30  265.46 0.00   14.69  11.00  0.25   0.28   
1831572.75 405618.59 -6231.04 "9/11/2015" 113.00 1831572.75 405618.59 -6231.04 2.57   3.00   2.76   0.00   0.60   2256.73 192.63 32.57  20.98  0.62   0.78   -0.00  0.77   -0.61  0.19   0.39   3.14   0.03   0.78   0.79   0.91   0.77   2.06   0.04   0.20   0.21   3.00   0.00   -999.25 -1.80  1444.99 0.00   44.20  11.00  0.05   0.32   
1831502.24 405161.74 -6205.16 "9/11/2015" 114.00 1831502.24 405161.74 -6205.16 2.06   3.00   2.22   0.00   0.61   2065.95 143.44 31.61  7.73   0.46   0.89   0.00   0.89   -0.46  -0.03  0.78   2.76   0.01   0.71   0.63   0.71   0.52   1.61   0.03   0.13   0.19   3.00   0.00   -999.25 -2.25  308.49 0.00   15.52  11.00  0.25   0.32   
1831275.83 405235.96 -6138.08 "9/11/2015" 115.00 1831275.83 405235.96 -6138.08 4.92   0.00   5.33   0.00   0.94   2282.32 87.43  67.91  18.46  -0.45  -0.89  -0.00  0.89   -0.45  -0.05  0.21   2.98   0.09   0.92   0.96   0.89   0.88   3.78   0.15   0.48   0.28   3.00   0.00   -999.25 -1.43  5203.22 0.01   49.80  11.00  0.13   0.34   
1831385.52 404917.76 -6262.12 "9/11/2015" 116.00 1831385.52 404917.76 -6262.12 2.56   0.00   2.87   0.00   0.87   2090.46 471.47 72.04  44.90  -0.34  -0.94  0.00   0.93   -0.33  0.17   0.15   3.22   0.03   0.85   0.86   0.90   0.83   2.16   0.04   0.24   0.19   3.00   0.00   -999.25 -1.80  1458.56 0.01   32.85  11.00  0.12   0.26   
1831545.07 404979.72 -6226.81 "9/11/2015" 117.00 1831545.07 404979.72 -6226.81 2.21   0.00   2.65   0.00   0.86   1959.11 234.82 178.10 49.27  -0.39  -0.92  -0.00  0.92   -0.39  0.08   0.07   2.96   0.01   0.75   0.77   0.90   0.67   1.55   0.02   0.16   0.16   3.00   0.00   -999.25 -2.30  261.26 0.00   15.21  11.00  0.23   0.41   
1831327.99 405277.80 -6191.31 "9/11/2015" 118.00 1831327.99 405277.80 -6191.31 2.24   0.00   2.50   0.00   1.07   2265.82 324.91 68.22  32.03  -0.47  -0.88  -0.00  0.88   -0.47  0.00   0.68   3.17   0.03   0.82   0.84   0.87   0.78   1.97   0.04   0.25   0.15   3.00   0.00   -999.25 -2.15  444.37 0.00   17.58  11.00  0.25   0.35   
1831272.42 405152.20 -6095.53 "9/11/2015" 119.00 1831272.42 405152.20 -6095.53 2.33   0.00   2.75   0.00   0.59   2242.74 285.96 68.63  22.71  -0.41  -0.91  0.00   0.91   -0.41  -0.02  0.35   3.15   0.04   0.84   0.80   0.83   0.74   2.20   0.05   0.24   0.20   3.00   0.00   -999.25 -1.69  2175.83 0.01   49.65  10.00  0.05   0.48   
1830773.95 404903.45 -6244.58 "9/11/2015" 120.00 1830773.95 404903.45 -6244.58 2.57   0.00   2.78   0.00   1.23   2652.19 265.20 69.84  14.68  -0.26  -0.97  -0.00  0.97   -0.26  0.04   0.86   3.25   0.03   0.84   0.90   0.87   0.83   2.20   0.05   0.28   0.16   3.00   0.00   -999.25 -2.22  347.07 0.00   13.12  11.00  0.47   0.47   
1830765.10 405004.62 -5999.03 "9/11/2015" 121.00 1830765.10 405004.62 -5999.03 3.82   3.00   4.27   0.00   1.15   2650.22 196.32 49.66  28.32  0.29   0.96   -0.00  0.92   -0.28  0.28   0.27   3.16   0.08   0.85   0.90   0.85   0.80   3.41   0.12   0.46   0.23   3.00   0.00   -999.25 -1.98  782.57 0.00   17.35  11.00  0.46   0.25   
1831213.45 405150.71 -5951.63 "9/11/2015" 122.00 1831213.45 405150.71 -5951.63 6.64   0.00   7.07   0.00   0.97   2276.08 109.91 75.81  34.49  -0.40  -0.92  0.00   0.89   -0.38  0.24   0.22   3.74   0.17   0.91   0.95   0.86   0.83   4.57   0.21   0.57   0.34   3.00   0.00   -999.25 -1.67  2300.91 0.01   28.18  11.00  0.31   0.60   
1831176.08 405061.90 -6036.50 "9/11/2015" 123.00 1831176.08 405061.90 -6036.50 13.74  0.00   13.73  0.00   0.41   2287.14 88.54  66.76  47.10  -0.89  0.34   -0.32  -0.36  -0.93  0.00   0.51   3.99   0.29   0.80   0.98   0.89   0.88   9.67   0.34   0.71   0.40   3.00   0.01   -999.25 -1.16  13373.71 0.04   28.55  11.00  1.75   0.27   
1831553.15 405170.90 -5884.39 "9/11/2015" 124.00 1831553.15 405170.90 -5884.39 2.36   0.00   2.89   0.00   0.62   1973.84 516.92 224.27 49.03  -0.47  -0.88  0.00   0.88   -0.47  0.10   0.36   2.98   0.02   0.66   0.68   0.83   0.60   1.99   0.04   0.16   0.23   3.00   0.00   -999.25 -2.05  620.73 0.00   24.93  11.00  0.12   0.40   
1831695.11 405367.43 -6260.14 "9/11/2015" 125.00 1831695.11 405367.43 -6260.14 3.88   0.00   4.35   0.00   0.55   2022.87 182.13 71.37  43.76  -0.58  -0.82  0.00   0.80   -0.57  0.17   0.88   3.38   0.08   0.83   0.85   0.86   0.79   3.22   0.11   0.32   0.32   3.00   0.00   -999.25 -2.09  539.13 0.00   23.83  11.00  0.12   0.25   
1831630.79 405263.17 -6222.71 "9/11/2015" 126.00 1831630.79 405263.17 -6222.71 3.47   0.00   3.98   0.00   0.57   2009.70 302.31 71.60  18.52  -0.53  -0.85  -0.00  0.85   -0.52  0.07   0.53   3.41   0.07   0.85   0.82   0.93   0.81   3.02   0.10   0.33   0.27   3.00   0.00   -999.25 -2.13  468.83 0.00   19.28  11.00  0.20   0.23   
1831511.97 404832.47 -6352.15 "9/11/2015" 127.00 1831511.97 404832.47 -6352.15 1.91   0.00   2.32   0.00   0.46   1975.70 199.41 88.64  39.69  -0.31  -0.95  -0.00  0.88   -0.29  0.37   0.43   2.97   0.03   0.63   0.64   0.81   0.58   2.01   0.04   0.18   0.22   3.00   0.00   -999.25 -2.32  240.57 0.00   15.89  11.00  0.18   0.32   
1831246.50 404971.56 -6235.11 "9/11/2015" 130.00 1831246.50 404971.56 -6235.11 3.23   0.00   3.51   0.00   0.90   2228.24 264.37 139.91 35.98  -0.34  -0.94  -0.00  0.94   -0.34  0.06   0.55   3.05   0.02   0.86   0.85   0.90   0.81   1.73   0.03   0.17   0.17   3.00   0.00   -999.25 -1.72  1944.33 0.01   35.94  11.00  0.13   0.38   
1830970.31 405125.64 -6194.63 "9/11/2015" 132.00 1830970.31 405125.64 -6194.63 1.95   0.00   2.65   0.00   0.62   2525.20 105.07 67.92  31.57  -0.35  -0.94  -0.00  0.94   -0.35  -0.01  0.14   2.83   0.02   0.68   0.60   0.80   0.49   1.89   0.04   0.19   0.19   3.00   0.00   -999.25 -1.82  1367.50 0.00   29.64  11.00  0.16   0.36   
1831069.58 405138.23 -6197.02 "9/11/2015" 133.00 1831069.58 405138.23 -6197.02 3.96   0.00   4.32   0.00   0.56   2439.43 256.32 68.12  31.74  -0.37  -0.93  0.00   0.93   -0.37  -0.00  0.45   3.28   0.05   0.89   0.86   0.86   0.79   2.75   0.08   0.28   0.27   3.00   0.00   -999.25 -1.93  931.32 0.00   17.62  10.00  0.52   0.27   
1831082.40 405036.75 -6374.90 "9/11/2015" 134.00 1831082.40 405036.75 -6374.90 3.49   0.00   3.67   0.00   0.58   2434.19 136.91 92.57  45.93  -0.33  -0.94  0.00   0.84   -0.30  0.45   0.07   3.40   0.05   0.91   0.94   0.94   0.91   2.47   0.06   0.29   0.21   3.00   0.00   -999.25 -1.96  842.10 0.00   19.64  11.00  0.34   0.25   
1831524.44 405210.02 -6187.04 "9/11/2015" 136.00 1831524.44 405210.02 -6187.04 2.21   0.00   2.49   0.00   0.59   2064.65 190.15 94.94  13.01  -0.48  -0.88  0.00   0.88   -0.48  0.03   0.35   3.13   0.03   0.82   0.83   0.81   0.74   2.01   0.05   0.20   0.20   3.00   0.00   -999.25 -2.21  352.01 0.00   13.94  11.00  0.39   0.29   
1830872.53 405112.84 -6088.48 "9/11/2015" 137.00 1830872.53 405112.84 -6088.48 3.82   0.00   3.91   0.00   0.84   2593.71 133.65 83.16  23.60  -0.33  -0.94  0.00   0.94   -0.33  -0.02  0.32   3.28   0.06   0.94   0.93   0.89   0.87   2.73   0.08   0.33   0.21   3.00   0.00   -999.25 -1.77  1637.95 0.01   28.26  11.00  0.22   0.23   
1831258.98 405403.76 -5948.56 "9/11/2015" 138.00 1831258.98 405403.76 -5948.56 4.60   0.00   5.13   0.00   0.99   2348.25 104.57 73.95  29.07  -0.49  -0.87  -0.00  0.86   -0.49  0.15   0.98   3.58   0.12   0.91   0.95   0.83   0.82   3.81   0.15   0.49   0.27   3.00   0.00   -999.25 -1.37  6436.11 0.02   50.61  11.00  0.15   0.48   
1830135.30 404969.05 -6499.20 "9/11/2015" 139.00 1830135.30 404969.05 -6499.20 3.04   0.00   3.53   0.00   1.05   3328.32 335.74 140.86 70.65  -0.38  0.09   0.92   0.22   0.97   -0.00  0.46   2.50   0.00   0.94   0.97   0.90   0.89   3.06   0.08   0.43   0.18   3.00   0.00   -999.25 -1.67  2275.90 0.00   19.69  11.00  0.91   0.26   
1831784.68 405223.19 -6429.05 "9/11/2015" 140.00 1831784.68 405223.19 -6429.05 1.96   0.00   2.55   0.00   0.60   1929.62 310.39 79.68  51.36  -0.54  -0.84  -0.00  0.79   -0.51  0.33   0.29   2.90   0.02   0.61   0.56   0.84   0.52   1.87   0.04   0.18   0.19   3.00   0.00   -999.25 -2.38  200.77 0.00   16.40  11.00  0.14   0.45   
1831341.92 405301.28 -6232.81 "9/11/2015" 141.00 1831341.92 405301.28 -6232.81 4.67   0.00   5.21   0.00   1.61   2273.66 73.77  72.81  18.33  -0.81  0.59   -0.06  0.59   0.81   0.01   0.73   3.78   0.13   0.89   0.97   0.92   0.90   5.42   0.16   0.75   0.21   3.00   0.00   -999.25 -2.01  712.72 0.00   16.69  11.00  0.47   0.32   
1831072.68 405074.89 -6234.05 "9/11/2015" 142.00 1831072.68 405074.89 -6234.05 3.42   0.00   3.92   0.00   0.57   2421.74 524.44 70.27  15.90  -0.35  -0.94  -0.00  0.93   -0.35  0.06   0.83   3.19   0.06   0.78   0.79   0.87   0.76   2.70   0.08   0.26   0.28   3.00   0.00   -999.25 -1.98  798.23 0.00   25.31  11.00  0.15   0.27   
1831035.74 405118.66 -6169.77 "9/11/2015" 143.00 1831035.74 405118.66 -6169.77 4.29   0.00   4.41   0.00   0.94   2458.09 249.32 69.18  7.94   -0.36  -0.93  -0.00  0.93   -0.36  0.03   0.35   3.12   0.06   0.86   0.89   0.92   0.84   2.86   0.08   0.35   0.23   3.00   0.00   -999.25 -1.72  1970.10 0.01   35.27  11.00  0.14   0.27   
1831316.98 405334.48 -6272.41 "9/11/2015" 145.00 1831316.98 405334.48 -6272.41 9.47   0.00   10.08  0.00   0.45   2319.65 95.38  70.82  45.27  -0.49  -0.87  -0.00  0.86   -0.48  0.18   0.42   4.01   0.28   0.95   0.95   0.88   0.86   6.76   0.33   0.72   0.45   3.00   0.00   -999.25 -1.76  1710.13 0.01   23.80  10.00  0.39   0.13   
1831603.61 405650.81 -6245.25 "9/11/2015" 146.00 1831603.61 405650.81 -6245.25 1.75   0.00   2.13   0.00   0.71   2256.59 511.93 70.92  16.90  -0.65  -0.76  -0.00  0.76   -0.64  0.06   0.05   2.80   0.01   0.73   0.68   0.63   0.48   1.60   0.03   0.18   0.14   3.00   0.00   -999.25 -1.96  836.86 0.00   22.18  8.00   0.23   0.33   
1831383.11 405251.51 -6218.23 "9/11/2015" 147.00 1831383.11 405251.51 -6218.23 5.54   0.00   6.03   0.00   0.81   2212.10 94.01  68.65  32.11  -0.47  -0.88  0.00   0.88   -0.47  0.00   0.24   3.81   0.18   0.92   0.95   0.93   0.91   4.54   0.20   0.57   0.33   3.00   0.00   -999.25 -1.82  1385.89 0.00   24.14  11.00  0.30   0.19   
1831360.20 405292.23 -6214.76 "9/11/2015" 148.00 1831360.20 405292.23 -6214.76 2.63   0.00   3.02   0.00   1.03   2249.75 154.22 68.45  32.06  -0.48  -0.88  0.00   0.88   -0.48  0.00   0.42   3.29   0.05   0.86   0.83   0.87   0.79   2.67   0.06   0.39   0.15   3.00   0.00   -999.25 -1.60  2921.20 0.01   45.18  11.00  0.10   0.48   
1831695.20 405120.39 -6210.00 "9/11/2015" 149.00 1831695.20 405120.39 -6210.00 3.31   3.00   2.84   0.00   0.74   1883.25 157.99 32.24  20.40  0.48   0.88   -0.00  0.87   -0.48  0.12   0.57   2.98   0.02   0.73   0.74   0.75   0.64   1.93   0.03   0.14   0.24   3.00   0.00   -999.25 -2.16  428.50 0.00   21.57  9.00   0.13   0.24   
1831609.43 405031.47 -6232.59 "9/11/2015" 150.00 1831609.43 405031.47 -6232.59 2.18   0.00   3.09   0.00   0.47   1924.17 159.97 72.16  19.18  -0.43  -0.90  -0.00  0.90   -0.42  0.08   0.64   2.87   0.02   0.67   0.62   0.74   0.52   2.06   0.04   0.16   0.25   3.00   0.00   -999.25 -2.22  346.36 0.00   17.33  11.00  0.20   0.25   
1831736.53 405201.24 -6288.19 "9/11/2015" 151.00 1831736.53 405201.24 -6288.19 2.24   0.00   2.65   0.00   0.58   1909.88 179.98 77.40  46.82  -0.53  -0.85  0.00   0.83   -0.52  0.20   0.95   3.02   0.02   0.74   0.72   0.80   0.64   1.92   0.04   0.18   0.20   3.00   0.00   -999.25 -2.34  226.05 0.00   14.21  10.00  0.24   0.27   
1831445.71 405310.84 -6237.07 "9/11/2015" 152.00 1831445.71 405310.84 -6237.07 3.54   0.00   3.66   0.00   0.68   2191.08 170.02 88.70  23.60  -0.50  -0.86  -0.00  0.86   -0.50  0.06   0.15   3.22   0.04   0.90   0.92   0.88   0.85   2.41   0.06   0.26   0.22   3.00   0.00   -999.25 -1.65  2510.81 0.01   43.35  11.00  0.09   0.29   
1831561.94 405383.00 -6123.12 "9/11/2015" 154.00 1831561.94 405383.00 -6123.12 1.85   0.00   2.11   0.00   0.91   2107.03 391.00 85.96  19.61  -0.55  -0.84  0.00   0.84   -0.55  -0.01  0.21   3.07   0.02   0.69   0.86   0.85   0.78   1.71   0.03   0.22   0.13   3.00   0.00   -999.25 -1.70  2062.20 0.01   43.41  11.00  0.08   0.39   
1831759.89 405193.95 -6221.67 "9/11/2015" 155.00 1831759.89 405193.95 -6221.67 2.21   0.00   2.76   0.00   0.51   1868.25 85.81  72.10  19.56  -0.51  -0.86  -0.00  0.86   -0.51  0.08   0.85   2.88   0.03   0.72   0.59   0.70   0.50   1.87   0.04   0.17   0.20   3.00   0.00   -999.25 -2.31  248.40 0.00   15.07  9.00   0.22   0.26   
1831174.63 405910.71 -6514.34 "9/11/2015" 156.00 1831174.63 405910.71 -6514.34 2.09   3.00   2.56   0.00   0.76   2806.44 190.28 54.30  8.19   0.62   0.79   -0.00  0.77   -0.61  -0.19  0.22   2.22   0.01   0.83   0.85   0.85   0.77   2.17   0.05   0.27   0.17   3.00   0.00   -999.25 -1.63  2685.61 0.00   35.84  11.00  0.18   0.32   
1831697.79 405353.36 -6195.49 "9/11/2015" 158.00 1831697.79 405353.36 -6195.49 2.12   0.00   2.23   0.00   0.77   1996.54 250.73 120.32 57.50  -0.57  -0.82  0.00   0.82   -0.57  0.01   0.08   2.94   0.02   0.75   0.68   0.80   0.60   1.83   0.04   0.20   0.16   3.00   0.00   -999.25 -2.09  535.42 0.00   19.22  9.00   0.23   0.37   
1831597.26 405231.80 -5947.50 "9/11/2015" 159.00 1831597.26 405231.80 -5947.50 3.67   3.00   3.56   0.00   0.30   1971.37 107.15 33.01  7.35   0.50   0.86   0.00   0.86   -0.50  0.06   0.33   3.21   0.04   0.93   0.83   0.73   0.68   2.92   0.05   0.14   0.40   3.00   0.00   -999.25 -1.98  787.64 0.00   24.56  10.00  0.16   0.30   
1831626.31 405169.88 -6244.62 "9/11/2015" 160.00 1831626.31 405169.88 -6244.62 4.04   0.00   4.69   0.00   0.33   1973.63 215.29 71.90  18.82  -0.49  -0.87  0.00   0.87   -0.49  0.07   0.67   3.43   0.10   0.85   0.79   0.84   0.72   3.67   0.14   0.32   0.40   3.00   0.00   -999.25 -2.13  468.20 0.00   17.18  11.00  0.28   0.14   
1831580.34 405041.92 -6207.51 "9/11/2015" 161.00 1831580.34 405041.92 -6207.51 1.90   0.00   2.31   0.00   0.47   1947.38 307.70 71.41  34.17  -0.42  -0.91  -0.00  0.91   -0.42  0.01   0.18   2.90   0.02   0.76   0.61   0.83   0.60   1.97   0.04   0.19   0.21   3.00   0.00   -999.25 -2.23  333.72 0.00   17.06  10.00  0.20   0.31   
1831700.97 405292.58 -6259.77 "9/11/2015" 163.00 1831700.97 405292.58 -6259.77 2.20   0.00   2.58   0.00   0.62   1977.53 231.48 71.14  43.49  -0.55  -0.84  -0.00  0.83   -0.54  0.16   0.87   3.02   0.02   0.81   0.74   0.81   0.68   1.89   0.04   0.19   0.19   3.00   0.00   -999.25 -2.22  341.49 0.00   19.30  10.00  0.14   0.31   
1831738.44 405229.43 -6096.01 "9/11/2015" 162.00 1831738.44 405229.43 -6096.01 3.94   3.00   3.26   0.00   1.57   1874.61 191.09 35.45  15.56  0.54   0.84   -0.00  0.82   -0.52  0.24   0.07   3.03   0.02   0.67   0.81   0.80   0.70   2.02   0.04   0.23   0.18   3.00   0.00   -999.25 -1.92  970.52 0.00   25.08  11.00  0.19   0.35   
1831546.50 405319.68 -6241.89 "9/11/2015" 165.00 1831546.50 405319.68 -6241.89 2.17   0.00   2.74   0.00   0.44   2112.68 199.72 73.32  18.85  -0.53  -0.85  -0.00  0.85   -0.53  0.06   0.43   2.91   0.02   0.77   0.73   0.68   0.55   1.96   0.04   0.15   0.25   3.00   0.00   -999.25 -2.22  349.21 0.00   18.34  10.00  0.17   0.36   
1831490.51 405249.48 -6250.41 "9/11/2015" 166.00 1831490.51 405249.48 -6250.41 2.73   0.00   3.13   0.00   0.56   2127.15 258.82 71.05  44.38  -0.49  -0.87  0.00   0.86   -0.48  0.17   0.49   3.29   0.04   0.84   0.85   0.88   0.80   2.45   0.06   0.24   0.25   3.00   0.00   -999.25 -2.13  476.85 0.00   19.92  11.00  0.18   0.31   
1831754.64 405265.81 -6167.00 "9/11/2015" 167.00 1831754.64 405265.81 -6167.00 2.59   0.00   3.16   0.00   0.61   1896.26 340.21 70.26  9.97   -0.55  -0.83  0.00   0.83   -0.55  0.04   0.71   2.85   0.03   0.72   0.72   0.84   0.66   2.29   0.06   0.23   0.23   3.00   0.00   -999.25 -2.05  616.76 0.00   25.11  9.00   0.12   0.26   
1831232.47 405146.37 -6252.86 "9/11/2015" 168.00 1831232.47 405146.37 -6252.86 2.19   0.00   2.62   0.00   0.72   2307.72 586.02 74.25  48.82  -0.40  -0.92  0.00   0.90   -0.40  0.16   0.92   2.94   0.02   0.74   0.64   0.77   0.59   1.75   0.03   0.18   0.17   3.00   0.00   -999.25 -2.18  396.25 0.00   16.60  10.00  0.26   0.34   
1831550.31 404854.56 -6282.26 "9/11/2015" 169.00 1831550.31 404854.56 -6282.26 1.74   0.00   2.32   0.00   0.43   1926.47 271.51 93.38  55.33  -0.33  -0.94  0.00   0.93   -0.32  0.19   0.07   2.84   0.02   0.60   0.53   0.79   0.47   1.82   0.04   0.19   0.18   3.00   0.00   -999.25 -2.29  274.65 0.00   17.67  11.00  0.15   0.50   
1831607.82 404980.62 -6406.52 "9/11/2015" 170.00 1831607.82 404980.62 -6406.52 4.70   0.00   5.43   0.00   0.34   1959.52 471.12 79.72  51.59  -0.40  -0.92  0.00   0.86   -0.38  0.34   0.31   3.51   0.10   0.83   0.85   0.88   0.78   3.94   0.14   0.35   0.38   3.00   0.00   -999.25 -2.31  252.15 0.00   16.27  11.00  0.18   0.29   
1831679.29 405242.59 -6250.37 "9/11/2015" 173.00 1831679.29 405242.59 -6250.37 2.84   0.00   3.38   0.00   0.81   1966.64 217.29 71.29  43.41  -0.53  -0.85  0.00   0.84   -0.52  0.17   0.17   3.29   0.05   0.79   0.83   0.90   0.79   2.52   0.06   0.30   0.20   3.00   0.00   -999.25 -2.06  589.98 0.00   23.43  11.00  0.14   0.24   
1831686.57 405208.21 -6212.72 "9/11/2015" 174.00 1831686.57 405208.21 -6212.72 3.29   0.00   3.80   0.00   0.66   1933.46 256.32 69.04  32.31  -0.51  -0.86  0.00   0.86   -0.51  0.02   0.15   3.24   0.07   0.79   0.81   0.85   0.74   2.69   0.09   0.28   0.26   3.00   0.00   -999.25 -2.24  320.16 0.00   15.03  10.00  0.29   0.23   
1831608.77 405271.63 -6235.90 "9/11/2015" 176.00 1831608.77 405271.63 -6235.90 3.06   0.00   3.70   0.00   0.49   2035.48 241.19 71.52  18.35  -0.52  -0.86  0.00   0.85   -0.52  0.08   0.60   3.30   0.07   0.85   0.81   0.92   0.79   3.01   0.10   0.32   0.28   3.00   0.00   -999.25 -1.88  1106.38 0.00   33.17  11.00  0.09   0.19   
1831757.48 405309.35 -6429.41 "9/11/2015" 177.00 1831757.48 405309.35 -6429.41 3.01   0.00   3.06   0.00   0.70   1995.59 202.99 86.06  57.95  -0.57  -0.82  -0.00  0.77   -0.54  0.34   0.37   3.33   0.04   0.89   0.90   0.93   0.87   2.28   0.05   0.25   0.20   3.00   0.00   -999.25 -2.10  516.17 0.00   20.21  11.00  0.19   0.36   
1831584.74 405139.77 -6214.68 "9/11/2015" 178.00 1831584.74 405139.77 -6214.68 2.73   0.00   3.30   0.00   0.45   1987.40 158.45 70.74  33.76  -0.46  -0.89  -0.00  0.89   -0.46  0.01   0.78   3.20   0.04   0.78   0.79   0.93   0.77   2.29   0.06   0.21   0.25   3.00   0.00   -999.25 -2.02  693.37 0.00   24.86  11.00  0.14   0.28   
1831716.13 405344.30 -6252.26 "9/11/2015" 179.00 1831716.13 405344.30 -6252.26 17.14  0.00   20.50  0.00   0.55   1991.39 71.32  56.96  43.57  -0.79  0.59   -0.17  -0.59  -0.80  -0.00  0.23   4.37   0.44   0.97   0.98   0.92   0.92   16.55  0.49   0.89   0.57   3.00   0.00   -999.25 -1.79  1514.66 0.01   15.39  11.00  1.26   0.20   
1831596.95 404854.98 -6207.59 "9/11/2015" 180.00 1831596.95 404854.98 -6207.59 2.22   0.00   2.13   0.00   0.59   1863.63 256.33 150.99 48.75  -0.34  -0.94  -0.00  0.94   -0.33  0.08   0.37   2.77   0.01   0.72   0.68   0.75   0.55   1.48   0.02   0.12   0.17   3.00   0.00   -999.25 -2.13  462.10 0.00   24.48  9.00   0.10   0.33   
1831741.64 405381.53 -6253.14 "9/11/2015" 181.00 1831741.64 405381.53 -6253.14 6.67   0.00   7.65   0.00   0.43   1992.53 128.08 71.28  43.58  -0.59  -0.81  0.00   0.80   -0.58  0.17   0.07   3.83   0.19   0.92   0.93   0.91   0.87   5.14   0.23   0.46   0.50   3.00   0.00   -999.25 -1.66  2374.64 0.01   36.02  11.00  0.15   0.22   
1831633.77 405269.91 -6212.77 "9/11/2015" 183.00 1831633.77 405269.91 -6212.77 2.83   0.00   3.22   0.00   0.38   2008.20 252.48 72.85  35.07  -0.53  -0.85  0.00   0.85   -0.53  0.00   0.37   3.22   0.05   0.91   0.84   0.86   0.78   2.42   0.06   0.24   0.25   3.00   0.00   -999.25 -1.92  961.12 0.00   34.98  11.00  0.07   0.16   
1831597.63 405572.07 -6235.84 "9/11/2015" 184.00 1831597.63 405572.07 -6235.84 3.23   0.00   3.31   0.00   1.02   2210.76 390.45 86.05  18.27  -0.62  -0.79  -0.00  0.78   -0.62  0.06   0.47   3.26   0.05   0.78   0.88   0.91   0.84   2.61   0.07   0.32   0.20   3.00   0.00   -999.25 -1.88  1134.51 0.00   23.33  10.00  0.27   1.56   
1831799.21 405449.87 -6207.14 "9/11/2015" 185.00 1831799.21 405449.87 -6207.14 2.25   3.00   2.82   0.00   0.44   1976.91 213.38 52.38  11.23  0.63   0.78   0.00   0.78   -0.63  0.01   0.19   2.54   0.02   0.79   0.77   0.86   0.72   2.39   0.05   0.20   0.25   3.00   0.00   -999.25 -2.15  444.89 0.00   20.54  8.00   0.16   0.28   
1831738.81 405347.99 -6262.54 "9/11/2015" 186.00 1831738.81 405347.99 -6262.54 4.90   0.00   5.66   0.00   0.46   1978.38 161.56 71.34  43.48  -0.58  -0.82  -0.00  0.81   -0.57  0.17   0.84   3.65   0.15   0.91   0.89   0.93   0.86   4.43   0.18   0.42   0.41   3.00   0.00   -999.25 -2.06  590.72 0.00   22.27  11.00  0.16   0.14   
1831786.61 405222.41 -6240.64 "9/11/2015" 187.00 1831786.61 405222.41 -6240.64 5.47   0.00   5.76   0.00   0.50   1866.45 108.11 91.25  27.04  -0.54  -0.84  0.00   0.84   -0.54  0.09   0.70   3.40   0.09   0.89   0.88   0.87   0.80   3.14   0.10   0.30   0.33   3.00   0.00   -999.25 -1.79  1500.04 0.01   34.08  11.00  0.12   0.14   
1831672.86 405209.11 -6215.50 "9/11/2015" 188.00 1831672.86 405209.11 -6215.50 3.14   0.00   3.71   0.00   0.58   1945.98 192.34 133.44 63.54  -0.51  -0.86  -0.00  0.86   -0.51  0.01   0.73   3.09   0.03   0.78   0.77   0.88   0.73   1.88   0.04   0.20   0.17   3.00   0.00   -999.25 -2.25  309.29 0.00   14.67  11.00  0.30   0.17   
1832019.19 405547.44 -6157.36 "9/11/2015" 189.00 1832019.19 405547.44 -6157.36 1.64   3.00   2.06   0.00   0.74   1870.70 308.04 32.75  16.26  0.72   0.70   0.00   -0.68  0.70   -0.20  0.56   2.62   0.01   0.57   0.53   0.76   0.44   1.54   0.03   0.17   0.14   3.00   0.00   -999.25 -2.08  567.61 0.00   24.58  10.00  0.12   0.47   
1831924.55 405379.86 -6219.60 "9/11/2015" 190.00 1831924.55 405379.86 -6219.60 2.81   0.00   3.30   0.00   0.41   1843.66 274.39 69.15  32.31  -0.64  -0.77  -0.00  0.77   -0.64  0.02   0.49   3.19   0.05   0.85   0.81   0.77   0.69   2.52   0.07   0.22   0.29   3.00   0.00   -999.25 -2.31  250.09 0.00   15.32  11.00  0.21   0.16   
1831462.09 405530.06 -6222.94 "9/11/2015" 191.00 1831462.09 405530.06 -6222.94 2.73   0.00   3.21   0.00   1.59   2289.40 129.50 71.94  16.79  -0.57  -0.82  -0.00  0.82   -0.57  0.06   0.05   3.42   0.05   0.82   0.93   0.90   0.86   2.79   0.06   0.39   0.17   3.00   0.00   -999.25 -2.12  488.48 0.00   14.25  10.00  0.51   0.68   
1831391.19 405072.30 -6233.30 "9/11/2015" 192.00 1831391.19 405072.30 -6233.30 3.09   0.00   2.67   0.00   1.18   2132.97 228.06 161.19 33.61  -0.41  -0.91  -0.00  0.91   -0.41  0.06   0.29   2.94   0.01   0.65   0.77   0.82   0.68   1.72   0.03   0.19   0.15   3.00   0.00   -999.25 -1.87  1175.94 0.00   36.34  11.00  0.07   0.72   
1831398.95 404852.74 -6217.23 "9/11/2015" 193.00 1831398.95 404852.74 -6217.23 2.07   0.00   2.51   0.00   0.90   2046.72 310.15 68.95  32.27  -0.31  -0.95  0.00   0.95   -0.31  0.01   0.73   2.93   0.02   0.68   0.70   0.79   0.59   1.73   0.03   0.17   0.18   3.00   0.00   -999.25 -1.94  898.73 0.00   31.15  11.00  0.09   0.47   
1831299.39 405398.76 -5980.65 "9/11/2015" 194.00 1831299.39 405398.76 -5980.65 5.65   0.00   6.32   0.00   0.53   2314.34 121.50 84.36  49.68  -0.50  -0.87  0.00   0.85   -0.49  0.21   0.43   3.47   0.10   0.90   0.92   0.81   0.78   3.59   0.13   0.35   0.34   3.00   0.00   -999.25 -1.79  1531.29 0.00   27.31  11.00  0.23   0.21   
1831947.68 405492.76 -6207.14 "9/11/2015" 196.00 1831947.68 405492.76 -6207.14 1.80   0.00   2.23   0.00   0.66   1895.53 125.00 77.40  37.48  -0.68  -0.73  0.00   0.73   -0.68  0.00   0.56   2.82   0.02   0.58   0.62   0.80   0.56   1.73   0.03   0.17   0.18   3.00   0.00   -999.25 -2.34  230.94 0.00   12.64  11.00  0.35   0.29   
1831734.26 405379.76 -6251.75 "9/11/2015" 195.00 1831734.26 405379.76 -6251.75 4.76   0.00   5.35   0.00   0.64   1996.89 162.34 71.37  43.61  -0.59  -0.81  0.00   0.80   -0.58  0.17   0.11   3.56   0.11   0.92   0.91   0.85   0.83   3.67   0.13   0.41   0.32   3.00   0.00   -999.25 -2.09  548.69 0.00   19.25  10.00  0.23   0.18   
1831451.82 405289.52 -6244.02 "9/11/2015" 198.00 1831451.82 405289.52 -6244.02 2.30   0.00   2.73   0.00   0.47   2177.31 450.36 71.23  17.40  -0.49  -0.87  0.00   0.87   -0.49  0.07   0.19   3.14   0.03   0.81   0.79   0.82   0.72   2.19   0.05   0.21   0.23   3.00   0.00   -999.25 -2.18  398.98 0.00   17.91  11.00  0.21   0.35   
1831703.90 405247.38 -6223.12 "9/11/2015" 199.00 1831703.90 405247.38 -6223.12 2.23   0.00   2.49   0.00   0.94   1941.75 263.21 71.98  19.02  -0.54  -0.84  -0.00  0.84   -0.54  0.07   0.74   3.10   0.02   0.74   0.71   0.90   0.70   1.98   0.04   0.23   0.17   3.00   0.00   -999.25 -1.88  1120.99 0.00   36.27  11.00  0.07   0.52   
1831567.96 405197.91 -6222.95 "9/11/2015" 200.00 1831567.96 405197.91 -6222.95 3.46   0.00   4.11   0.00   0.36   2030.49 173.83 71.62  18.37  -0.49  -0.87  -0.00  0.87   -0.48  0.07   0.59   3.43   0.08   0.87   0.84   0.88   0.78   3.36   0.11   0.31   0.33   3.00   0.00   -999.25 -2.22  348.19 0.00   13.39  11.00  0.44   0.14   
1831720.45 405307.19 -6195.29 "9/11/2015" 201.00 1831720.45 405307.19 -6195.29 5.01   0.00   5.62   0.00   0.51   1953.01 157.72 68.62  32.31  -0.56  -0.83  -0.00  0.83   -0.56  0.02   0.92   3.58   0.13   0.90   0.88   0.88   0.83   3.88   0.16   0.41   0.37   3.00   0.00   -999.25 -1.57  3257.91 0.01   42.04  11.00  0.13   0.29   
1831518.55 405138.00 -6220.44 "9/11/2015" 202.00 1831518.55 405138.00 -6220.44 4.38   3.00   4.21   0.00   0.81   2045.07 124.52 32.35  20.80  0.45   0.89   -0.00  0.88   -0.44  0.15   0.76   3.37   0.06   0.77   0.80   0.90   0.78   3.03   0.08   0.25   0.34   3.00   0.00   -999.25 -1.99  752.40 0.00   21.58  11.00  0.23   0.20   
1831672.69 405165.20 -6158.74 "9/11/2015" 203.00 1831672.69 405165.20 -6158.74 2.03   0.00   2.39   0.00   0.46   1910.88 115.14 71.21  23.80  -0.49  -0.87  0.00   0.87   -0.49  -0.06  0.68   3.03   0.02   0.70   0.70   0.83   0.65   1.90   0.04   0.19   0.19   3.00   0.00   -999.25 -2.20  372.27 0.00   16.72  11.00  0.24   0.25   
1831247.92 405325.26 -6031.86 "9/11/2015" 204.00 1831247.92 405325.26 -6031.86 2.26   3.00   2.59   0.00   0.56   2330.03 261.89 36.12  17.92  0.47   0.88   0.00   0.85   -0.45  0.29   0.91   3.11   0.03   0.80   0.76   0.87   0.72   1.99   0.04   0.19   0.21   3.00   0.00   -999.25 -2.07  576.90 0.00   19.37  10.00  0.24   0.30   
1831728.29 405245.05 -6219.00 "9/11/2015" 205.00 1831728.29 405245.05 -6219.00 3.93   0.00   4.47   0.00   0.30   1919.59 530.57 77.11  37.35  -0.54  -0.84  -0.00  0.84   -0.54  -0.00  0.63   3.38   0.07   0.85   0.85   0.84   0.77   3.17   0.09   0.25   0.36   3.00   0.00   -999.25 -1.99  763.34 0.00   27.88  11.00  0.11   0.11   
1831621.87 405287.83 -6258.85 "9/11/2015" 206.00 1831621.87 405287.83 -6258.85 2.39   0.00   2.93   0.00   0.41   2038.91 298.65 72.37  45.18  -0.53  -0.85  0.00   0.84   -0.52  0.16   0.40   3.02   0.03   0.79   0.74   0.81   0.65   2.12   0.05   0.20   0.22   3.00   0.00   -999.25 -2.29  276.05 0.00   16.46  11.00  0.19   0.19   
1832008.96 405579.82 -6238.56 "9/11/2015" 208.00 1832008.96 405579.82 -6238.56 2.37   3.00   2.88   0.00   0.63   1920.66 65.93  30.04  2.15   0.72   0.69   0.00   -0.69  0.72   -0.02  0.72   3.11   0.03   0.79   0.79   0.86   0.74   2.06   0.04   0.19   0.22   3.00   0.00   -999.25 -2.04  649.28 0.00   24.74  11.00  0.13   0.31   
1831230.02 405181.43 -6237.82 "9/11/2015" 207.00 1831230.02 405181.43 -6237.82 10.66  0.00   11.83  0.00   0.40   2320.39 72.63  70.80  16.49  -0.48  -0.88  -0.00  -0.88  0.48   -0.06  0.17   4.08   0.35   0.96   0.97   0.89   0.89   8.07   0.43   0.81   0.51   3.00   0.00   -999.25 -1.73  1857.16 0.01   18.66  11.00  0.87   0.24   
1831381.22 405386.23 -6132.83 "9/11/2015" 209.00 1831381.22 405386.23 -6132.83 3.02   3.00   3.25   0.00   0.89   2260.90 216.97 34.13  17.47  0.51   0.86   -0.00  0.83   -0.50  0.26   0.06   2.86   0.02   0.80   0.82   0.76   0.68   2.24   0.05   0.25   0.20   3.00   0.00   -999.25 -1.84  1296.91 0.00   26.55  11.00  0.21   0.44   
1831824.41 405448.38 -6270.72 "9/11/2015" 210.00 1831824.41 405448.38 -6270.72 2.78   0.00   3.20   0.00   0.72   1973.93 172.43 71.78  43.41  -0.64  -0.77  0.00   0.76   -0.63  0.17   0.00   3.29   0.05   0.84   0.89   0.84   0.79   2.53   0.06   0.26   0.24   3.00   0.00   -999.25 -1.81  1420.76 0.01   46.27  11.00  0.04   0.27   
1831531.36 405256.53 -6160.31 "9/11/2015" 211.00 1831531.36 405256.53 -6160.31 3.54   0.00   3.75   0.00   0.53   2075.07 134.39 72.04  9.76   -0.50  -0.87  -0.00  0.87   -0.50  0.04   0.06   3.42   0.08   0.81   0.88   0.91   0.82   2.96   0.10   0.31   0.28   3.00   0.00   -999.25 -1.95  877.38 0.00   24.42  11.00  0.18   0.21   
1831527.87 405060.55 -6221.80 "9/11/2015" 212.00 1831527.87 405060.55 -6221.80 2.80   0.00   3.49   0.00   0.45   2004.63 346.67 71.71  18.55  -0.42  -0.91  -0.00  0.91   -0.42  0.08   0.92   3.31   0.06   0.76   0.80   0.90   0.77   2.70   0.08   0.27   0.27   3.00   0.00   -999.25 -2.25  309.74 0.00   14.82  11.00  0.29   0.27   
1831485.16 405172.52 -6247.82 "9/11/2015" 213.00 1831485.16 405172.52 -6247.82 9.44   0.00   10.79  0.00   0.92   2095.88 409.51 71.64  17.96  -0.45  -0.89  0.00   0.89   -0.45  0.07   0.57   4.14   0.32   0.95   0.96   0.92   0.91   8.35   0.37   0.80   0.43   3.00   0.00   -999.25 -1.79  1530.74 0.01   19.46  11.00  0.63   0.22   
1831087.78 404907.65 -6019.41 "9/11/2015" 215.00 1831087.78 404907.65 -6019.41 1.94   0.00   2.23   0.00   0.77   2318.03 286.17 84.31  44.66  -0.29  -0.96  -0.00  0.91   -0.27  0.32   0.99   2.89   0.02   0.81   0.73   0.77   0.64   1.70   0.03   0.20   0.15   3.00   0.00   -999.25 -1.48  4384.76 0.01   72.92  11.00  0.03   0.40   
1831730.09 405013.70 -6375.76 "9/11/2015" 216.00 1831730.09 405013.70 -6375.76 1.86   0.00   2.41   0.00   0.59   1857.95 428.71 92.76  49.22  -0.44  -0.90  0.00   0.83   -0.41  0.37   0.61   2.80   0.01   0.65   0.59   0.71   0.46   1.69   0.03   0.14   0.20   3.00   0.00   -999.25 -2.53  118.57 0.00   9.52   5.00   0.42   0.39   
1831203.77 405109.23 -6227.34 "9/11/2015" 217.00 1831203.77 405109.23 -6227.34 3.22   0.00   3.48   0.00   0.46   2313.50 280.41 76.15  19.13  -0.38  -0.92  0.00   0.92   -0.38  0.06   0.37   3.25   0.04   0.89   0.87   0.88   0.81   2.41   0.06   0.24   0.24   3.00   0.00   -999.25 -1.49  4292.10 0.01   60.26  11.00  0.06   0.29   
1831827.96 405253.16 -6241.47 "9/11/2015" 218.00 1831827.96 405253.16 -6241.47 2.52   0.00   3.20   0.00   0.67   1850.15 274.60 72.55  19.74  -0.57  -0.82  0.00   0.82   -0.57  0.08   0.19   3.08   0.04   0.76   0.73   0.83   0.65   2.28   0.06   0.24   0.22   3.00   0.00   -999.25 -2.23  328.82 0.00   20.43  11.00  0.12   0.21   
1831639.63 404940.08 -6366.87 "9/11/2015" 219.00 1831639.63 404940.08 -6366.87 1.88   0.00   2.48   0.00   0.50   1903.37 396.97 107.23 46.27  -0.39  -0.92  -0.00  0.85   -0.36  0.37   0.85   3.03   0.03   0.71   0.65   0.87   0.63   2.00   0.05   0.21   0.19   3.00   0.00   -999.25 -2.27  290.63 0.00   19.79  11.00  0.11   0.37   
1831503.32 405572.86 -5785.58 "9/11/2015" 220.00 1831503.32 405572.86 -5785.58 2.46   0.00   3.08   0.00   1.73   2225.71 180.91 68.35  35.76  -0.59  -0.81  0.00   0.80   -0.59  -0.10  0.57   3.39   0.05   0.82   0.93   0.82   0.79   3.10   0.06   0.49   0.13   3.00   0.00   -999.25 -1.96  854.87 0.00   24.04  11.00  0.19   0.56   
1831840.86 405407.79 -6200.44 "9/11/2015" 221.00 1831840.86 405407.79 -6200.44 2.25   0.00   2.86   0.00   0.40   1918.27 349.78 85.09  40.65  -0.62  -0.78  0.00   0.78   -0.62  0.00   0.42   3.03   0.03   0.77   0.79   0.83   0.66   2.17   0.05   0.19   0.24   3.00   0.00   -999.25 -2.21  361.16 0.00   15.36  10.00  0.30   0.19   
1831317.08 404768.13 -6227.79 "9/11/2015" 222.00 1831317.08 404768.13 -6227.79 2.19   0.00   2.82   0.00   0.37   2102.45 343.47 78.75  21.51  -0.26  -0.97  -0.00  0.96   -0.26  0.07   0.76   2.84   0.01   0.62   0.53   0.80   0.49   1.95   0.04   0.15   0.24   3.00   0.00   -999.25 -1.98  793.61 0.00   28.75  10.00  0.10   0.42   
1831777.68 405373.23 -6245.79 "9/11/2015" 223.00 1831777.68 405373.23 -6245.79 4.75   0.00   5.62   0.00   0.79   1957.90 175.80 72.12  18.94  -0.60  -0.80  0.00   0.80   -0.60  0.08   0.76   3.79   0.19   0.91   0.94   0.91   0.88   4.65   0.23   0.53   0.39   3.00   0.00   -999.25 -2.08  557.85 0.00   19.86  11.00  0.22   0.29   
1831584.72 405661.50 -6061.03 "9/11/2015" 225.00 1831584.72 405661.50 -6061.03 13.26  0.00   14.48  0.00   0.38   2241.88 153.02 69.24  42.45  -0.64  -0.77  0.00   0.77   -0.64  0.01   0.19   3.94   0.31   0.96   0.97   0.91   0.91   12.04  0.36   0.72   0.46   3.00   0.00   -999.25 -1.53  3696.84 0.01   26.76  11.00  0.59   0.13   
1831764.52 405381.87 -6220.54 "9/11/2015" 227.00 1831764.52 405381.87 -6220.54 3.86   0.00   4.76   0.00   0.50   1966.43 526.41 71.72  18.83  -0.60  -0.80  -0.00  0.80   -0.60  0.07   0.72   3.44   0.11   0.86   0.77   0.87   0.73   3.57   0.14   0.37   0.33   3.00   0.00   -999.25 -2.20  366.62 0.00   15.41  11.00  0.30   0.15   
1831552.30 405254.97 -6239.24 "9/11/2015" 228.00 1831552.30 405254.97 -6239.24 4.26   0.00   5.10   0.00   0.29   2075.01 165.67 71.62  18.09  -0.51  -0.86  -0.00  0.86   -0.51  0.07   0.51   3.54   0.14   0.88   0.89   0.87   0.82   4.04   0.17   0.36   0.41   3.00   0.00   -999.25 -2.25  308.74 0.00   11.83  11.00  0.57   0.07   
1831249.65 404952.31 -6228.15 "9/11/2015" 229.00 1831249.65 404952.31 -6228.15 1.97   0.00   2.46   0.00   0.75   2217.54 252.86 96.15  24.53  -0.33  -0.94  -0.00  0.94   -0.33  0.06   0.65   2.69   0.01   0.61   0.55   0.83   0.47   1.35   0.02   0.14   0.13   3.00   0.00   -999.25 -2.26  301.66 0.00   14.83  11.00  0.28   0.35   
1831718.10 405318.04 -6160.04 "9/11/2015" 230.00 1831718.10 405318.04 -6160.04 3.96   0.00   4.17   0.00   0.47   1952.53 298.42 105.83 13.86  -0.56  -0.83  -0.00  0.83   -0.56  0.04   0.92   3.40   0.06   0.88   0.89   0.90   0.84   2.87   0.08   0.28   0.28   3.00   0.00   -999.25 -2.09  542.22 0.00   17.76  11.00  0.29   0.15   
1831724.37 405191.38 -6248.27 "9/11/2015" 231.00 1831724.37 405191.38 -6248.27 3.12   0.00   3.66   0.00   0.53   1903.38 159.78 72.46  19.35  -0.52  -0.86  0.00   0.85   -0.52  0.08   0.01   3.32   0.06   0.77   0.81   0.91   0.78   2.71   0.08   0.27   0.27   3.00   0.00   -999.25 -2.39  189.40 0.00   11.70  11.00  0.36   0.20   
1831795.74 405407.70 -6196.49 "9/11/2015" 232.00 1831795.74 405407.70 -6196.49 4.03   0.00   4.49   0.00   0.43   1951.52 201.94 68.71  32.31  -0.61  -0.79  -0.00  0.79   -0.61  0.02   1.00   3.46   0.08   0.90   0.90   0.86   0.82   3.47   0.11   0.32   0.35   3.00   0.00   -999.25 -2.11  496.89 0.00   19.57  11.00  0.20   0.19   
1831804.25 405361.43 -6195.67 "9/11/2015" 234.00 1831804.25 405361.43 -6195.67 3.74   0.00   4.32   0.00   0.39   1917.53 216.64 68.82  32.31  -0.60  -0.80  0.00   0.80   -0.60  0.02   0.92   3.44   0.07   0.90   0.89   0.91   0.85   3.07   0.09   0.27   0.34   3.00   0.00   -999.25 -2.13  478.40 0.00   19.98  11.00  0.18   0.16   
1831466.84 405112.15 -6169.74 "9/11/2015" 235.00 1831466.84 405112.15 -6169.74 2.20   0.00   2.50   0.00   0.45   2067.42 472.16 69.83  9.26   -0.42  -0.91  0.00   0.90   -0.42  0.04   0.09   2.71   0.02   0.79   0.70   0.81   0.61   1.83   0.04   0.19   0.18   3.00   0.00   -999.25 -2.05  613.39 0.00   20.48  11.00  0.22   0.22   
1831719.17 405361.63 -6195.97 "9/11/2015" 236.00 1831719.17 405361.63 -6195.97 4.39   0.00   4.81   0.00   0.61   1984.30 364.76 68.66  32.30  -0.58  -0.82  0.00   0.82   -0.58  0.02   0.18   3.51   0.09   0.92   0.90   0.91   0.86   3.46   0.11   0.39   0.30   3.00   0.00   -999.25 -2.11  502.63 0.00   18.10  11.00  0.26   0.15   
1831857.92 405484.21 -6239.28 "9/11/2015" 237.00 1831857.92 405484.21 -6239.28 1.96   0.00   2.64   0.00   0.52   1962.92 394.77 98.36  20.68  -0.65  -0.76  0.00   0.76   -0.65  0.08   0.31   2.78   0.02   0.62   0.52   0.76   0.43   1.99   0.04   0.17   0.23   3.00   0.00   -999.25 -2.27  286.38 0.00   18.77  11.00  0.13   0.36   
1831325.84 405130.94 -5957.82 "9/11/2015" 238.00 1831325.84 405130.94 -5957.82 2.87   0.00   3.15   0.00   0.67   2166.61 272.87 77.80  35.93  -0.41  -0.91  0.00   0.89   -0.40  0.24   0.04   3.12   0.02   0.82   0.81   0.80   0.71   2.07   0.04   0.23   0.18   3.00   0.00   -999.25 -1.90  1045.41 0.00   32.44  11.00  0.09   0.43   
1831821.98 405267.75 -6219.46 "9/11/2015" 239.00 1831821.98 405267.75 -6219.46 4.95   0.00   5.69   0.00   0.16   1856.76 139.41 76.78  65.07  -0.82  0.57   -0.02  -0.57  -0.82  -0.00  0.22   3.22   0.03   0.89   0.86   0.89   0.81   2.05   0.04   0.21   0.21   3.00   0.00   -999.25 -2.21  363.09 0.00   11.87  11.00  0.66   0.12   
1831443.54 405584.02 -6063.03 "9/11/2015" 240.00 1831443.54 405584.02 -6063.03 5.98   0.00   6.72   0.00   0.78   2305.44 158.09 69.08  41.75  -0.59  -0.81  0.00   0.81   -0.59  -0.01  0.25   3.74   0.19   0.93   0.96   0.90   0.88   4.60   0.22   0.56   0.35   3.00   0.00   -999.25 -1.58  3205.24 0.01   42.55  11.00  0.13   0.22   
1831286.28 405577.30 -6232.30 "9/11/2015" 241.00 1831286.28 405577.30 -6232.30 2.61   0.00   2.88   0.00   1.00   2459.21 139.83 86.01  18.78  -0.55  -0.84  0.00   0.83   -0.55  0.06   0.78   3.23   0.04   0.92   0.92   0.89   0.86   2.31   0.05   0.29   0.17   3.00   0.00   -999.25 -1.97  814.11 0.00   24.23  11.00  0.17   0.52   
1831397.95 405268.69 -6237.06 "9/11/2015" 242.00 1831397.95 405268.69 -6237.06 2.57   0.00   3.10   0.00   1.65   2211.59 256.49 70.92  17.18  -0.48  -0.88  -0.00  0.88   -0.48  0.06   0.07   3.29   0.04   0.83   0.88   0.92   0.85   2.80   0.06   0.40   0.16   3.00   0.00   -999.25 -1.89  1080.33 0.00   30.54  11.00  0.12   0.66   
1831711.73 405749.97 -5942.52 "9/11/2015" 244.00 1831711.73 405749.97 -5942.52 2.13   3.00   2.57   0.00   0.46   2190.99 204.89 35.29  13.38  0.69   0.72   -0.00  0.71   -0.68  0.19   0.76   2.99   0.02   0.82   0.85   0.74   0.67   2.08   0.04   0.18   0.23   3.00   0.00   -999.25 -1.89  1071.41 0.00   42.22  10.00  0.04   0.29   
1831600.56 405296.96 -6232.37 "9/11/2015" 245.00 1831600.56 405296.96 -6232.37 2.07   0.00   2.75   0.00   0.47   2054.22 420.76 80.87  19.05  -0.53  -0.85  -0.00  0.84   -0.53  0.07   0.74   2.99   0.02   0.73   0.67   0.85   0.67   1.94   0.04   0.17   0.22   3.00   0.00   -999.25 -2.13  467.47 0.00   23.68  9.00   0.11   0.30   
1831452.26 405410.98 -6248.20 "9/11/2015" 246.00 1831452.26 405410.98 -6248.20 6.62   0.00   7.37   0.00   0.80   2238.71 70.93  64.40  17.02  -0.84  0.54   -0.06  -0.54  -0.84  0.00   0.14   4.05   0.27   0.95   0.99   0.95   0.94   6.08   0.30   0.76   0.35   3.00   0.00   -999.25 -1.81  1415.83 0.00   19.30  11.00  0.60   0.43   
1831721.79 405291.48 -6192.72 "9/11/2015" 247.00 1831721.79 405291.48 -6192.72 6.47   0.00   7.12   0.00   0.36   1942.80 119.90 68.74  32.31  -0.56  -0.83  0.00   0.83   -0.56  0.02   0.47   3.77   0.17   0.94   0.95   0.92   0.90   4.86   0.20   0.49   0.39   3.00   0.00   -999.25 -2.10  516.90 0.00   12.88  11.00  0.73   0.09   
1831893.90 405276.50 -6160.51 "9/11/2015" 248.00 1831893.90 405276.50 -6160.51 2.63   3.00   2.93   0.00   0.85   1790.00 39.73  25.67  1.33   0.59   0.80   0.00   0.80   -0.59  0.01   0.21   2.76   0.03   0.70   0.68   0.81   0.60   2.65   0.07   0.27   0.26   3.00   0.00   -999.25 -1.95  870.66 0.00   28.38  11.00  0.12   0.51   
1831963.78 405375.99 -6113.20 "9/11/2015" 249.00 1831963.78 405375.99 -6113.20 1.95   3.00   2.29   0.00   0.46   1785.90 44.83  26.81  1.62   0.65   0.76   0.00   0.76   -0.65  -0.01  0.01   2.80   0.02   0.87   0.78   0.57   0.51   1.91   0.04   0.18   0.20   3.00   0.00   -999.25 -2.31  252.41 0.00   15.84  10.00  0.19   0.28   
1831517.86 405014.39 -6248.17 "9/11/2015" 250.00 1831517.86 405014.39 -6248.17 1.88   0.00   2.43   0.00   0.91   2002.01 530.49 72.08  18.62  -0.40  -0.92  0.00   0.92   -0.39  0.07   0.01   2.95   0.02   0.68   0.69   0.73   0.56   1.93   0.04   0.22   0.16   3.00   0.00   -999.25 -2.30  264.78 0.00   14.93  11.00  0.24   0.38   
1831631.48 405123.60 -6224.65 "9/11/2015" 251.00 1831631.48 405123.60 -6224.65 2.40   0.00   3.00   0.00   0.68   1942.68 332.79 78.47  22.34  -0.47  -0.88  -0.00  0.88   -0.46  0.08   0.13   2.97   0.02   0.65   0.63   0.80   0.56   2.04   0.04   0.19   0.22   3.00   0.00   -999.25 -2.23  330.46 0.00   18.88  11.00  0.15   0.30   
1831853.63 405269.05 -6166.65 "9/11/2015" 252.00 1831853.63 405269.05 -6166.65 2.57   0.00   3.16   0.00   0.39   1818.85 255.76 106.44 14.51  -0.58  -0.81  -0.00  0.81   -0.58  0.04   0.74   2.84   0.03   0.81   0.75   0.81   0.68   2.16   0.05   0.18   0.25   3.00   0.00   -999.25 -2.17  408.98 0.00   17.39  10.00  0.24   0.17   
1831620.33 405141.91 -6188.10 "9/11/2015" 253.00 1831620.33 405141.91 -6188.10 2.01   0.00   2.43   0.00   1.02   1951.38 264.03 70.40  9.75   -0.47  -0.88  0.00   0.88   -0.47  0.04   0.00   3.12   0.02   0.83   0.78   0.88   0.74   1.91   0.03   0.23   0.15   3.00   0.00   -999.25 -1.91  998.60 0.00   39.21  11.00  0.05   0.47   
1831527.12 405176.37 -6223.42 "9/11/2015" 254.00 1831527.12 405176.37 -6223.42 9.14   0.00   9.25   0.00   0.54   2055.48 71.27  59.41  18.19  -0.88  0.48   -0.08  -0.48  -0.88  -0.00  0.59   4.04   0.26   0.93   0.98   0.94   0.93   5.75   0.31   0.65   0.46   3.00   0.00   -999.25 -1.51  3983.81 0.01   40.27  11.00  0.19   0.17   
1831624.43 405315.62 -6193.72 "9/11/2015" 256.00 1831624.43 405315.62 -6193.72 2.74   0.00   3.05   0.00   0.84   2034.97 129.16 68.50  32.27  -0.54  -0.84  -0.00  0.84   -0.54  0.01   0.33   3.25   0.04   0.90   0.89   0.87   0.81   2.32   0.05   0.30   0.17   3.00   0.00   -999.25 -2.08  559.08 0.00   16.87  11.00  0.35   0.26   
1831817.52 405242.85 -6226.48 "9/11/2015" 257.00 1831817.52 405242.85 -6226.48 2.15   0.00   2.48   0.00   0.69   1848.64 215.39 83.97  22.75  -0.57  -0.82  -0.00  0.82   -0.56  0.08   0.74   3.10   0.03   0.88   0.87   0.79   0.73   1.94   0.04   0.20   0.19   3.00   0.00   -999.25 -2.31  255.10 0.00   17.83  11.00  0.14   0.32   
1831551.03 405140.97 -6249.07 "9/11/2015" 258.00 1831551.03 405140.97 -6249.07 2.02   0.00   2.79   0.00   0.26   2025.65 113.80 79.63  22.00  -0.46  -0.89  0.00   0.89   -0.46  0.07   0.66   2.96   0.02   0.75   0.66   0.78   0.60   1.81   0.03   0.15   0.21   3.00   0.00   -999.25 -2.28  282.55 0.00   15.98  10.00  0.21   0.28   
1831776.27 405364.50 -6192.66 "9/11/2015" 259.00 1831776.27 405364.50 -6192.66 22.65  0.00   23.53  0.00   0.29   1940.29 68.76  55.80  32.31  -0.79  0.61   -0.02  -0.61  -0.79  -0.00  0.67   4.29   0.42   0.98   0.99   0.94   0.93   14.10  0.45   0.80   0.57   3.00   0.00   -999.25 -1.43  5346.04 0.01   24.64  11.00  1.09   0.08   
1831686.08 405343.29 -6130.09 "9/11/2015" 260.00 1831686.08 405343.29 -6130.09 2.48   0.00   2.59   0.00   0.77   1985.75 273.19 86.22  26.86  -0.57  -0.82  -0.00  0.82   -0.57  -0.06  0.47   3.16   0.03   0.74   0.83   0.87   0.77   1.95   0.04   0.22   0.17   3.00   0.00   -999.25 -2.15  439.22 0.00   16.08  10.00  0.32   0.30   
1831485.15 405102.46 -6246.64 "9/11/2015" 261.00 1831485.15 405102.46 -6246.64 4.12   0.00   4.95   0.00   0.52   2065.55 527.34 71.80  18.17  -0.43  -0.90  0.00   0.90   -0.43  0.07   0.79   3.48   0.10   0.88   0.87   0.86   0.78   3.55   0.13   0.33   0.39   3.00   0.00   -999.25 -1.86  1209.40 0.00   29.54  9.00   0.14   0.22   
1831031.09 405897.36 -6352.22 "9/11/2015" 262.00 1831031.09 405897.36 -6352.22 2.84   3.00   3.17   0.00   0.59   2868.35 149.08 39.65  19.38  0.59   0.81   -0.00  0.74   -0.54  0.40   0.89   3.33   0.06   0.86   0.83   0.88   0.80   2.87   0.07   0.42   0.15   3.00   0.00   -999.25 -1.83  1318.25 0.01   23.23  11.00  0.32   0.36   
1831576.00 405254.69 -6199.46 "9/11/2015" 263.00 1831576.00 405254.69 -6199.46 2.34   0.00   3.01   0.00   0.33   2045.35 133.65 68.54  32.26  -0.51  -0.86  -0.00  0.86   -0.51  0.01   0.48   3.01   0.04   0.75   0.71   0.74   0.59   2.47   0.07   0.20   0.29   3.00   0.00   -999.25 -2.21  362.91 0.00   15.25  11.00  0.31   0.17   
1831598.18 405368.79 -6106.60 "9/11/2015" 264.00 1831598.18 405368.79 -6106.60 5.16   0.00   5.67   0.00   1.02   2066.51 69.35  60.29  16.08  -0.82  0.57   0.02   -0.57  -0.82  -0.00  0.03   3.79   0.16   0.90   0.96   0.92   0.91   4.97   0.19   0.61   0.32   3.00   0.00   -999.25 -1.56  3368.37 0.01   33.94  11.00  0.26   0.64   
1831678.84 405244.53 -6255.93 "9/11/2015" 265.00 1831678.84 405244.53 -6255.93 4.41   0.00   4.96   0.00   0.49   1969.51 228.99 71.36  43.42  -0.53  -0.85  0.00   0.84   -0.52  0.17   0.94   3.42   0.08   0.87   0.88   0.86   0.81   3.37   0.11   0.34   0.33   3.00   0.00   -999.25 -2.08  565.65 0.00   21.66  11.00  0.17   0.17   
1831589.55 405168.76 -6044.52 "9/11/2015" 266.00 1831589.55 405168.76 -6044.52 3.31   0.00   3.80   0.00   0.59   1961.13 313.28 69.49  44.37  -0.48  -0.88  -0.00  0.88   -0.48  0.07   0.61   3.34   0.06   0.85   0.84   0.89   0.80   2.79   0.09   0.29   0.27   3.00   0.00   -999.25 -1.83  1310.26 0.00   49.32  11.00  0.03   0.18   
1831742.80 405336.10 -6184.31 "9/11/2015" 267.00 1831742.80 405336.10 -6184.31 9.16   0.00   9.83   0.00   0.32   1948.46 70.33  56.06  9.76   -0.82  0.57   -0.04  -0.57  -0.82  0.00   0.31   4.02   0.30   0.95   0.98   0.92   0.92   5.98   0.33   0.72   0.43   3.00   0.00   -999.25 -1.41  5745.28 0.02   33.58  11.00  0.46   0.08   
1831482.46 405217.68 -6226.50 "9/11/2015" 268.00 1831482.46 405217.68 -6226.50 4.44   0.00   4.85   0.00   0.54   2113.31 158.64 71.13  17.80  -0.47  -0.88  -0.00  0.88   -0.47  0.07   0.05   3.56   0.09   0.86   0.92   0.95   0.90   3.45   0.12   0.35   0.33   3.00   0.00   -999.25 -1.86  1194.12 0.00   31.50  11.00  0.12   0.21   
1831685.70 405231.71 -6191.11 "9/11/2015" 269.00 1831685.70 405231.71 -6191.11 5.22   0.00   5.67   0.00   0.43   1940.60 388.85 68.74  32.31  -0.53  -0.85  0.00   0.85   -0.53  0.02   0.98   3.64   0.12   0.91   0.94   0.93   0.90   3.69   0.14   0.39   0.34   3.00   0.00   -999.25 -1.94  906.63 0.00   21.71  11.00  0.27   0.11   
1831468.14 405089.08 -6227.46 "9/11/2015" 270.00 1831468.14 405089.08 -6227.46 1.70   0.00   2.07   0.00   0.71   2070.15 231.46 71.50  18.10  -0.42  -0.91  -0.00  0.91   -0.42  0.07   0.62   2.93   0.02   0.77   0.68   0.78   0.61   1.78   0.04   0.19   0.17   3.00   0.00   -999.25 -2.33  232.36 0.00   14.99  10.00  0.21   0.38   
1831797.40 405391.99 -6177.80 "9/11/2015" 271.00 1831797.40 405391.99 -6177.80 2.16   0.00   2.47   0.00   0.56   1936.40 201.95 71.89  9.93   -0.61  -0.79  -0.00  0.79   -0.61  0.04   0.44   2.94   0.02   0.75   0.73   0.86   0.68   2.01   0.04   0.19   0.21   3.00   0.00   -999.25 -2.08  560.86 0.00   25.22  11.00  0.11   0.30   
1831534.58 405204.99 -6245.00 "9/11/2015" 272.00 1831534.58 405204.99 -6245.00 9.39   0.00   10.61  0.00   0.27   2067.65 81.08  71.69  18.15  -0.49  -0.87  0.00   0.87   -0.49  0.07   0.80   3.98   0.26   0.95   0.96   0.91   0.90   7.94   0.31   0.54   0.54   3.00   0.00   -999.25 -2.08  560.76 0.00   16.07  11.00  0.41   0.10   
1831545.10 405222.15 -6220.45 "9/11/2015" 273.00 1831545.10 405222.15 -6220.45 3.15   0.00   3.76   0.00   0.76   2060.66 188.70 71.25  18.16  -0.49  -0.87  -0.00  0.87   -0.49  0.07   0.24   3.41   0.08   0.81   0.82   0.92   0.79   3.26   0.10   0.37   0.26   3.00   0.00   -999.25 -2.20  369.86 0.00   17.60  11.00  0.21   0.22   
1831512.08 405095.81 -6244.42 "9/11/2015" 274.00 1831512.08 405095.81 -6244.42 2.37   0.00   3.33   0.00   0.30   2038.73 399.28 71.62  18.35  -0.43  -0.90  0.00   0.90   -0.43  0.07   0.65   3.13   0.04   0.81   0.73   0.75   0.65   2.47   0.06   0.18   0.31   3.00   0.00   -999.25 -1.98  794.21 0.00   37.94  11.00  0.04   0.25   
1831728.31 405361.71 -6154.96 "9/11/2015" 275.00 1831728.31 405361.71 -6154.96 7.17   0.00   7.72   0.00   0.34   1967.61 224.48 88.41  28.79  -0.58  -0.82  0.00   0.82   -0.58  -0.05  0.94   3.74   0.18   0.94   0.93   0.91   0.87   5.40   0.22   0.44   0.47   3.00   0.00   -999.25 -1.78  1559.31 0.00   25.17  11.00  0.30   0.09   
1831569.63 405313.57 -6153.41 "9/11/2015" 276.00 1831569.63 405313.57 -6153.41 1.77   0.00   2.37   0.00   0.46   2070.12 286.67 68.15  20.62  -0.53  -0.85  0.00   0.85   -0.52  -0.05  0.08   2.83   0.03   0.64   0.61   0.81   0.56   1.79   0.04   0.17   0.18   3.00   0.00   -999.25 -2.05  616.38 0.00   20.46  11.00  0.22   0.22   
1831686.60 404987.54 -5929.03 "9/11/2015" 277.00 1831686.60 404987.54 -5929.03 1.88   0.00   2.16   0.00   0.71   1778.14 286.51 100.10 38.27  -0.42  -0.91  0.00   0.90   -0.41  0.15   0.84   2.85   0.01   0.73   0.72   0.72   0.54   1.63   0.03   0.17   0.16   3.00   0.00   -999.25 -2.19  377.44 0.00   28.24  9.00   0.05   0.34   
1831644.70 405237.89 -6195.22 "9/11/2015" 279.00 1831644.70 405237.89 -6195.22 10.97  0.00   11.56  0.00   0.57   1978.68 163.87 68.70  32.30  -0.52  -0.85  0.00   0.85   -0.52  0.02   0.68   4.10   0.28   0.94   0.95   0.92   0.90   8.90   0.34   0.83   0.40   3.00   0.00   -999.25 -1.93  929.87 0.00   12.12  11.00  1.59   0.11   
1831794.30 405384.08 -6214.86 "9/11/2015" 280.00 1831794.30 405384.08 -6214.86 2.65   0.00   3.08   0.00   0.69   1943.27 290.15 69.03  32.31  -0.61  -0.79  0.00   0.79   -0.61  0.02   0.04   3.18   0.05   0.83   0.78   0.82   0.69   2.57   0.07   0.26   0.25   3.00   0.00   -999.25 -2.23  329.24 0.00   18.47  11.00  0.16   0.27   
1831436.08 405532.13 -6145.47 "9/11/2015" 282.00 1831436.08 405532.13 -6145.47 2.07   0.00   2.53   0.00   1.03   2295.68 86.47  67.97  18.35  -0.58  -0.82  -0.00  0.82   -0.57  -0.05  0.88   2.79   0.02   0.70   0.86   0.90   0.81   2.00   0.04   0.26   0.14   3.00   0.00   -999.25 -1.75  1722.93 0.00   39.12  11.00  0.09   0.52   
1831758.92 405293.39 -6068.72 "9/11/2015" 283.00 1831758.92 405293.39 -6068.72 3.23   0.00   3.65   0.00   0.30   1887.09 240.62 69.97  44.57  -0.56  -0.83  0.00   0.82   -0.56  0.09   0.68   3.30   0.05   0.85   0.84   0.88   0.78   2.80   0.06   0.21   0.31   3.00   0.00   -999.25 -2.19  380.36 0.00   19.48  10.00  0.16   0.12   
1831872.00 405378.10 -6201.39 "9/11/2015" 284.00 1831872.00 405378.10 -6201.39 1.95   0.00   2.18   0.00   1.22   1877.06 234.84 86.74  40.35  -0.63  -0.78  -0.00  0.78   -0.63  0.02   0.87   3.02   0.02   0.84   0.76   0.88   0.73   1.77   0.03   0.20   0.15   3.00   0.00   -999.25 -2.03  660.43 0.00   27.71  10.00  0.09   0.50   
1831657.95 405243.47 -6078.70 "9/11/2015" 285.00 1831657.95 405243.47 -6078.70 6.31   0.00   6.71   0.00   0.51   1945.57 78.44  68.86  27.48  -0.52  -0.86  0.00   0.86   -0.52  -0.01  0.90   3.64   0.14   0.92   0.94   0.94   0.91   4.20   0.17   0.41   0.40   3.00   0.00   -999.25 -1.75  1717.84 0.01   28.26  11.00  0.23   0.24   
1831691.83 405290.61 -6059.29 "9/11/2015" 286.00 1831691.83 405290.61 -6059.29 7.79   0.00   8.50   0.00   0.39   1938.70 69.95  56.65  44.93  -0.83  0.55   -0.07  -0.55  -0.83  -0.00  0.73   3.73   0.23   0.91   0.93   0.82   0.80   7.02   0.28   0.54   0.47   3.00   0.00   -999.25 -2.13  478.20 0.00   13.62  11.00  0.57   0.09   
1831918.10 405224.70 -6027.05 "9/11/2015" 288.00 1831918.10 405224.70 -6027.05 2.32   3.00   2.62   0.00   0.91   1712.52 137.83 35.74  16.23  0.58   0.81   0.00   0.79   -0.56  0.24   0.27   3.01   0.02   0.81   0.77   0.75   0.62   2.00   0.04   0.22   0.18   3.00   0.00   -999.25 -2.04  641.40 0.00   34.63  11.00  0.05   0.33   
1831712.16 405393.19 -5977.68 "9/11/2015" 289.00 1831712.16 405393.19 -5977.68 5.29   0.00   5.57   0.00   1.06   1967.21 91.98  57.59  44.04  -0.79  0.57   -0.23  -0.59  -0.81  0.00   0.98   3.31   0.05   0.89   0.91   0.84   0.79   2.61   0.07   0.31   0.21   3.00   0.00   -999.25 -1.91  1020.68 0.00   27.46  11.00  0.15   0.24   
1831492.60 405162.42 -6212.65 "9/11/2015" 290.00 1831492.60 405162.42 -6212.65 2.53   0.00   3.11   0.00   0.50   2076.36 223.12 68.67  32.24  -0.45  -0.89  0.00   0.89   -0.45  0.01   0.41   3.04   0.04   0.77   0.68   0.80   0.62   2.33   0.06   0.24   0.22   3.00   0.00   -999.25 -2.24  318.87 0.00   16.41  11.00  0.22   0.20   
1831745.87 405287.81 -6063.30 "9/11/2015" 291.00 1831745.87 405287.81 -6063.30 6.67   0.00   6.88   0.00   0.38   1893.62 165.42 71.56  46.78  -0.55  -0.83  0.00   0.83   -0.55  0.07   0.00   3.71   0.16   0.94   0.93   0.92   0.89   4.58   0.18   0.42   0.42   3.00   0.00   -999.25 -1.70  2086.90 0.01   42.84  11.00  0.08   0.14   
1831523.93 404988.38 -6229.29 "9/11/2015" 292.00 1831523.93 404988.38 -6229.29 1.90   0.00   2.38   0.00   0.68   1981.82 427.41 71.66  18.73  -0.39  -0.92  -0.00  0.92   -0.39  0.07   0.08   3.00   0.03   0.72   0.74   0.81   0.66   1.91   0.04   0.20   0.18   3.00   0.00   -999.25 -2.45  154.37 0.00   10.92  9.00   0.36   0.35   
1831499.49 405118.89 -6262.74 "9/11/2015" 293.00 1831499.49 405118.89 -6262.74 2.77   0.00   3.27   0.00   0.68   2064.15 439.85 71.26  44.01  -0.44  -0.90  0.00   0.88   -0.44  0.17   0.52   3.11   0.04   0.81   0.73   0.86   0.69   2.29   0.06   0.24   0.22   3.00   0.00   -999.25 -1.95  865.72 0.00   32.74  11.00  0.07   0.26   
1831643.32 405598.30 -6303.79 "9/11/2015" 294.00 1831643.32 405598.30 -6303.79 2.20   0.00   2.38   0.00   0.67   2209.14 268.87 72.60  44.98  -0.64  -0.77  0.00   0.75   -0.62  0.23   0.08   3.06   0.02   0.75   0.77   0.83   0.70   1.81   0.03   0.18   0.18   3.00   0.00   -999.25 -2.26  304.44 0.00   15.69  10.00  0.24   0.43   
1831725.13 405338.45 -6153.06 "9/11/2015" 295.00 1831725.13 405338.45 -6153.06 18.55  0.00   19.57  0.00   0.37   1956.63 68.29  56.38  21.93  -0.83  0.56   0.06   -0.56  -0.83  -0.00  0.98   4.22   0.42   0.96   0.99   0.95   0.94   16.55  0.46   0.82   0.53   3.00   0.00   -999.25 -1.44  5079.87 0.01   18.29  11.00  2.52   0.11   
1831762.54 405302.12 -6045.78 "9/11/2015" 297.00 1831762.54 405302.12 -6045.78 2.66   3.00   3.03   0.00   0.46   1884.91 105.68 39.94  19.46  0.57   0.82   0.00   0.75   -0.52  0.40   0.08   3.10   0.03   0.77   0.81   0.82   0.69   2.17   0.05   0.19   0.25   3.00   0.00   -999.25 -2.24  318.33 0.00   15.22  9.00   0.27   0.22   
1831751.91 405316.83 -6184.65 "9/11/2015" 298.00 1831751.91 405316.83 -6184.65 3.95   0.00   4.08   0.00   0.22   1930.57 87.80  70.46  9.84   -0.58  -0.82  0.00   0.82   -0.58  0.04   0.74   3.40   0.06   0.94   0.95   0.93   0.91   2.67   0.07   0.28   0.25   3.00   0.00   -999.25 -1.49  4290.81 0.01   42.76  11.00  0.17   0.12   
1831832.10 405326.72 -6198.18 "9/11/2015" 299.00 1831832.10 405326.72 -6198.18 3.40   0.00   4.11   0.00   0.43   1876.47 220.02 68.97  32.32  -0.60  -0.80  0.00   0.80   -0.60  0.02   0.30   3.38   0.08   0.89   0.86   0.83   0.77   3.34   0.13   0.33   0.33   3.00   0.00   -999.25 -2.23  336.69 0.00   16.38  10.00  0.23   0.12   
1831594.32 405247.96 -6181.44 "9/11/2015" 301.00 1831594.32 405247.96 -6181.44 13.98  0.00   15.07  0.00   0.64   2022.49 70.26  57.98  9.45   -0.86  0.50   -0.03  -0.50  -0.87  -0.00  0.98   4.13   0.33   0.96   0.98   0.95   0.94   11.00  0.37   0.87   0.41   3.00   0.00   -999.25 -1.72  1919.93 0.01   13.63  11.00  2.31   0.11   
1831445.74 404991.65 -6152.06 "9/11/2015" 302.00 1831445.74 404991.65 -6152.06 2.88   0.00   3.01   0.00   0.60   2035.08 588.53 112.64 34.77  -0.38  -0.93  -0.00  0.92   -0.38  -0.06  0.26   3.11   0.04   0.80   0.82   0.88   0.78   2.31   0.06   0.23   0.23   3.00   0.00   -999.25 -2.04  641.39 0.00   22.99  11.00  0.16   0.22   
1831476.51 405211.47 -6236.73 "9/11/2015" 303.00 1831476.51 405211.47 -6236.73 5.18   0.00   5.84   0.00   0.37   2118.04 236.47 71.63  18.02  -0.47  -0.88  -0.00  0.88   -0.47  0.06   0.68   3.54   0.14   0.91   0.91   0.88   0.84   4.23   0.18   0.41   0.40   3.00   0.00   -999.25 -1.88  1099.13 0.00   27.72  11.00  0.16   0.13   
1832005.95 405284.82 -6279.83 "9/11/2015" 304.00 1832005.95 405284.82 -6279.83 4.44   0.00   5.21   0.00   0.44   1743.89 371.56 74.07  41.59  -0.63  -0.77  0.00   0.76   -0.62  0.20   0.41   3.59   0.15   0.90   0.88   0.85   0.79   4.23   0.18   0.37   0.43   3.00   0.00   -999.25 -2.32  246.25 0.00   15.74  11.00  0.19   0.20   
1831780.45 405344.15 -6183.83 "9/11/2015" 305.00 1831780.45 405344.15 -6183.83 18.72  0.00   20.11  0.00   0.31   1923.20 70.47  55.25  9.87   -0.82  0.57   -0.04  -0.57  -0.82  0.00   0.02   4.30   0.45   0.96   0.99   0.93   0.93   15.97  0.50   0.86   0.57   3.00   0.00   -999.25 -1.56  3359.53 0.01   18.95  11.00  1.50   0.10   
1831509.46 405181.46 -6208.51 "9/11/2015" 306.00 1831509.46 405181.46 -6208.51 4.02   0.00   4.81   0.00   0.36   2069.34 353.68 68.69  32.25  -0.47  -0.89  0.00   0.89   -0.47  0.01   0.25   3.25   0.07   0.75   0.76   0.87   0.71   3.11   0.11   0.29   0.32   3.00   0.00   -999.25 -2.11  509.05 0.00   17.65  11.00  0.28   0.14   
1831839.18 405411.92 -6167.15 "9/11/2015" 307.00 1831839.18 405411.92 -6167.15 6.28   0.00   6.73   0.00   0.30   1913.94 118.87 79.93  11.57  -0.62  -0.78  0.00   0.78   -0.62  0.04   0.38   3.37   0.14   0.95   0.93   0.84   0.82   4.64   0.18   0.40   0.42   3.00   0.00   -999.25 -1.98  803.52 0.00   20.08  10.00  0.30   0.09   
1831850.43 405390.30 -6223.59 "9/11/2015" 310.00 1831850.43 405390.30 -6223.59 4.40   0.00   4.84   0.00   0.47   1906.47 171.45 72.10  19.27  -0.62  -0.79  -0.00  0.78   -0.62  0.08   0.49   3.47   0.10   0.90   0.89   0.80   0.75   3.84   0.13   0.40   0.33   3.00   0.00   -999.25 -2.17  404.53 0.00   18.16  11.00  0.21   0.15   
1831572.00 405164.53 -6141.90 "9/11/2015" 311.00 1831572.00 405164.53 -6141.90 4.87   0.00   4.68   0.00   0.63   1992.80 152.09 90.92  28.81  -0.47  -0.88  0.00   0.88   -0.47  -0.05  0.96   3.16   0.09   0.91   0.93   0.93   0.89   3.49   0.13   0.40   0.30   3.00   0.00   -999.25 -1.98  783.31 0.00   18.60  11.00  0.37   0.18   
1831514.18 405266.70 -6240.27 "9/11/2015" 312.00 1831514.18 405266.70 -6240.27 4.19   0.00   4.73   0.00   0.38   2112.91 205.75 71.49  17.83  -0.50  -0.87  -0.00  0.86   -0.50  0.07   0.84   3.51   0.10   0.93   0.93   0.90   0.86   3.50   0.12   0.33   0.37   3.00   0.00   -999.25 -1.88  1112.87 0.00   33.98  11.00  0.09   0.11   
1831749.34 405459.53 -6198.44 "9/11/2015" 313.00 1831749.34 405459.53 -6198.44 2.23   0.00   2.67   0.00   0.61   2018.45 407.59 68.67  32.28  -0.62  -0.78  0.00   0.78   -0.62  0.01   0.32   3.01   0.02   0.73   0.71   0.88   0.68   1.95   0.04   0.19   0.20   3.00   0.00   -999.25 -2.09  546.45 0.00   20.10  10.00  0.20   0.24   
1831375.90 404923.77 -6229.22 "9/11/2015" 315.00 1831375.90 404923.77 -6229.22 5.43   0.00   6.19   0.00   0.44   2092.87 407.92 71.17  17.94  -0.33  -0.94  0.00   0.94   -0.33  0.07   0.87   3.58   0.13   0.85   0.86   0.91   0.83   4.18   0.16   0.41   0.39   3.00   0.00   -999.25 -1.79  1500.35 0.00   31.92  11.00  0.14   0.20   
1831535.30 405232.76 -6250.41 "9/11/2015" 316.00 1831535.30 405232.76 -6250.41 12.22  0.00   13.77  0.00   0.44   2081.45 74.94  71.12  44.12  -0.46  -0.89  0.01   -0.88  0.45   -0.17  0.89   4.29   0.40   0.95   0.97   0.92   0.91   7.64   0.45   0.82   0.55   3.00   0.00   -999.25 -1.45  4866.51 0.02   34.75  11.00  0.35   0.20   
1831536.68 405198.66 -6247.42 "9/11/2015" 317.00 1831536.68 405198.66 -6247.42 12.09  0.00   13.37  0.00   0.45   2063.55 71.69  59.01  18.18  -0.88  0.47   -0.07  -0.47  -0.88  0.00   0.95   4.26   0.37   0.97   0.98   0.93   0.93   9.20   0.41   0.84   0.49   3.00   0.00   -999.25 -1.57  3304.92 0.01   28.70  11.00  0.42   0.13   
