# Petrel Points with attributes
# Unit in X and Y direction: ftUS
# Unit in depth: ft
VERSION 1
BEGIN HEADER
X
Y
Z
DATE,Time
DOUBLE,Event ID
DOUBLE,X(easting)
DOUBLE,Y(northing)
DOUBLE,Z(elevation)
DOUBLE,Detection SNR
DOUBLE,Event type
DOUBLE,Location SNR
DOUBLE,NOISE_LEVEL_ACC
DOUBLE,PSH_AMPL_RATIO
DOUBLE,QC Distance
DOUBLE,QC_EIGVAL_MAX
DOUBLE,QC_EIGVAL_MID
DOUBLE,QC_EIGVAL_MIN
DOUBLE,QC_EIGVEC_MAX_E
DOUBLE,QC_EIGVEC_MAX_N
DOUBLE,QC_EIGVEC_MAX_U
DOUBLE,QC_EIGVEC_MID_E
DOUBLE,QC_EIGVEC_MID_N
DOUBLE,QC_EIGVEC_MID_U
DOUBLE,QC_LOC_T0
DOUBLE,QI_CONFIDENCE
DOUBLE,QI_DATA_LOCATION
DOUBLE,QI_ORTHOGONALITY
DOUBLE,QI_POLARIZATION_AZM
DOUBLE,QI_POLARIZATION_INC
DOUBLE,QI_POLARIZATION_RESIDUAL
DOUBLE,QI_SNR
DOUBLE,QI_TRACEDATA
DOUBLE,QI_TRACEDATA_P
DOUBLE,QI_TRACEDATA_S
DOUBLE,SP_COMPONENTS_USED
DOUBLE,SP_ENERGY
DOUBLE,SP_LOCAL_MAGNITUDE
DOUBLE,SP_MAGNITUDE
DOUBLE,SP_MOMENT
DOUBLE,SP_POTENCY
DOUBLE,SP_RADIUS
DOUBLE,SP_RECEIVERS_USED
DOUBLE,SP_STRESS_DROP
DOUBLE,SVSH_AMPL_RATIO
END HEADER
1833315.01 402271.80 -6086.10 "15/11/2015" 1.00   1833315.01 402271.80 -6086.10 2.12   3.00   2.57   0.00   0.48   2008.02 79.19  28.13  2.60   1.00   0.01   0.00   -0.01  1.00   0.00   0.32   2.99   0.02   0.78   0.76   0.75   0.64   1.85   0.04   0.16   0.21   3.00   0.00   -999.25 -2.14  459.76 0.00   23.83  10.00  0.10   0.32   
1833557.50 401891.72 -6359.75 "15/11/2015" 2.00   1833557.50 401891.72 -6359.75 6.17   0.00   6.51   0.00   0.77   2454.58 81.26  70.09  54.57  -0.09  0.70   0.71   0.99   0.12   0.00   0.43   3.81   0.15   0.90   0.98   0.89   0.89   4.78   0.17   0.67   0.26   3.00   0.00   -999.25 -1.52  3851.28 0.02   37.92  11.00  0.21   0.26   
1833703.17 401927.25 -6203.23 "15/11/2015" 4.00   1833703.17 401927.25 -6203.23 1.89   0.00   2.06   0.00   1.03   2404.59 176.66 82.45  61.95  -0.98  -0.17  0.00   0.17   -0.95  0.25   0.66   2.76   0.01   0.74   0.62   0.78   0.59   1.71   0.03   0.19   0.15   3.00   0.00   -999.25 -2.00  731.96 0.00   19.70  10.00  0.29   0.62   
1833442.72 401982.37 -6358.75 "15/11/2015" 3.00   1833442.72 401982.37 -6358.75 2.75   0.00   3.18   0.00   0.63   2357.24 433.98 79.72  53.99  -1.00  -0.07  -0.00  -0.05  0.71   0.70   0.05   3.20   0.05   0.88   0.85   0.77   0.71   2.49   0.07   0.24   0.25   3.00   0.00   -999.25 -2.32  241.67 0.00   12.88  10.00  0.34   0.50   
1833534.05 401891.50 -6368.62 "15/11/2015" 6.00   1833534.05 401891.50 -6368.62 2.46   0.00   3.35   0.00   1.46   2454.67 176.42 82.43  61.59  -0.99  -0.10  0.00   -0.04  0.37   0.93   0.99   3.39   0.03   0.57   0.91   0.88   0.83   2.78   0.07   0.38   0.18   3.00   0.00   -999.25 -1.63  2654.02 0.01   50.12  11.00  0.06   0.36   
1833480.54 401891.04 -6357.20 "15/11/2015" 5.00   1833480.54 401891.04 -6357.20 2.10   3.00   2.51   0.00   2.14   2423.14 125.04 32.91  24.66  1.00   0.08   0.00   -0.07  0.83   0.56   0.54   3.29   0.03   0.76   0.87   0.92   0.84   2.42   0.05   0.34   0.14   3.00   0.00   -999.25 -2.07  571.03 0.00   22.11  10.00  0.16   0.83   
1833652.86 401940.73 -6376.81 "15/11/2015" 7.00   1833652.86 401940.73 -6376.81 3.50   0.00   3.92   0.00   1.21   2424.70 178.26 82.62  62.31  -0.99  -0.15  0.00   -0.06  0.37   0.93   0.46   3.37   0.07   0.78   0.86   0.81   0.75   3.11   0.09   0.41   0.21   3.00   0.00   -999.25 -2.28  280.65 0.00   13.16  11.00  0.37   0.31   
1833533.33 401923.40 -6363.73 "15/11/2015" 8.00   1833533.33 401923.40 -6363.73 6.39   0.00   6.91   0.00   1.43   2422.71 82.77  68.78  55.64  0.07   -0.71  -0.70  0.99   0.11   -0.01  0.86   3.95   0.19   0.89   0.95   0.95   0.92   5.52   0.23   0.73   0.30   3.00   0.00   -999.25 -1.91  1012.27 0.00   18.78  11.00  0.46   0.36   
1833764.99 401997.09 -6368.55 "15/11/2015" 9.00   1833764.99 401997.09 -6368.55 2.94   0.00   3.14   0.00   1.19   2388.71 182.23 80.57  61.24  -0.98  -0.20  0.00   -0.08  0.38   0.92   0.76   3.26   0.04   0.73   0.80   0.92   0.78   2.44   0.06   0.31   0.18   3.00   0.00   -999.25 -2.10  531.87 0.00   24.57  11.00  0.11   0.48   
1833498.75 401960.17 -6354.93 "15/11/2015" 10.00  1833498.75 401960.17 -6354.93 5.15   0.00   5.55   0.00   1.39   2381.82 120.87 79.70  53.94  -1.00  -0.09  -0.00  -0.06  0.70   0.71   0.24   3.73   0.13   0.87   0.94   0.94   0.91   4.17   0.16   0.58   0.26   3.00   0.00   -999.25 -1.93  950.75 0.00   25.48  11.00  0.17   0.46   
1833568.67 401936.49 -6341.71 "15/11/2015" 12.00  1833568.67 401936.49 -6341.71 4.22   0.00   4.83   0.00   1.40   2408.21 161.38 79.94  53.87  -0.99  -0.12  0.00   -0.08  0.70   0.71   0.64   3.63   0.11   0.85   0.94   0.88   0.85   4.42   0.14   0.58   0.25   3.00   0.00   -999.25 -2.22  348.92 0.00   12.74  11.00  0.51   0.28   
1833461.90 401967.32 -6323.52 "15/11/2015" 13.00  1833461.90 401967.32 -6323.52 2.30   0.00   2.69   0.00   0.71   2363.74 244.84 66.93  47.50  -1.00  -0.07  -0.00  0.07   -0.95  -0.29  0.81   3.05   0.03   0.80   0.76   0.73   0.61   2.23   0.05   0.22   0.22   3.00   0.00   -999.25 -2.05  629.37 0.00   24.98  11.00  0.12   0.62   
1833748.93 401955.64 -6315.24 "15/11/2015" 14.00  1833748.93 401955.64 -6315.24 2.55   0.00   2.92   0.00   1.29   2410.92 164.61 65.66  46.50  -0.98  -0.20  0.00   0.19   -0.93  -0.31  0.15   3.22   0.04   0.76   0.85   0.80   0.71   2.54   0.06   0.35   0.16   3.00   0.00   -999.25 -2.31  249.28 0.00   10.96  11.00  0.57   0.37   
1833561.71 402381.80 -6119.94 "15/11/2015" 17.00  1833561.71 402381.80 -6119.94 3.08   0.00   3.73   0.00   0.29   1926.11 100.16 86.64  62.52  -0.99  -0.16  -0.00  0.16   -0.99  -0.02  0.83   3.27   0.04   0.81   0.81   0.91   0.78   2.48   0.06   0.19   0.31   3.00   0.00   -999.25 -1.75  1751.04 0.00   31.33  11.00  0.17   0.15   
1833475.24 402036.12 -6221.73 "15/11/2015" 18.00  1833475.24 402036.12 -6221.73 3.90   0.00   5.03   0.00   0.19   2273.86 390.39 72.08  62.48  -1.00  -0.08  0.00   0.02   -0.20  0.98   0.19   3.32   0.06   0.83   0.77   0.83   0.71   3.45   0.09   0.22   0.39   3.00   0.00   -999.25 -1.98  780.09 0.00   20.11  11.00  0.29   0.17   
1833529.54 402036.51 -6300.71 "15/11/2015" 23.00  1833529.54 402036.51 -6300.71 6.03   0.00   6.95   0.00   1.09   2297.32 65.56  63.31  54.03  -0.99  -0.16  -0.00  0.15   -0.98  -0.15  0.59   3.91   0.20   0.91   0.95   0.93   0.91   5.01   0.22   0.72   0.28   3.00   0.00   -999.25 -1.81  1430.09 0.01   21.24  11.00  0.45   0.23   
1833779.38 401666.84 -6448.81 "15/11/2015" 26.00  1833779.38 401666.84 -6448.81 3.28   0.00   3.98   0.00   0.86   2724.87 203.21 75.91  57.16  -0.98  -0.18  -0.00  -0.12  0.65   0.75   0.78   3.58   0.06   0.83   0.94   0.91   0.89   3.43   0.08   0.50   0.19   3.00   0.00   -999.25 -2.03  669.43 0.00   17.31  11.00  0.39   0.20   
1833466.24 401953.33 -6312.10 "15/11/2015" 27.00  1833466.24 401953.33 -6312.10 2.44   0.00   2.83   0.00   1.69   2374.67 182.09 66.44  47.01  -1.00  -0.07  0.00   0.07   -0.95  -0.31  0.81   3.36   0.04   0.81   0.90   0.90   0.85   2.52   0.06   0.34   0.16   3.00   0.00   -999.25 -2.23  333.10 0.00   14.06  11.00  0.36   0.61   
1833579.37 401790.72 -6356.20 "15/11/2015" 28.00  1833579.37 401790.72 -6356.20 3.17   0.00   3.75   0.00   1.59   2553.10 190.83 83.79  56.16  -0.99  -0.12  -0.00  -0.08  0.70   0.71   0.11   3.51   0.07   0.79   0.94   0.87   0.84   3.41   0.10   0.49   0.19   3.00   0.00   -999.25 -1.82  1352.79 0.01   27.27  11.00  0.20   0.69   
1833811.10 402006.47 -6313.05 "15/11/2015" 29.00  1833811.10 402006.47 -6313.05 2.25   0.00   2.48   0.00   1.42   2375.03 210.52 65.72  46.53  -0.97  -0.23  0.00   0.22   -0.93  -0.30  0.79   3.18   0.03   0.86   0.82   0.85   0.74   2.18   0.04   0.29   0.14   3.00   0.00   -999.25 -2.20  367.46 0.00   15.62  11.00  0.29   0.47   
1833602.28 402326.36 -6263.87 "15/11/2015" 30.00  1833602.28 402326.36 -6263.87 3.35   3.00   2.85   0.00   0.83   2019.86 200.82 29.83  22.31  0.99   0.16   -0.00  -0.16  0.97   0.20   0.88   3.04   0.02   0.72   0.70   0.83   0.65   2.10   0.04   0.20   0.22   3.00   0.00   -999.25 -1.93  951.88 0.00   29.30  11.00  0.12   0.31   
1833727.69 402071.43 -6336.91 "15/11/2015" 31.00  1833727.69 402071.43 -6336.91 2.86   0.00   3.39   0.00   0.67   2302.80 184.96 66.11  46.55  -0.98  -0.20  -0.00  0.19   -0.94  -0.30  0.98   3.31   0.07   0.81   0.84   0.86   0.76   2.73   0.09   0.32   0.23   3.00   0.00   -999.25 -2.22  344.77 0.00   14.01  11.00  0.38   0.27   
1833325.48 402406.35 -6150.58 "15/11/2015" 33.00  1833325.48 402406.35 -6150.58 2.47   0.00   3.41   0.00   0.64   1889.81 124.72 69.46  46.63  -1.00  -0.02  0.00   0.02   -0.97  0.24   0.39   2.85   0.02   0.65   0.63   0.71   0.49   2.13   0.05   0.18   0.25   3.00   0.00   -999.25 -2.01  717.04 0.00   27.44  11.00  0.11   0.36   
1833248.97 401966.08 -6144.75 "15/11/2015" 32.00  1833248.97 401966.08 -6144.75 1.94   0.00   2.29   0.00   1.08   2319.48 322.02 64.85  30.25  -1.00  0.01   -0.00  -0.01  -0.99  0.12   0.05   2.68   0.02   0.76   0.72   0.82   0.64   1.83   0.03   0.21   0.15   3.00   0.00   -999.25 -2.03  655.33 0.00   18.80  11.00  0.30   0.47   
1833625.52 401933.98 -6458.18 "15/11/2015" 34.00  1833625.52 401933.98 -6458.18 13.27  0.00   14.76  0.00   0.35   2450.51 80.07  69.26  61.00  0.09   -0.75  -0.66  0.99   0.13   -0.01  0.94   4.09   0.24   0.93   0.99   0.89   0.89   24.07  0.28   0.87   0.33   3.00   0.03   -999.25 -1.36  6624.62 0.02   11.59  11.00  12.94  0.24   
1833175.22 401989.79 -6037.94 "15/11/2015" 35.00  1833175.22 401989.79 -6037.94 1.89   3.00   2.07   0.00   0.53   2281.23 160.59 45.17  22.56  1.00   -0.05  0.00   0.05   0.98   0.17   0.29   2.01   0.00   0.79   0.81   0.82   0.70   2.11   0.04   0.21   0.19   3.00   0.00   -999.25 -1.91  991.51 0.00   25.95  8.00   0.17   0.18   
1833446.36 401897.33 -6448.68 "15/11/2015" 36.00  1833446.36 401897.33 -6448.68 6.21   0.00   6.80   0.00   1.57   2464.39 92.73  69.79  66.56  0.06   -0.81  -0.59  1.00   0.06   0.02   0.06   4.06   0.17   0.88   0.99   0.93   0.93   6.75   0.21   0.89   0.24   3.00   0.00   -999.25 -1.40  5908.00 0.02   22.73  11.00  1.53   0.93   
1833198.08 402251.01 -6314.18 "15/11/2015" 38.00  1833198.08 402251.01 -6314.18 1.83   0.00   2.25   0.00   0.65   2083.77 472.09 78.36  51.94  -1.00  0.04   0.00   -0.04  -0.97  -0.23  0.32   2.85   0.01   0.65   0.65   0.73   0.53   1.61   0.03   0.16   0.16   3.00   0.00   -999.25 -2.16  419.31 0.00   23.20  9.00   0.10   0.38   
1833262.39 401987.01 -6278.09 "15/11/2015" 39.00  1833262.39 401987.01 -6278.09 3.31   3.00   3.93   0.00   0.41   2327.17 172.45 29.90  14.70  1.00   -0.01  -0.00  0.01   0.99   0.12   0.21   3.28   0.05   0.85   0.84   0.84   0.76   2.69   0.07   0.22   0.30   3.00   0.00   -999.25 -2.19  388.63 0.00   15.92  11.00  0.29   0.29   
1833622.16 402284.53 -6235.98 "15/11/2015" 42.00  1833622.16 402284.53 -6235.98 2.01   0.00   2.31   0.00   0.80   2055.57 433.63 160.24 110.78 -0.99  -0.17  0.00   0.16   -0.91  -0.38  0.86   2.85   0.01   0.68   0.60   0.77   0.53   1.70   0.03   0.16   0.18   3.00   0.00   -999.25 -2.18  390.55 0.00   15.60  11.00  0.31   0.34   
1833785.36 402438.27 -6044.59 "15/11/2015" 41.00  1833785.36 402438.27 -6044.59 2.24   0.00   2.57   0.00   2.12   1902.59 139.20 63.82  34.32  -0.97  -0.26  0.00   0.26   -0.97  -0.00  0.53   3.16   0.03   0.78   0.77   0.89   0.73   2.29   0.05   0.32   0.14   3.00   0.00   -999.25 -1.98  798.98 0.00   29.81  11.00  0.09   0.47   
1833351.68 402203.60 -6190.76 "15/11/2015" 44.00  1833351.68 402203.60 -6190.76 4.80   0.00   5.36   0.00   0.91   2096.98 165.08 137.78 132.44 0.03   -0.94  0.34   1.00   0.04   0.05   0.27   3.14   0.02   0.87   0.89   0.90   0.83   1.57   0.02   0.21   0.11   3.00   0.00   -999.25 -1.75  1721.27 0.00   25.50  11.00  0.32   0.19   
1833626.75 402133.36 -6072.43 "15/11/2015" 45.00  1833626.75 402133.36 -6072.43 2.59   0.00   3.16   0.00   0.30   2168.30 387.04 63.63  20.24  -0.99  -0.16  -0.00  0.16   -0.99  -0.03  0.38   3.15   0.03   0.85   0.82   0.82   0.74   2.22   0.05   0.18   0.26   3.00   0.00   -999.25 -1.76  1686.95 0.00   38.19  11.00  0.09   0.22   
1833365.85 402285.96 -6246.96 "15/11/2015" 51.00  1833365.85 402285.96 -6246.96 2.86   0.00   3.29   0.00   0.96   2031.26 199.37 66.22  63.34  -1.00  -0.04  -0.00  0.00   -0.09  1.00   0.84   3.21   0.03   0.82   0.78   0.87   0.74   2.33   0.05   0.21   0.25   3.00   0.00   -999.25 -2.02  680.37 0.00   24.49  11.00  0.14   0.25   
1833864.61 402336.12 -6178.88 "15/11/2015" 52.00  1833864.61 402336.12 -6178.88 2.78   0.00   3.48   0.00   0.41   2047.02 401.10 63.27  52.34  -0.96  -0.28  0.00   0.28   -0.96  0.05   0.18   3.06   0.04   0.64   0.62   0.89   0.60   2.55   0.07   0.22   0.27   3.00   0.00   -999.25 -2.16  421.26 0.00   15.26  11.00  0.36   0.48   
1833843.03 402307.37 -6103.82 "15/11/2015" 53.00  1833843.03 402307.37 -6103.82 16.50  0.00   16.07  0.00   0.45   2052.54 131.47 64.38  44.42  -0.96  -0.27  -0.00  0.27   -0.96  -0.03  0.28   3.92   0.22   0.93   0.95   0.90   0.87   8.16   0.26   0.60   0.45   3.00   0.00   -999.25 -1.53  3694.44 0.01   23.84  11.00  0.83   0.11   
1833735.73 402021.41 -6264.87 "15/11/2015" 54.00  1833735.73 402021.41 -6264.87 2.01   0.00   2.28   0.00   3.07   2333.67 252.17 229.20 204.99 0.20   -0.92  0.32   0.98   0.21   -0.01  0.99   2.91   0.01   0.76   0.81   0.78   0.69   1.33   0.02   0.15   0.12   3.00   0.00   -999.25 -2.06  603.59 0.00   19.38  9.00   0.25   1.04   
1833729.03 402051.22 -6205.17 "15/11/2015" 55.00  1833729.03 402051.22 -6205.17 1.73   0.00   2.05   0.00   3.45   2290.54 151.56 117.81 58.10  -0.98  -0.19  0.00   0.19   -0.98  0.08   0.86   3.08   0.01   0.68   0.90   0.87   0.83   1.98   0.03   0.29   0.10   3.00   0.00   -999.25 -2.14  456.67 0.00   19.78  11.00  0.18   0.78   
1833779.54 401824.40 -6358.63 "15/11/2015" 56.00  1833779.54 401824.40 -6358.63 2.27   3.00   2.51   0.00   1.01   2552.18 212.59 33.19  24.91  0.98   0.20   -0.00  -0.16  0.79   0.59   0.98   3.18   0.03   0.80   0.87   0.87   0.80   2.06   0.04   0.26   0.15   3.00   0.00   -999.25 -2.36  212.45 0.00   10.33  11.00  0.59   0.38   
1833373.90 401793.59 -6432.96 "15/11/2015" 57.00  1833373.90 401793.59 -6432.96 21.98  0.00   22.75  0.00   0.88   2555.56 74.50  72.67  56.79  -0.09  0.69   0.72   1.00   0.08   0.05   0.45   4.31   0.35   0.91   0.99   0.94   0.94   55.35  0.39   0.97   0.40   3.00   0.22   -999.25 -0.75  55796.61 0.19   23.74  11.00  12.67  0.56   
1833832.05 402172.20 -6073.41 "15/11/2015" 58.00  1833832.05 402172.20 -6073.41 16.63  0.00   17.34  0.00   0.32   2172.69 101.44 63.79  20.21  -0.97  -0.25  0.00   0.25   -0.97  -0.03  0.16   4.14   0.33   0.94   0.97   0.92   0.90   11.37  0.39   0.80   0.48   3.00   0.00   -999.25 -1.56  3378.25 0.01   18.02  11.00  1.75   0.11   
1833333.26 401848.16 -6358.16 "15/11/2015" 61.00  1833333.26 401848.16 -6358.16 2.21   0.00   2.78   0.00   0.49   2481.85 283.95 80.30  53.88  -1.00  -0.02  -0.00  -0.02  0.70   0.71   0.95   3.08   0.03   0.69   0.72   0.90   0.70   1.92   0.04   0.18   0.20   3.00   0.00   -999.25 -2.17  404.29 0.00   19.02  11.00  0.18   0.27   
1833721.68 402339.15 -6071.48 "15/11/2015" 62.00  1833721.68 402339.15 -6071.48 11.31  0.00   11.50  0.00   0.56   1986.72 85.19  63.79  21.18  -0.98  -0.22  -0.00  0.22   -0.97  -0.03  0.97   4.12   0.29   0.95   0.96   0.94   0.92   7.73   0.34   0.79   0.42   3.00   0.00   -999.25 -1.75  1779.76 0.01   21.83  11.00  0.52   0.16   
1833731.93 402340.94 -6074.67 "15/11/2015" 63.00  1833731.93 402340.94 -6074.67 4.59   0.00   5.39   0.00   0.62   1987.83 138.79 63.86  21.17  -0.97  -0.23  -0.00  0.23   -0.97  -0.03  0.43   3.56   0.13   0.87   0.89   0.89   0.84   3.91   0.16   0.45   0.33   3.00   0.00   -999.25 -1.99  755.09 0.00   20.28  11.00  0.28   0.32   
1833573.90 402404.98 -6258.56 "15/11/2015" 64.00  1833573.90 402404.98 -6258.56 3.86   0.00   3.22   0.00   0.63   1939.46 291.41 175.68 75.88  -0.99  -0.16  0.00   0.16   -0.98  -0.14  0.20   3.22   0.04   0.86   0.86   0.85   0.78   2.50   0.05   0.17   0.32   3.00   0.00   -999.25 -1.92  990.63 0.00   29.13  11.00  0.12   0.25   
1833657.65 402219.53 -6065.74 "15/11/2015" 65.00  1833657.65 402219.53 -6065.74 3.59   0.00   4.17   0.00   1.63   2088.56 90.97  63.79  31.90  -0.98  -0.18  0.00   0.18   -0.98  0.02   0.65   3.59   0.09   0.89   0.90   0.91   0.84   3.80   0.11   0.56   0.19   3.00   0.00   -999.25 -1.88  1124.03 0.00   24.69  11.00  0.23   0.46   
1832959.25 401908.02 -6183.63 "15/11/2015" 67.00  1832959.25 401908.02 -6183.63 2.33   3.00   2.57   0.00   0.99   2406.18 169.97 29.62  26.69  0.99   -0.14  -0.00  0.14   0.97   0.20   0.60   3.11   0.03   0.81   0.76   0.88   0.72   2.15   0.05   0.25   0.18   3.00   0.00   -999.25 -2.01  716.74 0.00   17.63  11.00  0.40   0.34   
1833121.07 403150.18 -5706.45 "15/11/2015" 69.00  1833121.07 403150.18 -5706.45 6.10   3.00   6.89   0.00   0.29   1108.23 95.64  30.84  15.04  0.99   -0.15  0.00   0.15   0.99   0.07   0.32   3.65   0.13   0.90   0.86   0.92   0.84   4.99   0.16   0.34   0.47   3.00   0.00   -999.25 -2.51  127.63 0.00   12.03  11.00  0.22   0.07   
1833824.71 402277.09 -6289.83 "15/11/2015" 71.00  1833824.71 402277.09 -6289.83 2.66   3.00   2.24   0.00   0.97   2118.82 218.68 29.63  21.84  0.96   0.26   -0.00  -0.26  0.96   0.13   0.08   3.02   0.01   0.72   0.78   0.85   0.70   1.59   0.02   0.19   0.13   3.00   0.00   -999.25 -2.02  691.33 0.00   24.19  11.00  0.15   0.58   
1833561.29 402092.45 -6119.45 "15/11/2015" 72.00  1833561.29 402092.45 -6119.45 1.85   0.00   2.04   0.00   0.71   2207.17 382.77 105.99 79.90  -0.99  -0.13  0.00   0.13   -0.99  0.03   0.76   2.93   0.01   0.79   0.77   0.77   0.61   1.59   0.02   0.18   0.14   3.00   0.00   -999.25 -1.87  1143.65 0.00   27.23  11.00  0.17   0.46   
1833474.94 401867.82 -6402.11 "15/11/2015" 73.00  1833474.94 401867.82 -6402.11 3.75   0.00   4.20   0.00   1.11   2481.25 220.10 73.63  62.65  -1.00  -0.08  0.00   -0.02  0.30   0.95   0.42   3.45   0.08   0.83   0.85   0.87   0.80   3.31   0.10   0.41   0.23   3.00   0.00   -999.25 -2.05  618.95 0.00   19.53  11.00  0.25   0.59   
1833367.84 401883.43 -6408.16 "15/11/2015" 74.00  1833367.84 401883.43 -6408.16 9.73   0.00   10.31  0.00   1.00   2462.22 73.28  70.04  62.79  -0.00  0.31   0.95   1.00   0.04   -0.01  0.51   4.12   0.26   0.91   0.98   0.93   0.92   7.41   0.29   0.83   0.37   3.00   0.00   -999.25 -1.78  1566.38 0.01   16.46  11.00  1.07   0.54   
1833424.01 401866.71 -6424.70 "15/11/2015" 75.00  1833424.01 401866.71 -6424.70 19.46  0.00   20.94  0.00   1.32   2485.34 73.53  70.80  62.85  -0.03  -0.30  -0.95  1.00   0.04   -0.05  0.46   4.23   0.30   0.93   0.99   0.92   0.92   7.98   0.33   0.96   0.34   3.00   0.05   -999.25 -1.19  12065.80 0.06   15.30  11.00  10.23  0.34   
1833212.99 401896.88 -6248.08 "15/11/2015" 76.00  1833212.99 401896.88 -6248.08 7.03   0.00   7.50   0.00   0.81   2409.00 74.61  69.72  62.40  0.01   -0.23  0.97   1.00   -0.03  -0.02  0.44   3.94   0.23   0.90   0.93   0.92   0.87   5.68   0.26   0.75   0.32   3.00   0.00   -999.25 -1.85  1258.56 0.00   17.30  11.00  0.74   0.19   
1834224.83 401792.29 -6219.71 "15/11/2015" 77.00  1834224.83 401792.29 -6219.71 2.82   0.00   3.12   0.00   1.62   2673.36 164.17 95.67  70.29  -0.93  -0.36  0.00   0.11   -0.29  0.95   0.60   3.37   0.04   0.85   0.94   0.87   0.85   2.57   0.06   0.36   0.16   3.00   0.00   -999.25 -1.79  1531.26 0.01   28.55  11.00  0.20   0.36   
1832963.41 401930.58 -6285.91 "15/11/2015" 78.00  1832963.41 401930.58 -6285.91 3.53   3.00   3.98   0.00   0.77   2405.77 151.26 29.46  22.74  0.99   -0.14  0.00   0.14   0.98   0.14   0.53   3.43   0.07   0.86   0.92   0.87   0.82   3.05   0.09   0.38   0.23   3.00   0.00   -999.25 -1.87  1156.66 0.00   27.12  11.00  0.18   0.23   
1833352.25 401904.39 -6286.48 "15/11/2015" 79.00  1833352.25 401904.39 -6286.48 1.90   0.00   2.30   0.00   0.70   2410.09 356.02 70.71  63.05  -1.00  -0.03  -0.00  0.03   -1.00  -0.09  0.74   2.97   0.02   0.77   0.67   0.81   0.61   1.80   0.03   0.19   0.17   3.00   0.00   -999.25 -2.28  276.86 0.00   12.23  11.00  0.46   0.35   
1834247.99 401920.65 -6259.54 "15/11/2015" 80.00  1834247.99 401920.65 -6259.54 2.00   3.00   2.30   0.00   1.75   2572.74 138.40 29.65  24.49  0.92   0.38   0.00   -0.37  0.89   0.26   0.25   3.02   0.02   0.86   0.94   0.91   0.89   2.13   0.04   0.30   0.12   3.00   0.00   -999.25 -1.94  913.39 0.00   28.67  11.00  0.12   0.42   
1833308.48 401990.59 -6239.82 "15/11/2015" 83.00  1833308.48 401990.59 -6239.82 3.39   0.00   4.81   0.00   0.11   2314.70 288.17 72.80  62.59  -1.00  -0.01  0.00   0.00   -0.20  0.98   0.93   3.15   0.05   0.71   0.68   0.83   0.61   3.23   0.07   0.18   0.38   3.00   0.00   -999.25 -1.95  869.44 0.00   19.36  11.00  0.36   0.11   
1834384.41 402104.99 -6312.64 "15/11/2015" 84.00  1834384.41 402104.99 -6312.64 2.07   3.00   2.36   0.00   1.26   2477.19 160.97 29.45  24.65  0.89   0.46   -0.00  -0.45  0.88   0.14   0.24   3.00   0.02   0.81   0.87   0.88   0.81   2.04   0.04   0.27   0.14   3.00   0.00   -999.25 -2.21  361.25 0.00   14.03  11.00  0.40   0.32   
1834002.01 402098.01 -6376.94 "15/11/2015" 86.00  1834002.01 402098.01 -6376.94 2.16   0.00   2.47   0.00   0.76   2356.96 231.23 83.62  64.25  -0.95  -0.32  0.00   -0.12  0.36   0.92   0.17   3.11   0.03   0.85   0.78   0.82   0.72   1.95   0.04   0.20   0.18   3.00   0.00   -999.25 -1.98  792.39 0.00   28.02  11.00  0.11   0.46   
1834161.29 401834.32 -6383.49 "15/11/2015" 87.00  1834161.29 401834.32 -6383.49 2.65   0.00   3.03   0.00   1.06   2649.28 304.18 91.95  66.19  -0.94  -0.34  -0.00  -0.13  0.36   0.92   0.93   3.32   0.05   0.81   0.86   0.88   0.80   2.56   0.06   0.35   0.16   3.00   0.00   -999.25 -2.10  521.69 0.00   18.88  11.00  0.24   0.27   
1833759.83 402021.84 -6404.51 "15/11/2015" 88.00  1833759.83 402021.84 -6404.51 2.01   0.00   2.30   0.00   2.08   2374.54 205.41 128.37 91.24  -0.98  -0.21  0.00   0.18   -0.84  -0.50  0.79   3.18   0.02   0.68   0.83   0.88   0.79   1.94   0.03   0.25   0.14   3.00   0.00   -999.25 -2.09  548.48 0.00   22.53  11.00  0.15   1.02   
1833948.11 402119.80 -6371.45 "15/11/2015" 89.00  1833948.11 402119.80 -6371.45 1.75   0.00   2.00   0.00   1.13   2319.68 234.62 79.46  61.33  -0.95  -0.30  0.00   -0.12  0.40   0.91   0.35   3.00   0.02   0.83   0.76   0.80   0.66   1.67   0.03   0.20   0.13   3.00   0.00   -999.25 -2.24  323.58 0.00   21.25  11.00  0.10   0.56   
1833706.02 402104.31 -6357.30 "15/11/2015" 90.00  1833706.02 402104.31 -6357.30 2.82   0.00   3.22   0.00   0.66   2273.34 251.59 79.34  53.98  -0.98  -0.19  -0.00  -0.14  0.71   0.69   0.27   3.31   0.04   0.89   0.90   0.89   0.84   2.40   0.06   0.25   0.23   3.00   0.00   -999.25 -2.13  464.02 0.00   20.75  11.00  0.16   0.26   
1833739.32 402177.69 -6243.08 "15/11/2015" 91.00  1833739.32 402177.69 -6243.08 4.17   0.00   5.04   0.00   0.32   2180.61 327.51 69.89  62.90  -0.98  -0.21  -0.00  0.04   -0.18  0.98   0.63   3.34   0.08   0.85   0.78   0.80   0.70   3.40   0.11   0.28   0.36   3.00   0.00   -999.25 -2.00  738.59 0.00   22.73  11.00  0.19   0.19   
1833687.46 402035.10 -6369.94 "15/11/2015" 93.00  1833687.46 402035.10 -6369.94 3.24   0.00   3.87   0.00   0.92   2338.90 218.06 79.78  61.31  -0.98  -0.18  0.00   -0.07  0.40   0.91   0.64   3.42   0.08   0.86   0.87   0.91   0.82   3.00   0.10   0.37   0.23   3.00   0.00   -999.25 -2.15  433.98 0.00   17.43  11.00  0.25   0.47   
1834379.20 401985.97 -6263.24 "15/11/2015" 94.00  1834379.20 401985.97 -6263.24 2.66   0.00   3.24   0.00   2.59   2567.58 111.99 72.28  60.38  -0.90  -0.44  -0.00  0.41   -0.84  0.37   0.10   3.48   0.05   0.80   0.96   0.93   0.91   3.40   0.07   0.48   0.15   3.00   0.00   -999.25 -2.05  625.40 0.00   15.24  11.00  0.54   0.46   
1833759.38 402154.56 -6135.60 "15/11/2015" 95.00  1833759.38 402154.56 -6135.60 4.35   0.00   4.89   0.00   0.50   2183.68 122.77 81.63  48.77  -0.98  -0.22  -0.00  0.21   -0.94  0.25   0.24   3.10   0.04   0.84   0.85   0.82   0.73   2.49   0.06   0.23   0.27   3.00   0.00   -999.25 -1.33  7403.59 0.02   54.28  11.00  0.14   0.20   
1833419.13 401905.91 -6389.60 "15/11/2015" 96.00  1833419.13 401905.91 -6389.60 2.46   0.00   2.96   0.00   0.56   2437.68 343.11 81.51  61.39  -1.00  -0.06  -0.00  -0.02  0.38   0.92   0.53   3.13   0.03   0.76   0.77   0.84   0.71   2.11   0.05   0.21   0.21   3.00   0.00   -999.25 -2.15  434.87 0.00   17.85  11.00  0.23   0.55   
1833574.73 401915.48 -6062.64 "15/11/2015" 99.00  1833574.73 401915.48 -6062.64 2.61   0.00   3.08   0.00   0.69   2372.79 233.56 63.91  28.15  -0.99  -0.13  -0.00  0.13   -0.99  0.04   0.83   3.13   0.03   0.77   0.81   0.88   0.76   2.07   0.04   0.22   0.20   3.00   0.00   -999.25 -1.96  858.96 0.00   25.62  11.00  0.16   0.26   
1833476.80 402438.62 -6199.42 "15/11/2015" 100.00 1833476.80 402438.62 -6199.42 1.94   0.00   2.32   0.00   0.60   1879.47 233.11 132.27 118.24 -0.99  -0.11  0.00   0.10   -0.90  -0.43  0.16   2.77   0.01   0.71   0.66   0.74   0.55   1.58   0.03   0.14   0.17   3.00   0.00   -999.25 -1.92  983.59 0.00   32.98  11.00  0.08   0.33   
1834305.15 401933.84 -6248.42 "15/11/2015" 102.00 1834305.15 401933.84 -6248.42 2.85   0.00   3.27   0.00   2.92   2580.47 92.46  71.67  60.20  -0.92  -0.40  -0.00  0.37   -0.86  0.35   0.49   3.57   0.05   0.76   0.96   0.90   0.89   3.81   0.07   0.55   0.13   3.00   0.00   -999.25 -1.80  1481.06 0.01   39.31  11.00  0.07   0.40   
1833982.11 401675.99 -6396.54 "15/11/2015" 103.00 1833982.11 401675.99 -6396.54 2.42   0.00   2.67   0.00   0.55   2746.67 175.93 92.31  65.21  -0.97  -0.26  -0.00  -0.10  0.35   0.93   0.09   3.27   0.03   0.81   0.92   0.89   0.86   2.03   0.04   0.23   0.17   3.00   0.00   -999.25 -2.12  485.38 0.00   16.00  11.00  0.36   0.25   
1833648.54 401972.19 -6412.82 "15/11/2015" 105.00 1833648.54 401972.19 -6412.82 4.30   0.00   4.75   0.00   1.35   2404.31 122.31 82.91  71.65  -0.99  -0.16  0.00   -0.09  0.57   0.82   0.97   3.70   0.10   0.90   0.96   0.92   0.90   3.97   0.12   0.60   0.20   3.00   0.00   -999.25 -1.82  1380.80 0.01   30.75  11.00  0.14   0.40   
1834105.13 402031.34 -6311.38 "15/11/2015" 106.00 1834105.13 402031.34 -6311.38 1.66   0.00   2.18   0.00   0.50   2433.45 209.05 124.18 54.96  -0.94  -0.34  0.00   0.34   -0.93  -0.16  0.73   2.76   0.01   0.60   0.55   0.76   0.46   1.50   0.02   0.14   0.16   3.00   0.00   -999.25 -2.10  523.41 0.00   18.93  10.00  0.23   0.29   
1833649.10 402031.09 -6245.31 "15/11/2015" 107.00 1833649.10 402031.09 -6245.31 2.10   0.00   2.05   0.00   0.88   2304.80 360.09 285.23 72.27  0.04   -0.24  0.97   0.16   -0.96  -0.24  0.30   2.93   0.01   0.75   0.89   0.77   0.73   1.00   0.01   0.11   0.09   3.00   0.00   -999.25 -2.14  459.97 0.00   14.44  11.00  0.46   0.55   
1833515.47 402044.52 -6356.01 "15/11/2015" 108.00 1833515.47 402044.52 -6356.01 2.34   0.00   2.79   0.00   0.59   2302.89 367.22 79.24  53.97  -1.00  -0.10  -0.00  -0.07  0.71   0.70   0.91   3.12   0.03   0.80   0.79   0.82   0.70   2.14   0.05   0.20   0.22   3.00   0.00   -999.25 -2.23  327.21 0.00   16.66  11.00  0.22   0.41   
1833821.69 401885.49 -6188.04 "15/11/2015" 109.00 1833821.69 401885.49 -6188.04 2.30   3.00   2.56   0.00   0.73   2447.70 237.82 29.60  26.61  0.98   0.22   -0.00  -0.22  0.96   0.19   0.58   2.88   0.03   0.69   0.59   0.79   0.53   1.77   0.04   0.20   0.16   3.00   0.00   -999.25 -2.14  458.47 0.00   13.89  11.00  0.52   0.25   
1833727.13 401981.55 -6369.02 "15/11/2015" 110.00 1833727.13 401981.55 -6369.02 2.98   0.00   3.53   0.00   0.82   2396.26 128.39 80.78  61.23  -0.98  -0.19  0.00   -0.07  0.38   0.92   0.75   3.35   0.06   0.80   0.83   0.92   0.78   2.88   0.08   0.38   0.19   3.00   0.00   -999.25 -2.25  307.09 0.00   15.23  11.00  0.26   0.40   
1833589.88 402024.18 -6313.64 "15/11/2015" 112.00 1833589.88 402024.18 -6313.64 4.23   0.00   4.70   0.00   0.32   2319.54 374.74 65.67  46.54  -0.99  -0.13  0.00   0.13   -0.94  -0.30  0.55   3.44   0.07   0.87   0.87   0.92   0.83   3.06   0.10   0.27   0.34   3.00   0.00   -999.25 -2.01  715.09 0.00   23.58  11.00  0.17   0.14   
1833584.06 401904.93 -6396.10 "15/11/2015" 113.00 1833584.06 401904.93 -6396.10 2.39   0.00   2.76   0.00   0.77   2454.76 167.65 81.99  61.49  -0.99  -0.13  -0.00  -0.05  0.38   0.92   0.79   3.16   0.03   0.85   0.85   0.85   0.77   1.94   0.04   0.23   0.16   3.00   0.00   -999.25 -2.03  670.72 0.00   24.42  11.00  0.14   0.45   
1833634.82 401908.18 -6358.73 "15/11/2015" 114.00 1833634.82 401908.18 -6358.73 2.55   0.00   2.85   0.00   0.83   2448.25 413.00 80.11  53.92  -0.99  -0.15  -0.00  -0.10  0.70   0.71   0.69   3.23   0.04   0.83   0.86   0.83   0.76   2.36   0.05   0.28   0.19   3.00   0.00   -999.25 -2.21  362.06 0.00   15.25  11.00  0.31   0.53   
1833489.34 402272.57 -6234.67 "15/11/2015" 115.00 1833489.34 402272.57 -6234.67 1.97   0.00   2.38   0.00   0.61   2049.43 209.81 95.80  87.06  -0.99  -0.10  -0.00  0.01   -0.13  0.99   0.33   2.98   0.02   0.74   0.72   0.81   0.62   1.92   0.03   0.19   0.20   3.00   0.00   -999.25 -2.27  293.42 0.00   14.23  9.00   0.31   0.25   
1833638.08 401853.93 -6229.65 "15/11/2015" 116.00 1833638.08 401853.93 -6229.65 3.57   0.00   3.94   0.00   0.70   2470.63 170.79 75.66  62.15  -0.99  -0.14  0.00   0.04   -0.24  0.97   0.39   3.41   0.07   0.88   0.94   0.90   0.87   2.81   0.08   0.33   0.23   3.00   0.00   -999.25 -2.04  631.81 0.00   16.33  11.00  0.44   0.22   
1833472.64 401943.71 -6401.80 "15/11/2015" 117.00 1833472.64 401943.71 -6401.80 3.37   0.00   4.08   0.00   1.99   2408.36 79.31  72.36  62.66  1.00   0.07   -0.00  -0.02  0.32   0.95   0.29   3.59   0.09   0.87   0.90   0.88   0.83   3.78   0.11   0.56   0.20   3.00   0.00   -999.25 -2.10  516.74 0.00   16.24  11.00  0.37   0.82   
1833231.15 402117.81 -6325.76 "15/11/2015" 118.00 1833231.15 402117.81 -6325.76 1.76   0.00   2.02   0.00   0.79   2213.65 206.44 88.43  57.25  -1.00  0.03   0.00   -0.03  -0.97  -0.22  0.31   2.96   0.02   0.76   0.66   0.81   0.64   1.64   0.03   0.16   0.17   3.00   0.00   -999.25 -1.92  962.24 0.00   41.13  11.00  0.04   0.59   
1833992.75 402248.87 -6060.86 "15/11/2015" 119.00 1833992.75 402248.87 -6060.86 2.42   0.00   2.92   0.00   0.72   2144.82 222.95 63.92  31.14  -0.94  -0.33  0.00   0.33   -0.94  0.02   0.81   3.02   0.03   0.79   0.82   0.78   0.70   2.29   0.05   0.26   0.20   3.00   0.00   -999.25 -1.94  923.51 0.00   31.47  11.00  0.09   0.29   
1833607.94 401961.36 -6198.42 "15/11/2015" 120.00 1833607.94 401961.36 -6198.42 2.21   0.00   2.55   0.00   1.14   2355.96 284.78 70.96  49.64  -0.99  -0.14  0.00   0.13   -0.97  0.19   0.77   2.93   0.02   0.78   0.76   0.75   0.62   2.14   0.05   0.27   0.16   3.00   0.00   -999.25 -1.87  1147.05 0.00   24.72  9.00   0.23   0.51   
1833738.47 401776.09 -6297.01 "15/11/2015" 122.00 1833738.47 401776.09 -6297.01 1.90   0.00   2.11   0.00   1.01   2576.07 409.94 62.89  56.49  -0.98  -0.18  -0.00  0.17   -0.97  -0.18  0.75   3.08   0.02   0.81   0.81   0.85   0.75   1.69   0.03   0.22   0.12   3.00   0.00   -999.25 -1.93  947.18 0.00   29.50  11.00  0.11   0.46   
1833593.50 401983.12 -6252.44 "15/11/2015" 123.00 1833593.50 401983.12 -6252.44 1.83   0.00   2.12   0.00   0.75   2344.65 354.86 81.14  68.54  -0.99  -0.13  0.00   0.12   -0.94  0.33   0.63   3.04   0.01   0.72   0.76   0.86   0.69   1.74   0.03   0.20   0.15   3.00   0.00   -999.25 -2.23  337.10 0.00   14.05  10.00  0.37   0.47   
1833518.56 401828.50 -6418.19 "15/11/2015" 124.00 1833518.56 401828.50 -6418.19 2.04   0.00   2.35   0.00   1.72   2526.97 538.16 74.23  62.73  -1.00  -0.09  -0.00  -0.03  0.28   0.96   0.94   3.02   0.02   0.75   0.81   0.75   0.67   1.75   0.03   0.22   0.13   3.00   0.00   -999.25 -2.17  415.92 0.00   13.54  11.00  0.51   0.71   
1833627.10 402032.79 -6330.32 "15/11/2015" 125.00 1833627.10 402032.79 -6330.32 4.10   0.00   4.79   0.00   1.87   2320.79 91.47  65.90  46.55  -0.99  -0.15  -0.00  0.15   -0.94  -0.30  0.55   3.70   0.11   0.87   0.91   0.89   0.86   4.37   0.13   0.63   0.20   3.00   0.00   -999.25 -1.98  782.55 0.00   19.54  11.00  0.32   0.44   
1833574.30 402005.42 -6393.04 "15/11/2015" 127.00 1833574.30 402005.42 -6393.04 2.85   0.00   3.32   0.00   1.37   2357.06 489.55 79.90  61.47  -0.99  -0.12  -0.00  -0.05  0.40   0.91   0.52   3.41   0.07   0.84   0.87   0.87   0.80   3.05   0.09   0.40   0.20   3.00   0.00   -999.25 -2.22  348.34 0.00   14.77  11.00  0.33   0.83   
1833514.09 401822.39 -6275.40 "15/11/2015" 128.00 1833514.09 401822.39 -6275.40 2.35   0.00   2.70   0.00   0.71   2496.70 119.07 74.69  63.11  -1.00  -0.09  -0.00  0.09   -0.95  0.29   0.63   3.26   0.04   0.75   0.88   0.92   0.84   2.14   0.05   0.26   0.16   3.00   0.00   -999.25 -2.00  727.77 0.00   20.88  11.00  0.24   0.24   
1833630.05 402159.34 -6314.54 "15/11/2015" 129.00 1833630.05 402159.34 -6314.54 2.19   0.00   2.11   0.00   0.95   2196.58 218.97 154.34 82.58  -0.16  0.95   0.27   0.05   -0.27  0.96   0.23   2.78   0.01   0.82   0.73   0.70   0.56   1.07   0.01   0.12   0.09   3.00   0.00   -999.25 -2.23  333.41 0.00   12.74  10.00  0.49   0.41   
1833668.23 401923.99 -6325.12 "15/11/2015" 130.00 1833668.23 401923.99 -6325.12 4.90   0.00   5.28   0.00   2.45   2429.53 139.70 65.76  46.50  -0.99  -0.16  -0.00  0.15   -0.94  -0.31  0.53   3.88   0.13   0.88   0.96   0.91   0.90   5.96   0.16   0.78   0.20   3.00   0.00   -999.25 -1.91  998.29 0.00   17.88  11.00  0.53   0.45   
1833537.91 401748.40 -6269.28 "15/11/2015" 131.00 1833537.91 401748.40 -6269.28 1.83   0.00   2.26   0.00   0.56   2569.46 297.49 64.70  53.53  -1.00  -0.09  0.00   0.09   -0.92  0.38   0.24   2.94   0.02   0.78   0.71   0.76   0.62   1.78   0.03   0.18   0.18   3.00   0.00   -999.25 -1.77  1653.49 0.01   50.09  11.00  0.04   0.35   
1833535.35 401953.27 -6313.19 "15/11/2015" 132.00 1833535.35 401953.27 -6313.19 3.17   0.00   3.69   0.00   1.62   2381.17 112.11 111.42 79.38  0.42   -0.87  -0.27  0.91   0.41   0.09   0.87   3.09   0.02   0.78   0.86   0.87   0.76   1.62   0.03   0.17   0.15   3.00   0.00   -999.25 -1.88  1123.90 0.00   25.59  11.00  0.20   0.46   
1833560.48 401835.49 -6096.22 "15/11/2015" 133.00 1833560.48 401835.49 -6096.22 2.06   0.00   2.29   0.00   1.50   2454.71 162.64 120.34 36.69  -0.99  -0.12  0.00   0.12   -0.99  -0.01  0.08   3.14   0.02   0.87   0.91   0.80   0.77   1.88   0.03   0.23   0.14   3.00   0.00   -999.25 -1.68  2227.11 0.01   52.62  11.00  0.05   0.47   
1833548.82 401667.34 -6388.06 "15/11/2015" 134.00 1833548.82 401667.34 -6388.06 2.03   0.00   2.07   0.00   1.13   2676.59 299.49 136.62 97.20  -1.00  -0.10  -0.00  -0.03  0.31   0.95   0.21   3.07   0.01   0.66   0.82   0.86   0.76   1.57   0.02   0.18   0.14   3.00   0.00   -999.25 -2.09  542.44 0.00   20.23  11.00  0.20   0.71   
1833664.74 401895.74 -6236.72 "15/11/2015" 135.00 1833664.74 401895.74 -6236.72 1.99   0.00   2.21   0.00   1.33   2435.64 291.67 82.74  65.23  -0.99  -0.16  0.00   0.04   -0.24  0.97   0.46   3.11   0.02   0.83   0.89   0.86   0.79   1.79   0.03   0.22   0.14   3.00   0.00   -999.25 -1.78  1596.70 0.01   38.51  11.00  0.08   0.71   
1833651.10 401975.45 -6406.46 "15/11/2015" 136.00 1833651.10 401975.45 -6406.46 2.46   0.00   2.71   0.00   0.82   2399.78 384.34 72.37  62.82  -0.99  -0.16  0.00   -0.05  0.34   0.94   0.67   3.16   0.03   0.75   0.77   0.84   0.71   2.21   0.05   0.28   0.16   3.00   0.00   -999.25 -2.08  553.84 0.00   25.42  11.00  0.10   0.50   
1833514.04 402026.63 -6133.67 "15/11/2015" 138.00 1833514.04 402026.63 -6133.67 2.08   0.00   2.45   0.00   0.71   2268.80 400.67 64.79  31.35  -0.99  -0.10  -0.00  0.10   -0.99  0.12   0.81   3.10   0.02   0.83   0.86   0.86   0.78   1.95   0.04   0.23   0.16   3.00   0.00   -999.25 -1.65  2479.64 0.01   31.84  11.00  0.23   0.32   
1833403.51 402026.87 -6361.39 "15/11/2015" 140.00 1833403.51 402026.87 -6361.39 1.64   0.00   2.01   0.00   0.84   2313.00 231.91 87.36  58.98  -1.00  -0.05  -0.00  -0.04  0.76   0.65   0.41   2.91   0.01   0.70   0.67   0.83   0.60   1.59   0.03   0.16   0.16   3.00   0.00   -999.25 -2.18  400.60 0.00   20.67  10.00  0.14   0.50   
1833329.62 402423.02 -6210.09 "15/11/2015" 139.00 1833329.62 402423.02 -6210.09 1.89   0.00   2.15   0.00   1.17   1888.30 153.98 83.26  68.75  -1.00  -0.03  -0.00  0.02   -0.92  0.39   0.12   3.01   0.01   0.73   0.83   0.83   0.75   1.61   0.03   0.17   0.16   3.00   0.00   -999.25 -2.30  258.69 0.00   13.35  7.00   0.33   0.48   
1833420.64 402121.23 -6383.64 "15/11/2015" 142.00 1833420.64 402121.23 -6383.64 3.06   0.00   3.49   0.00   0.57   2230.14 246.23 77.39  61.36  -1.00  -0.06  -0.00  -0.03  0.44   0.90   0.36   3.38   0.07   0.86   0.87   0.89   0.82   2.78   0.09   0.28   0.28   3.00   0.00   -999.25 -1.98  795.93 0.00   25.31  11.00  0.15   0.58   
1833389.63 402433.15 -6158.03 "15/11/2015" 143.00 1833389.63 402433.15 -6158.03 2.37   0.00   3.04   0.00   0.42   1867.84 154.91 125.96 90.10  -1.00  -0.05  0.01   0.05   -0.94  0.33   0.74   2.96   0.01   0.80   0.80   0.82   0.69   1.38   0.02   0.13   0.15   3.00   0.00   -999.25 -2.10  527.88 0.00   21.17  11.00  0.17   0.25   
1833593.66 402057.21 -6224.07 "15/11/2015" 144.00 1833593.66 402057.21 -6224.07 4.38   0.00   4.79   0.00   1.00   2266.77 109.91 71.88  62.46  -0.99  -0.14  0.00   0.03   -0.19  0.98   0.79   3.55   0.09   0.84   0.91   0.92   0.85   3.49   0.12   0.44   0.26   3.00   0.00   -999.25 -1.81  1416.43 0.00   27.14  11.00  0.22   0.25   
1833420.68 402026.57 -6237.49 "15/11/2015" 145.00 1833420.68 402026.57 -6237.49 2.17   0.00   2.57   0.00   0.77   2282.86 259.06 72.25  62.45  -1.00  -0.05  -0.00  0.01   -0.21  0.98   0.94   3.03   0.03   0.74   0.78   0.77   0.66   2.04   0.04   0.24   0.17   3.00   0.00   -999.25 -1.80  1465.16 0.00   33.59  11.00  0.12   0.34   
1833656.43 401928.04 -6386.81 "15/11/2015" 147.00 1833656.43 401928.04 -6386.81 2.08   0.00   2.56   0.00   1.47   2440.02 84.33  69.62  63.49  -0.06  0.36   0.93   0.99   0.15   0.00   0.27   3.26   0.02   0.68   0.91   0.87   0.83   2.16   0.04   0.28   0.15   3.00   0.00   -999.25 -2.02  690.80 0.00   26.24  11.00  0.12   0.76   
1833386.46 401883.13 -6006.87 "15/11/2015" 148.00 1833386.46 401883.13 -6006.87 2.25   0.00   2.61   0.00   1.09   2382.09 161.49 101.09 57.74  -1.00  -0.04  -0.00  0.04   -0.99  -0.17  0.26   3.10   0.02   0.74   0.85   0.82   0.72   1.87   0.03   0.22   0.15   3.00   0.00   -999.25 -1.66  2350.61 0.01   52.48  11.00  0.05   0.36   
1833391.79 401883.70 -6383.64 "15/11/2015" 150.00 1833391.79 401883.70 -6383.64 3.41   0.00   3.70   0.00   1.75   2456.09 197.65 81.94  61.35  -1.00  -0.04  -0.00  -0.02  0.38   0.93   0.96   3.42   0.05   0.85   0.92   0.91   0.87   2.75   0.06   0.39   0.16   3.00   0.00   -999.25 -2.22  342.35 0.00   13.13  11.00  0.46   0.61   
1833438.08 401983.42 -6405.08 "15/11/2015" 149.00 1833438.08 401983.42 -6405.08 2.56   0.00   2.73   0.00   1.20   2368.95 185.85 71.76  62.76  -1.00  -0.06  0.00   -0.02  0.35   0.94   0.23   3.30   0.04   0.82   0.90   0.91   0.86   2.19   0.05   0.26   0.18   3.00   0.00   -999.25 -2.15  432.50 0.00   17.14  11.00  0.26   0.55   
1832904.83 401867.11 -6246.92 "15/11/2015" 151.00 1832904.83 401867.11 -6246.92 2.99   3.00   3.38   0.00   0.75   2466.66 176.68 30.07  27.49  0.99   -0.16  0.00   0.14   0.84   0.53   0.34   3.29   0.05   0.83   0.83   0.86   0.77   2.61   0.07   0.30   0.23   3.00   0.00   -999.25 -1.97  808.30 0.00   19.48  11.00  0.33   0.38   
1833535.68 402000.99 -6136.76 "15/11/2015" 152.00 1833535.68 402000.99 -6136.76 1.86   0.00   2.31   0.00   1.34   2296.67 192.38 66.73  30.97  -0.99  -0.11  -0.00  0.11   -0.99  0.10   0.15   3.08   0.03   0.84   0.91   0.92   0.86   2.03   0.04   0.27   0.14   3.00   0.00   -999.25 -1.93  944.75 0.00   22.97  11.00  0.24   0.27   
1834338.49 401979.01 -6375.25 "15/11/2015" 154.00 1834338.49 401979.01 -6375.25 2.24   0.00   2.58   0.00   2.61   2582.93 220.84 84.56  61.31  -0.91  -0.42  0.00   -0.15  0.33   0.93   0.22   3.38   0.03   0.72   0.91   0.91   0.87   2.57   0.05   0.39   0.12   3.00   0.00   -999.25 -2.23  333.57 0.00   14.50  11.00  0.33   0.57   
1833579.45 402177.71 -6187.72 "15/11/2015" 155.00 1833579.45 402177.71 -6187.72 2.15   0.00   2.49   0.00   1.19   2140.43 198.78 63.52  49.96  -0.99  -0.14  0.00   0.14   -0.99  0.07   0.19   3.24   0.03   0.73   0.88   0.90   0.83   2.04   0.04   0.25   0.16   3.00   0.00   -999.25 -1.97  819.85 0.00   25.57  11.00  0.15   0.41   
1833521.22 401945.78 -6459.80 "15/11/2015" 156.00 1833521.22 401945.78 -6459.80 2.79   0.00   3.01   0.00   0.73   2427.68 180.35 74.62  20.87  -0.99  -0.10  -0.00  0.10   -0.99  -0.12  0.87   3.25   0.03   0.87   0.87   0.91   0.83   2.15   0.05   0.25   0.18   3.00   0.00   -999.25 -1.87  1153.93 0.00   29.37  11.00  0.14   0.41   
1833635.12 402278.33 -6048.10 "15/11/2015" 161.00 1833635.12 402278.33 -6048.10 5.76   0.00   6.83   0.00   0.77   2024.64 128.68 63.72  32.73  -0.99  -0.17  -0.00  0.17   -0.99  0.01   0.82   3.75   0.16   0.91   0.95   0.86   0.85   4.80   0.20   0.58   0.33   3.00   0.00   -999.25 -1.91  1019.89 0.00   22.04  11.00  0.29   0.16   
1833155.26 401957.61 -6038.57 "15/11/2015" 162.00 1833155.26 401957.61 -6038.57 6.58   0.00   7.10   0.00   0.73   2314.20 67.80  66.61  30.04  -1.00  -0.05  -0.00  0.05   -1.00  0.02   0.60   3.98   0.20   0.87   0.99   0.94   0.94   6.18   0.23   0.75   0.28   3.00   0.00   -999.25 -1.40  5784.95 0.02   25.71  11.00  1.03   0.17   
1833808.31 402277.14 -6133.67 "15/11/2015" 163.00 1833808.31 402277.14 -6133.67 2.49   0.00   3.01   0.00   2.89   2077.90 66.46  64.89  36.07  -0.98  -0.20  -0.01  0.20   -0.97  0.15   0.61   3.34   0.05   0.65   0.85   0.89   0.82   2.89   0.07   0.43   0.15   3.00   0.00   -999.25 -1.55  3470.31 0.01   43.67  11.00  0.13   0.83   
1833375.95 402266.55 -6075.07 "15/11/2015" 164.00 1833375.95 402266.55 -6075.07 2.09   0.00   2.41   0.00   0.70   2012.91 383.45 63.86  21.04  -1.00  -0.05  -0.00  0.05   -1.00  -0.03  0.46   3.02   0.03   0.77   0.80   0.82   0.70   1.84   0.04   0.19   0.18   3.00   0.00   -999.25 -2.04  648.75 0.00   25.51  11.00  0.12   0.37   
1833783.67 402307.97 -6112.88 "15/11/2015" 166.00 1833783.67 402307.97 -6112.88 4.08   0.00   4.82   0.00   0.54   2038.48 214.84 63.73  43.18  -0.97  -0.25  0.00   0.25   -0.97  -0.04  0.78   3.35   0.07   0.83   0.81   0.90   0.78   2.95   0.09   0.29   0.28   3.00   0.00   -999.25 -2.10  524.48 0.00   17.12  11.00  0.32   0.22   
1833862.98 402299.30 -6130.50 "15/11/2015" 169.00 1833862.98 402299.30 -6130.50 2.71   0.00   3.23   0.00   1.11   2070.77 245.88 64.85  36.24  -0.96  -0.29  -0.00  0.28   -0.95  0.15   0.90   3.24   0.06   0.83   0.75   0.80   0.67   2.88   0.09   0.35   0.22   3.00   0.00   -999.25 -1.71  2045.64 0.01   40.96  11.00  0.09   0.67   
1833717.74 402141.68 -6280.97 "15/11/2015" 171.00 1833717.74 402141.68 -6280.97 2.21   0.00   2.42   0.00   0.51   2219.81 228.75 136.48 117.60 -0.98  -0.20  0.00   0.20   -0.97  -0.11  0.40   2.95   0.02   0.78   0.75   0.75   0.60   1.72   0.03   0.17   0.18   3.00   0.00   -999.25 -1.89  1087.78 0.00   33.84  11.00  0.09   0.29   
1833034.88 401854.94 -6247.11 "15/11/2015" 173.00 1833034.88 401854.94 -6247.11 8.04   0.00   8.54   0.00   1.23   2461.65 75.44  71.14  62.20  0.01   0.23   -0.97  0.99   -0.11  -0.01  0.19   4.06   0.23   0.91   0.96   0.91   0.90   8.90   0.26   0.88   0.28   3.00   0.00   -999.25 -1.62  2749.36 0.01   22.40  11.00  0.74   0.21   
1833096.78 402340.22 -6142.43 "15/11/2015" 175.00 1833096.78 402340.22 -6142.43 2.12   0.00   2.65   0.00   0.70   1961.50 320.15 65.00  39.42  -1.00  0.09   -0.00  -0.09  -0.98  0.17   0.59   2.77   0.02   0.77   0.74   0.81   0.66   1.94   0.04   0.18   0.21   3.00   0.00   -999.25 -2.04  631.76 0.00   25.04  10.00  0.12   0.39   
1833873.07 401885.37 -6357.88 "15/11/2015" 176.00 1833873.07 401885.37 -6357.88 1.93   0.00   2.23   0.00   0.49   2514.30 215.11 91.15  61.25  -0.97  -0.24  -0.00  -0.17  0.69   0.71   0.22   2.99   0.02   0.82   0.81   0.74   0.64   1.78   0.03   0.17   0.18   3.00   0.00   -999.25 -2.32  247.32 0.00   11.20  10.00  0.53   0.22   
1833168.23 401996.53 -6165.25 "15/11/2015" 180.00 1833168.23 401996.53 -6165.25 2.11   0.00   2.21   0.00   0.77   2296.29 95.45  66.56  63.14  -0.06  -1.00  0.03   1.00   -0.06  0.02   0.94   2.76   0.01   0.70   0.73   0.75   0.62   1.55   0.03   0.18   0.13   3.00   0.00   -999.25 -2.14  447.84 0.00   15.40  11.00  0.37   0.31   
1833224.86 401949.36 -6265.98 "15/11/2015" 181.00 1833224.86 401949.36 -6265.98 2.81   0.00   3.27   0.00   0.72   2361.60 317.41 64.29  53.95  -1.00  0.02   -0.00  -0.02  -0.94  0.35   0.47   3.24   0.05   0.79   0.84   0.88   0.78   2.52   0.07   0.27   0.23   3.00   0.00   -999.25 -2.13  474.87 0.00   19.35  10.00  0.20   0.25   
1833640.38 402537.66 -6187.65 "15/11/2015" 182.00 1833640.38 402537.66 -6187.65 2.05   3.00   2.69   0.00   0.64   1805.92 188.59 30.01  23.09  0.98   0.20   -0.00  -0.20  0.96   0.18   0.70   2.98   0.02   0.68   0.68   0.82   0.62   2.01   0.04   0.19   0.21   3.00   0.00   -999.25 -2.21  351.25 0.00   18.44  11.00  0.17   0.44   
1834244.39 402368.85 -6245.89 "15/11/2015" 183.00 1834244.39 402368.85 -6245.89 8.14   0.00   8.69   0.00   0.41   2171.23 88.98  69.73  62.79  -0.89  -0.45  -0.00  0.09   -0.18  0.98   0.55   3.84   0.21   0.90   0.95   0.90   0.86   6.58   0.26   0.53   0.45   3.00   0.00   -999.25 -1.92  960.42 0.00   20.59  11.00  0.33   0.08   
1833697.33 402452.16 -6232.69 "15/11/2015" 184.00 1833697.33 402452.16 -6232.69 2.24   0.00   2.77   0.00   0.82   1910.07 540.48 196.00 104.25 -0.98  -0.22  -0.00  0.20   -0.90  -0.38  0.19   2.94   0.02   0.71   0.64   0.83   0.56   1.98   0.04   0.17   0.22   3.00   0.00   -999.25 -2.14  451.59 0.00   19.85  11.00  0.18   0.33   
1833501.04 402045.13 -6227.44 "15/11/2015" 185.00 1833501.04 402045.13 -6227.44 5.72   0.00   6.81   0.00   0.20   2268.64 186.37 71.95  62.39  -1.00  -0.10  0.00   0.02   -0.20  0.98   0.44   3.61   0.13   0.85   0.87   0.91   0.82   4.56   0.17   0.34   0.45   3.00   0.00   -999.25 -1.76  1715.49 0.01   35.53  11.00  0.12   0.12   
1833551.38 401621.35 -6431.74 "15/11/2015" 187.00 1833551.38 401621.35 -6431.74 4.50   3.00   4.91   0.00   1.37   2732.26 53.49  39.10  23.88  1.00   0.10   0.00   -0.07  0.74   0.67   0.45   3.61   0.08   0.84   0.94   0.91   0.88   3.65   0.11   0.53   0.21   3.00   0.00   -999.25 -2.09  542.87 0.00   12.42  11.00  0.86   0.30   
1833527.87 401531.30 -6400.21 "15/11/2015" 188.00 1833527.87 401531.30 -6400.21 3.53   0.00   3.76   0.00   1.25   2808.94 206.81 78.67  62.39  -1.00  -0.09  0.00   -0.02  0.23   0.97   0.84   3.41   0.04   0.81   0.93   0.89   0.86   2.78   0.06   0.39   0.17   3.00   0.00   -999.25 -2.15  436.32 0.00   13.24  11.00  0.57   0.28   
1832802.57 401749.44 -6125.52 "15/11/2015" 189.00 1832802.57 401749.44 -6125.52 2.13   3.00   2.25   0.00   0.98   2575.51 161.50 30.14  22.88  0.98   -0.19  0.00   0.19   0.96   0.19   0.41   3.15   0.03   0.85   0.86   0.84   0.78   1.88   0.04   0.20   0.17   3.00   0.00   -999.25 -1.75  1735.30 0.00   26.62  11.00  0.28   0.45   
1834342.82 401937.26 -6375.08 "15/11/2015" 191.00 1834342.82 401937.26 -6375.08 1.84   0.00   2.04   0.00   1.00   2621.34 303.15 86.65  62.31  -0.91  -0.42  0.00   -0.14  0.31   0.94   0.75   2.98   0.01   0.71   0.73   0.81   0.68   1.50   0.02   0.17   0.13   3.00   0.00   -999.25 -2.09  535.46 0.00   20.38  10.00  0.19   0.48   
1833981.38 402171.92 -6364.92 "15/11/2015" 192.00 1833981.38 402171.92 -6364.92 1.99   3.00   2.09   0.00   1.31   2280.03 94.97  33.07  24.52  0.95   0.32   0.00   -0.27  0.79   0.55   0.25   2.98   0.02   0.79   0.67   0.79   0.60   1.90   0.04   0.21   0.17   3.00   0.00   -999.25 -2.30  262.18 0.00   13.78  10.00  0.30   0.61   
1833431.43 401604.25 -6270.58 "15/11/2015" 195.00 1833431.43 401604.25 -6270.58 2.73   3.00   3.06   0.00   0.73   2702.32 153.06 43.27  27.29  1.00   0.05   -0.00  -0.05  0.97   0.25   0.66   2.26   0.01   0.77   0.82   0.87   0.76   1.73   0.03   0.17   0.18   3.00   0.00   -999.25 -2.03  674.10 0.00   17.03  11.00  0.41   0.24   
1833268.72 401892.63 -6255.24 "15/11/2015" 196.00 1833268.72 401892.63 -6255.24 2.10   0.00   2.57   0.00   1.23   2413.62 318.88 64.35  53.89  -1.00  0.01   0.00   -0.00  -0.93  0.36   0.53   3.09   0.03   0.63   0.76   0.85   0.69   2.02   0.04   0.25   0.16   3.00   0.00   -999.25 -2.08  554.71 0.00   21.98  10.00  0.16   0.42   
1833890.15 402239.57 -6161.65 "15/11/2015" 197.00 1833890.15 402239.57 -6161.65 6.18   0.00   7.17   0.00   0.23   2140.75 380.13 63.07  49.84  -0.96  -0.28  -0.00  0.28   -0.96  0.05   0.02   3.48   0.11   0.80   0.81   0.88   0.77   4.19   0.14   0.33   0.38   3.00   0.00   -999.25 -1.81  1418.25 0.00   19.55  11.00  0.58   0.24   
1834360.06 401915.66 -6416.76 "15/11/2015" 199.00 1834360.06 401915.66 -6416.76 4.10   0.00   4.34   0.00   0.81   2657.97 160.25 76.41  62.65  -0.91  -0.42  0.00   -0.11  0.24   0.97   0.87   3.47   0.07   0.84   0.91   0.86   0.83   3.21   0.10   0.41   0.23   3.00   0.00   -999.25 -2.02  681.17 0.00   16.57  10.00  0.46   0.19   
1833333.92 401519.49 -6384.06 "15/11/2015" 201.00 1833333.92 401519.49 -6384.06 2.48   3.00   2.76   0.00   0.83   2784.64 213.66 36.12  26.65  1.00   0.02   0.00   -0.01  0.63   0.78   0.18   3.14   0.03   0.87   0.84   0.86   0.77   2.12   0.04   0.26   0.17   3.00   0.00   -999.25 -2.18  392.90 0.00   14.58  10.00  0.39   0.35   
1833081.06 402261.55 -6224.82 "15/11/2015" 202.00 1833081.06 402261.55 -6224.82 2.35   0.00   3.83   0.00   0.45   2058.28 417.53 67.04  62.80  -1.00  0.10   0.00   -0.01  -0.12  0.99   0.16   2.78   0.01   0.57   0.51   0.76   0.44   1.74   0.03   0.11   0.23   3.00   0.00   -999.25 -2.14  456.82 0.00   14.95  10.00  0.42   0.47   
1833964.83 402254.96 -6270.64 "15/11/2015" 204.00 1833964.83 402254.96 -6270.64 2.14   0.00   2.70   0.00   0.47   2173.77 274.79 64.39  54.05  -0.95  -0.33  -0.00  0.31   -0.90  0.29   0.61   3.05   0.04   0.74   0.71   0.80   0.63   2.22   0.05   0.18   0.26   3.00   0.00   -999.25 -1.92  970.49 0.00   34.58  11.00  0.07   0.27   
1834220.34 402299.52 -6222.39 "15/11/2015" 203.00 1834220.34 402299.52 -6222.39 2.52   0.00   2.94   0.00   0.45   2215.78 303.76 70.73  62.62  -0.90  -0.44  0.00   0.08   -0.15  0.99   0.21   3.18   0.03   0.85   0.82   0.81   0.73   2.26   0.05   0.23   0.22   3.00   0.00   -999.25 -2.04  650.35 0.00   23.08  11.00  0.16   0.21   
1834129.86 402335.45 -6275.48 "15/11/2015" 205.00 1834129.86 402335.45 -6275.48 6.68   0.00   7.14   0.00   0.27   2160.35 190.10 63.99  53.73  -0.91  -0.41  -0.00  0.39   -0.88  0.28   0.91   3.69   0.15   0.91   0.91   0.91   0.86   4.77   0.18   0.39   0.45   3.00   0.00   -999.25 -1.82  1392.04 0.01   28.23  11.00  0.19   0.10   
1833452.04 401821.66 -6103.65 "15/11/2015" 206.00 1833452.04 401821.66 -6103.65 2.81   3.00   2.67   0.00   0.85   2459.87 209.05 30.20  17.61  1.00   0.07   0.00   -0.07  0.99   0.13   0.95   3.15   0.02   0.71   0.84   0.84   0.77   1.91   0.04   0.23   0.15   3.00   0.00   -999.25 -1.97  824.39 0.00   20.92  11.00  0.27   0.42   
1833550.59 401826.46 -6044.44 "15/11/2015" 207.00 1833550.59 401826.46 -6044.44 3.44   0.00   3.90   0.00   0.63   2455.08 433.54 86.18  34.38  -0.99  -0.11  -0.00  0.11   -0.99  -0.01  0.96   3.20   0.05   0.81   0.82   0.88   0.76   2.47   0.07   0.28   0.21   3.00   0.00   -999.25 -1.59  3000.97 0.01   45.86  11.00  0.09   0.34   
1834216.78 402238.24 -6266.50 "15/11/2015" 208.00 1834216.78 402238.24 -6266.50 1.84   0.00   2.30   0.00   0.44   2278.54 267.88 113.88 96.36  -0.91  -0.42  -0.00  0.41   -0.89  0.21   0.89   2.80   0.01   0.69   0.66   0.77   0.56   1.40   0.02   0.16   0.13   3.00   0.00   -999.25 -2.19  380.29 0.00   14.96  11.00  0.35   0.21   
1833848.71 401694.69 -6403.38 "15/11/2015" 211.00 1833848.71 401694.69 -6403.38 2.44   0.00   2.73   0.00   0.94   2700.11 467.92 77.07  62.50  -0.98  -0.22  0.00   -0.05  0.24   0.97   0.32   3.19   0.02   0.71   0.84   0.90   0.78   2.08   0.04   0.25   0.16   3.00   0.00   -999.25 -1.82  1379.69 0.01   42.08  10.00  0.06   0.37   
1834206.40 402360.93 -6131.67 "15/11/2015" 212.00 1834206.40 402360.93 -6131.67 5.89   0.00   6.91   0.00   0.17   2136.67 183.07 64.83  34.56  -0.90  -0.43  -0.00  0.43   -0.89  0.13   0.19   3.65   0.14   0.90   0.91   0.92   0.86   5.70   0.17   0.33   0.47   3.00   0.00   -999.25 -1.85  1221.00 0.00   18.21  11.00  0.61   0.09   
1834288.33 402195.36 -5438.24 "15/11/2015" 215.00 1834288.33 402195.36 -5438.24 2.03   3.00   2.55   0.00   0.74   2298.05 217.33 30.65  24.24  0.90   0.44   0.00   -0.44  0.89   -0.12  0.65   3.13   0.03   0.81   0.80   0.86   0.74   1.93   0.04   0.19   0.19   3.00   0.00   -999.25 -2.26  300.71 0.00   14.57  11.00  0.30   0.30   
1834304.94 402236.67 -5459.78 "15/11/2015" 217.00 1834304.94 402236.67 -5459.78 2.22   3.00   2.91   0.00   0.51   2266.11 231.71 30.52  28.10  0.89   0.45   -0.00  -0.45  0.89   0.08   0.70   3.09   0.03   0.78   0.75   0.79   0.63   2.28   0.05   0.19   0.27   3.00   0.00   -999.25 -2.28  281.09 0.00   11.61  10.00  0.55   0.21   
1834137.96 402133.95 -5409.37 "15/11/2015" 218.00 1834137.96 402133.95 -5409.37 4.18   0.00   4.55   0.00   0.33   2296.87 142.52 65.41  64.17  -0.93  -0.37  0.00   0.25   -0.63  0.73   0.22   3.53   0.10   0.92   0.93   0.90   0.87   3.32   0.11   0.32   0.35   3.00   0.00   -999.25 -1.95  887.56 0.00   23.15  11.00  0.22   0.08   
1834115.12 402307.12 -6125.83 "15/11/2015" 219.00 1834115.12 402307.12 -6125.83 3.52   0.00   4.51   0.00   0.21   2146.40 278.99 63.75  43.60  -0.92  -0.40  -0.00  0.39   -0.92  -0.03  0.60   3.27   0.06   0.77   0.83   0.72   0.65   3.47   0.10   0.23   0.38   3.00   0.00   -999.25 -1.91  1022.76 0.00   21.85  11.00  0.30   0.19   
1834176.80 402149.79 -5415.40 "15/11/2015" 220.00 1834176.80 402149.79 -5415.40 5.10   0.00   5.60   0.00   0.35   2296.24 133.73 65.51  64.11  -0.92  -0.38  -0.00  -0.26  0.64   -0.72  0.25   3.64   0.12   0.93   0.88   0.93   0.86   4.18   0.15   0.34   0.44   3.00   0.00   -999.25 -2.06  597.10 0.00   16.68  11.00  0.39   0.08   
1833816.94 402393.01 -6062.81 "15/11/2015" 221.00 1833816.94 402393.01 -6062.81 5.16   0.00   6.21   0.00   0.29   1957.06 205.05 63.95  33.66  -0.96  -0.27  0.00   0.27   -0.96  0.00   0.26   3.43   0.11   0.83   0.83   0.88   0.77   4.45   0.13   0.31   0.37   3.00   0.00   -999.25 -2.02  678.95 0.00   18.01  11.00  0.35   0.17   
1833698.14 402413.48 -6086.10 "15/11/2015" 229.00 1833698.14 402413.48 -6086.10 1.84   3.00   2.33   0.00   0.56   1913.07 83.52  28.32  2.72   0.98   0.22   0.00   -0.22  0.98   0.01   0.65   2.67   0.01   0.65   0.56   0.66   0.40   1.74   0.03   0.16   0.19   3.00   0.00   -999.25 -1.54  3582.93 0.01   89.14  9.00   0.02   0.46   
1834336.28 402188.38 -5420.80 "15/11/2015" 233.00 1834336.28 402188.38 -5420.80 2.37   3.00   2.76   0.00   0.71   2327.64 171.37 30.58  29.30  0.89   0.45   0.00   -0.45  0.88   -0.16  0.80   3.20   0.03   0.79   0.82   0.89   0.77   2.13   0.05   0.23   0.20   3.00   0.00   -999.25 -2.21  357.34 0.00   15.30  10.00  0.30   0.28   
1834285.41 402304.76 -6152.11 "15/11/2015" 234.00 1834285.41 402304.76 -6152.11 1.96   0.00   2.20   0.00   1.04   2224.59 205.11 78.95  41.08  -0.89  -0.45  0.00   0.45   -0.88  0.14   0.19   2.87   0.02   0.72   0.60   0.79   0.54   1.99   0.04   0.23   0.17   3.00   0.00   -999.25 -1.65  2509.49 0.01   41.87  10.00  0.10   0.61   
1834176.46 402327.95 -6263.79 "15/11/2015" 236.00 1834176.46 402327.95 -6263.79 4.07   0.00   4.90   0.00   0.28   2182.54 172.92 63.98  53.79  -0.91  -0.42  -0.00  0.40   -0.87  0.29   0.32   3.38   0.09   0.86   0.83   0.83   0.76   3.54   0.12   0.29   0.37   3.00   0.00   -999.25 -2.02  700.65 0.00   22.54  11.00  0.19   0.19   
1833959.41 402093.18 -5657.86 "15/11/2015" 237.00 1833959.41 402093.18 -5657.86 2.49   3.00   3.20   0.00   0.58   2255.31 143.03 29.85  7.14   0.95   0.30   0.00   -0.30  0.95   0.01   0.75   3.08   0.03   0.81   0.80   0.80   0.69   2.35   0.06   0.21   0.26   3.00   0.00   -999.25 -2.16  426.17 0.00   20.41  11.00  0.15   0.27   
1834019.14 402284.70 -6189.73 "15/11/2015" 238.00 1834019.14 402284.70 -6189.73 4.63   0.00   6.09   0.00   0.18   2145.06 103.37 64.12  43.20  -0.94  -0.35  -0.00  0.34   -0.92  0.18   0.26   3.47   0.10   0.88   0.87   0.83   0.76   3.99   0.13   0.30   0.42   3.00   0.00   -999.25 -1.50  4084.65 0.01   41.92  11.00  0.17   0.20   
1834176.95 402375.49 -6223.81 "15/11/2015" 240.00 1834176.95 402375.49 -6223.81 1.84   0.00   2.51   0.00   0.54   2131.24 137.70 68.79  62.83  -0.90  -0.43  0.00   0.06   -0.13  0.99   0.47   2.79   0.02   0.70   0.58   0.73   0.44   1.76   0.03   0.17   0.18   3.00   0.00   -999.25 -2.36  215.93 0.00   10.99  10.00  0.49   0.34   
1834085.67 402079.73 -5414.53 "15/11/2015" 243.00 1834085.67 402079.73 -5414.53 3.48   0.00   3.66   0.00   0.75   2327.72 216.64 65.83  64.51  -0.94  -0.35  0.00   0.12   -0.31  0.94   0.58   3.37   0.05   0.91   0.92   0.87   0.84   2.68   0.07   0.32   0.22   3.00   0.00   -999.25 -2.06  592.15 0.00   19.94  11.00  0.23   0.16   
1834231.08 402171.34 -5424.00 "15/11/2015" 245.00 1834231.08 402171.34 -5424.00 4.11   0.00   4.55   0.00   0.59   2297.19 142.42 65.55  64.18  -0.91  -0.41  -0.00  -0.28  0.63   -0.72  0.77   3.57   0.11   0.91   0.93   0.91   0.88   3.49   0.13   0.34   0.35   3.00   0.00   -999.25 -2.14  448.71 0.00   17.28  11.00  0.26   0.15   
1834075.07 402062.91 -5400.83 "15/11/2015" 247.00 1834075.07 402062.91 -5400.83 4.57   0.00   4.94   0.00   0.97   2341.61 141.10 70.00  64.75  -0.94  -0.34  -0.00  0.06   -0.18  0.98   0.07   3.61   0.10   0.92   0.94   0.91   0.90   3.55   0.12   0.44   0.27   3.00   0.00   -999.25 -2.17  409.24 0.00   14.93  11.00  0.37   0.20   
1834234.56 402129.42 -5405.03 "15/11/2015" 250.00 1834234.56 402129.42 -5405.03 13.97  0.00   14.38  0.00   1.39   2338.99 69.90  68.58  64.75  0.05   -0.16  0.99   0.89   0.45   0.03   0.81   4.29   0.38   0.97   0.95   0.95   0.92   11.23  0.43   0.89   0.48   3.00   0.00   -999.25 -1.86  1197.82 0.00   15.16  11.00  1.05   0.08   
1834361.22 402182.05 -5409.57 "15/11/2015" 249.00 1834361.22 402182.05 -5409.57 2.20   0.00   2.39   0.00   1.03   2346.00 213.87 66.39  64.50  -0.89  -0.46  0.00   0.16   -0.30  0.94   0.13   3.27   0.03   0.89   0.89   0.90   0.85   2.13   0.04   0.27   0.16   3.00   0.00   -999.25 -1.77  1615.94 0.01   51.63  11.00  0.04   0.34   
1834043.82 402126.81 -6049.90 "15/11/2015" 252.00 1834043.82 402126.81 -6049.90 2.75   3.00   3.54   0.00   0.31   2273.69 206.81 30.50  17.99  0.94   0.34   -0.00  -0.33  0.93   0.15   0.91   3.08   0.03   0.79   0.75   0.74   0.64   2.25   0.05   0.19   0.26   3.00   0.00   -999.25 -1.86  1204.58 0.00   27.79  11.00  0.17   0.44   
1833834.89 402045.36 -6042.19 "15/11/2015" 253.00 1833834.89 402045.36 -6042.19 3.87   0.00   4.66   0.00   0.24   2290.09 233.14 65.74  30.02  -0.97  -0.24  -0.00  0.24   -0.97  0.02   0.73   3.34   0.06   0.89   0.89   0.81   0.77   3.16   0.08   0.23   0.36   3.00   0.00   -999.25 -1.68  2219.95 0.01   34.53  11.00  0.16   0.14   
