# Petrel Points with attributes
# Unit in X and Y direction: ftUS
# Unit in depth: ft
VERSION 1
BEGIN HEADER
X
Y
Z
DATE,Time
DOUBLE,Event ID
DOUBLE,X(easting)
DOUBLE,Y(northing)
DOUBLE,Z(elevation)
DOUBLE,Detection SNR
DOUBLE,Event type
DOUBLE,Location SNR
DOUBLE,NOISE_LEVEL_ACC
DOUBLE,PSH_AMPL_RATIO
DOUBLE,QC Distance
DOUBLE,QC_EIGVAL_MAX
DOUBLE,QC_EIGVAL_MID
DOUBLE,QC_EIGVAL_MIN
DOUBLE,QC_EIGVEC_MAX_E
DOUBLE,QC_EIGVEC_MAX_N
DOUBLE,QC_EIGVEC_MAX_U
DOUBLE,QC_EIGVEC_MID_E
DOUBLE,QC_EIGVEC_MID_N
DOUBLE,QC_EIGVEC_MID_U
DOUBLE,QC_LOC_T0
DOUBLE,QI_CONFIDENCE
DOUBLE,QI_DATA_LOCATION
DOUBLE,QI_ORTHOGONALITY
DOUBLE,QI_POLARIZATION_AZM
DOUBLE,QI_POLARIZATION_INC
DOUBLE,QI_POLARIZATION_RESIDUAL
DOUBLE,QI_SNR
DOUBLE,QI_TRACEDATA
DOUBLE,QI_TRACEDATA_P
DOUBLE,QI_TRACEDATA_S
DOUBLE,SP_COMPONENTS_USED
DOUBLE,SP_ENERGY
DOUBLE,SP_LOCAL_MAGNITUDE
DOUBLE,SP_MAGNITUDE
DOUBLE,SP_MOMENT
DOUBLE,SP_POTENCY
DOUBLE,SP_RADIUS
DOUBLE,SP_RECEIVERS_USED
DOUBLE,SP_STRESS_DROP
DOUBLE,SVSH_AMPL_RATIO
END HEADER
1833747.08 403125.27 -6085.76 "14/11/2015" 1.00   1833747.08 403125.27 -6085.76 12.19  0.00   13.53  0.00   0.23   1265.12 65.51  65.18  25.83  -0.72  -0.70  -0.02  0.70   -0.71  -0.05  0.03   3.98   0.30   0.92   0.95   0.95   0.92   9.78   0.35   0.65   0.54   3.00   0.00   -999.25 -2.19  384.45 0.00   16.34  11.00  0.27   0.11   
1833524.15 403047.77 -6124.84 "14/11/2015" 3.00   1833524.15 403047.77 -6124.84 2.24   3.00   3.38   0.00   0.14   1286.77 176.77 31.29  18.20  0.98   0.19   -0.00  -0.19  0.96   0.20   0.99   3.15   0.04   0.82   0.74   0.72   0.60   3.22   0.06   0.14   0.42   3.00   0.00   -999.25 -2.40  184.10 0.00   15.57  10.00  0.15   0.14   
1833626.59 403115.08 -6105.22 "14/11/2015" 4.00   1833626.59 403115.08 -6105.22 2.59   0.00   3.80   0.00   0.17   1241.86 78.38  65.88  35.95  -0.96  -0.27  0.00   0.27   -0.95  -0.13  0.87   3.15   0.04   0.73   0.62   0.84   0.59   3.33   0.07   0.18   0.38   3.00   0.00   -999.25 -2.29  268.40 0.00   22.23  11.00  0.07   0.12   
1832752.47 403010.12 -6103.65 "14/11/2015" 5.00   1832752.47 403010.12 -6103.65 4.69   0.00   5.92   0.00   1.48   1400.97 65.04  62.17  37.48  -0.42  -0.90  -0.11  -0.91  0.42   0.00   0.88   3.98   0.17   0.84   0.97   0.94   0.93   6.88   0.21   0.76   0.29   3.00   0.00   -999.25 -2.02  693.88 0.00   20.65  11.00  0.24   0.35   
1832755.11 403042.20 -6120.33 "14/11/2015" 6.00   1832755.11 403042.20 -6120.33 8.86   0.00   10.82  0.00   0.65   1376.51 69.50  41.29  39.18  -0.40  -0.91  -0.12  -0.02  -0.12  0.99   0.34   4.02   0.19   0.77   0.98   0.96   0.95   7.00   0.26   0.67   0.39   3.00   0.00   -999.25 -1.29  8509.62 0.02   30.68  11.00  0.90   0.33   
1833218.95 403908.78 -5940.84 "14/11/2015" 7.00   1833218.95 403908.78 -5940.84 16.30  0.00   26.87  0.00   0.57   409.86 70.29  17.99  10.18  -0.22  -0.97  -0.09  -0.02  -0.09  1.00   0.47   4.55   0.60   0.91   0.96   0.97   0.95   19.37  0.79   0.92   0.86   3.00   0.00   -999.25 -1.90  1029.53 0.00   19.02  11.00  0.45   0.94   
1833888.44 402848.54 -6328.39 "14/11/2015" 9.00   1833888.44 402848.54 -6328.39 2.44   0.00   2.86   0.00   2.20   1638.32 108.30 70.30  44.98  -0.92  -0.40  -0.00  0.39   -0.89  -0.23  0.66   3.50   0.05   0.76   0.95   0.89   0.88   3.17   0.07   0.47   0.15   3.00   0.00   -999.25 -2.15  432.92 0.00   26.99  10.00  0.07   0.70   
1832942.88 403158.32 -5704.59 "14/11/2015" 10.00  1832942.88 403158.32 -5704.59 2.22   3.00   2.97   0.00   0.42   1141.03 117.01 31.66  16.56  0.95   -0.30  0.00   0.30   0.95   0.07   0.80   2.84   0.02   0.74   0.71   0.78   0.62   2.04   0.04   0.17   0.24   3.00   0.00   -999.25 -2.63  84.89  0.00   12.54  9.00   0.13   0.25   
1833033.69 402703.19 -6353.56 "14/11/2015" 11.00  1833033.69 402703.19 -6353.56 7.08   0.00   7.49   0.00   0.76   1687.62 73.49  52.73  49.51  -0.14  -0.83  -0.54  -0.10  -0.53  0.84   0.41   4.08   0.18   0.80   0.96   0.91   0.90   6.42   0.25   0.90   0.28   3.00   0.00   -999.25 -1.89  1080.80 0.00   24.35  11.00  0.23   0.35   
1833091.37 402521.35 -6361.16 "14/11/2015" 12.00  1833091.37 402521.35 -6361.16 4.84   0.00   5.34   0.00   0.47   1850.86 121.30 73.81  54.11  -0.99  0.11   0.00   0.09   0.79   0.61   0.05   3.57   0.12   0.90   0.91   0.87   0.84   3.81   0.15   0.40   0.33   3.00   0.00   -999.25 -2.27  295.79 0.00   16.29  11.00  0.21   0.18   
1832419.06 402591.26 -6162.28 "14/11/2015" 14.00  1832419.06 402591.26 -6162.28 19.08  3.00   19.57  0.00   0.45   1921.08 36.00  29.39  5.94   0.89   -0.47  0.00   0.47   0.89   -0.02  0.83   4.15   0.40   0.97   0.97   0.95   0.94   28.04  0.51   1.00   0.51   3.00   0.00   -999.25 -1.21  11399.71 0.03   28.16  11.00  1.55   0.07   
1833022.15 402557.62 -6356.46 "14/11/2015" 15.00  1833022.15 402557.62 -6356.46 2.69   0.00   3.09   0.00   1.20   1824.28 127.29 74.39  53.95  -0.99  0.16   -0.00  0.12   0.79   0.60   0.47   3.43   0.05   0.77   0.92   0.90   0.87   3.00   0.07   0.41   0.15   3.00   0.00   -999.25 -1.99  758.14 0.00   38.92  11.00  0.04   0.30   
1831689.09 402709.78 -6086.10 "14/11/2015" 16.00  1831689.09 402709.78 -6086.10 1.92   3.00   2.49   0.00   0.27   2247.90 145.75 45.38  5.13   -0.69  0.72   0.00   0.72   0.69   -0.00  0.42   2.63   0.02   0.78   0.79   0.84   0.71   2.47   0.05   0.16   0.31   3.00   0.00   -999.25 -2.04  636.78 0.00   21.41  11.00  0.20   0.16   
1833093.77 402659.26 -6318.71 "14/11/2015" 17.00  1833093.77 402659.26 -6318.71 2.73   0.00   3.15   0.00   0.55   1707.44 218.29 66.49  43.27  -0.99  0.12   -0.00  -0.12  -0.97  -0.23  0.15   3.23   0.04   0.82   0.81   0.85   0.75   2.37   0.06   0.25   0.22   3.00   0.00   -999.25 -2.39  191.85 0.00   15.51  11.00  0.16   0.24   
1833094.14 402677.87 -6301.46 "14/11/2015" 18.00  1833094.14 402677.87 -6301.46 1.75   0.00   2.04   0.00   1.09   1684.07 247.91 66.24  43.17  -0.99  0.13   0.00   -0.12  -0.97  -0.23  0.27   2.96   0.02   0.71   0.65   0.85   0.63   1.69   0.03   0.19   0.15   3.00   0.00   -999.25 -2.47  147.72 0.00   12.14  10.00  0.25   0.44   
1833012.98 402608.40 -6333.91 "14/11/2015" 19.00  1833012.98 402608.40 -6333.91 5.40   0.00   6.02   0.00   1.74   1770.82 73.59  53.42  49.20  -0.12  -0.80  -0.59  -0.10  -0.58  0.81   0.91   4.01   0.14   0.91   0.97   0.90   0.90   7.55   0.17   0.92   0.19   3.00   0.00   -999.25 -2.14  458.13 0.00   17.93  11.00  0.24   0.30   
1833675.26 403213.77 -6277.90 "14/11/2015" 20.00  1833675.26 403213.77 -6277.90 2.24   3.00   3.12   0.00   0.32   1235.97 237.50 30.87  15.98  0.94   0.35   -0.00  -0.35  0.92   0.16   0.71   2.83   0.02   0.68   0.48   0.76   0.41   2.31   0.05   0.17   0.26   3.00   0.00   -999.25 -2.53  118.28 0.00   15.71  10.00  0.09   0.23   
1832894.75 402599.71 -6286.00 "14/11/2015" 21.00  1832894.75 402599.71 -6286.00 2.72   0.00   3.35   0.00   1.46   1785.16 107.55 63.87  44.84  -0.97  0.23   -0.00  -0.23  -0.97  -0.12  0.74   3.52   0.06   0.88   0.93   0.89   0.86   3.28   0.07   0.51   0.15   3.00   0.00   -999.25 -2.31  249.34 0.00   17.97  11.00  0.13   0.28   
1833018.13 402525.99 -6277.07 "14/11/2015" 22.00  1833018.13 402525.99 -6277.07 2.65   0.00   2.89   0.00   1.07   1828.35 257.67 68.33  47.59  -0.99  0.16   0.00   -0.15  -0.98  -0.14  0.94   3.33   0.04   0.85   0.87   0.89   0.81   2.58   0.06   0.34   0.17   3.00   0.00   -999.25 -1.91  998.42 0.00   35.74  11.00  0.07   0.64   
1832815.79 402859.60 -6316.70 "14/11/2015" 23.00  1832815.79 402859.60 -6316.70 2.38   0.00   2.64   0.00   0.67   1582.12 189.55 66.84  42.44  -0.95  0.32   -0.00  -0.32  -0.92  -0.22  0.75   3.16   0.03   0.80   0.80   0.80   0.72   2.22   0.05   0.25   0.20   3.00   0.00   -999.25 -2.50  132.68 0.00   13.57  10.00  0.16   0.28   
1832864.51 402671.91 -6081.55 "14/11/2015" 24.00  1832864.51 402671.91 -6081.55 12.51  0.00   12.88  0.00   0.31   1669.92 64.18  48.13  24.21  -0.26  -0.97  -0.02  0.97   -0.26  0.00   0.16   4.07   0.31   0.95   0.99   0.95   0.95   8.74   0.35   0.89   0.39   3.00   0.00   -999.25 -1.54  3583.62 0.01   14.08  11.00  3.90   0.06   
1832900.08 402875.31 -6113.21 "14/11/2015" 26.00  1832900.08 402875.31 -6113.21 2.49   0.00   3.03   0.00   0.49   1478.16 144.17 72.09  44.93  -0.96  0.27   0.00   -0.27  -0.96  -0.11  0.76   3.17   0.03   0.80   0.84   0.79   0.69   2.42   0.05   0.24   0.24   3.00   0.00   -999.25 -1.94  910.11 0.00   30.45  11.00  0.10   0.27   
1833154.60 402697.68 -6276.18 "14/11/2015" 27.00  1833154.60 402697.68 -6276.18 5.99   0.00   6.32   0.00   0.77   1650.95 64.17  60.16  43.77  -0.09  -0.99  -0.12  1.00   -0.09  -0.00  0.94   3.74   0.14   0.94   0.96   0.92   0.91   4.13   0.16   0.52   0.31   3.00   0.00   -999.25 -1.93  952.03 0.00   28.23  11.00  0.13   0.21   
1833153.43 402677.38 -6283.35 "14/11/2015" 29.00  1833153.43 402677.38 -6283.35 7.16   0.00   7.58   0.00   0.99   1672.50 64.65  46.28  43.92  -0.09  -0.99  -0.13  1.00   -0.09  -0.02  0.18   3.97   0.17   0.89   0.98   0.93   0.92   5.52   0.20   0.79   0.26   3.00   0.00   -999.25 -1.86  1188.83 0.00   27.09  11.00  0.18   0.29   
1833208.29 402692.38 -6290.59 "14/11/2015" 30.00  1833208.29 402692.38 -6290.59 5.04   0.00   5.32   0.00   0.48   1657.36 151.63 64.77  43.76  -1.00  0.05   0.00   -0.05  -0.99  -0.13  0.29   3.57   0.11   0.90   0.90   0.88   0.83   3.70   0.14   0.41   0.33   3.00   0.00   -999.25 -2.14  456.19 0.00   18.92  11.00  0.20   0.15   
1832557.72 402443.46 -6413.61 "14/11/2015" 31.00  1832557.72 402443.46 -6413.61 2.02   3.00   2.38   0.00   0.56   2065.43 210.18 31.52  27.56  0.93   -0.38  -0.00  0.31   0.75   0.58   0.99   2.79   0.02   0.68   0.72   0.82   0.66   2.27   0.05   0.27   0.19   3.00   0.00   -999.25 -2.41  179.44 0.00   12.27  10.00  0.29   0.27   
1832854.04 402644.16 -6352.82 "14/11/2015" 33.00  1832854.04 402644.16 -6352.82 2.74   0.00   3.14   0.00   0.77   1776.67 364.27 73.70  53.52  -0.97  0.26   -0.00  0.21   0.78   0.59   0.77   3.18   0.04   0.76   0.75   0.87   0.71   2.35   0.05   0.30   0.17   3.00   0.00   -999.25 -2.27  285.22 0.00   17.97  11.00  0.15   0.25   
1833173.21 404059.17 -5790.24 "14/11/2015" 34.00  1833173.21 404059.17 -5790.24 2.20   3.00   3.15   0.00   0.23   230.90 29.71  15.69  6.74   0.53   0.85   0.00   0.85   -0.53  0.00   0.62   2.91   0.07   0.55   0.60   0.61   0.40   3.94   0.12   0.23   0.41   3.00   0.00   -999.25 -2.81  45.42  0.00   17.15  10.00  0.03   0.22   
1832840.94 403029.38 -6131.99 "14/11/2015" 36.00  1832840.94 403029.38 -6131.99 1.79   0.00   2.42   0.00   0.76   1360.55 283.67 64.38  52.80  -0.94  0.34   0.00   -0.34  -0.94  0.01   0.38   2.79   0.01   0.66   0.57   0.71   0.50   1.81   0.03   0.17   0.19   3.00   0.00   -999.25 -1.86  1194.74 0.00   41.50  10.00  0.05   0.64   
1833014.59 402626.88 -6340.93 "14/11/2015" 37.00  1833014.59 402626.88 -6340.93 1.80   0.00   2.30   0.00   0.44   1755.98 315.39 89.42  59.77  -0.99  0.17   0.00   -0.15  -0.88  -0.45  0.94   2.84   0.02   0.69   0.57   0.76   0.50   1.77   0.03   0.17   0.18   3.00   0.00   -999.25 -2.44  160.65 0.00   13.05  11.00  0.22   0.36   
1832785.82 402660.79 -6209.19 "14/11/2015" 38.00  1832785.82 402660.79 -6209.19 6.73   0.00   6.91   0.00   0.83   1733.73 65.15  54.62  49.74  -0.28  -0.90  0.33   0.08   0.32   0.94   0.85   3.71   0.12   0.94   0.98   0.94   0.93   3.87   0.13   0.50   0.27   3.00   0.00   -999.25 -1.63  2636.98 0.01   25.88  11.00  0.46   0.12   
1832994.35 402613.19 -6353.70 "14/11/2015" 39.00  1832994.35 402613.19 -6353.70 4.49   0.00   5.30   0.00   2.02   1776.39 80.33  73.77  53.60  0.99   -0.17  0.01   0.13   0.80   0.58   0.40   3.88   0.11   0.92   0.96   0.92   0.91   6.15   0.13   0.81   0.17   3.00   0.00   -999.25 -2.25  308.04 0.00   14.67  11.00  0.30   0.27   
1832739.79 402798.39 -6269.82 "14/11/2015" 40.00  1832739.79 402798.39 -6269.82 1.95   3.00   2.31   0.00   0.89   1643.24 229.80 30.26  20.39  0.94   -0.35  0.00   0.35   0.92   0.19   0.86   2.93   0.01   0.71   0.62   0.82   0.59   1.68   0.03   0.17   0.16   3.00   0.00   -999.25 -2.28  280.64 0.00   20.79  11.00  0.09   0.43   
1833259.35 402798.80 -6222.82 "14/11/2015" 41.00  1833259.35 402798.80 -6222.82 2.02   0.00   2.38   0.00   0.44   1532.63 204.36 64.64  53.42  -1.00  0.02   0.00   -0.02  -0.98  -0.21  0.95   2.94   0.02   0.77   0.68   0.80   0.59   1.78   0.03   0.19   0.16   3.00   0.00   -999.25 -2.11  508.48 0.00   26.17  11.00  0.09   0.20   
1833422.73 402696.95 -6351.15 "14/11/2015" 42.00  1833422.73 402696.95 -6351.15 2.11   0.00   2.50   0.00   1.09   1678.45 327.64 119.47 80.45  -1.00  -0.08  -0.00  -0.07  0.83   0.55   0.95   3.11   0.02   0.82   0.85   0.85   0.77   1.70   0.03   0.19   0.15   3.00   0.00   -999.25 -2.00  751.53 0.00   37.07  11.00  0.04   0.49   
1833091.45 402704.09 -6215.65 "14/11/2015" 43.00  1833091.45 402704.09 -6215.65 8.06   0.00   8.83   0.00   0.54   1631.82 94.55  63.91  56.20  -0.99  0.12   0.01   -0.12  -0.97  -0.23  0.51   3.90   0.22   0.91   0.94   0.89   0.86   7.14   0.27   0.62   0.42   3.00   0.00   -999.25 -2.10  517.00 0.00   15.90  11.00  0.39   0.09   
1833325.49 402738.35 -6219.02 "14/11/2015" 44.00  1833325.49 402738.35 -6219.02 4.06   0.00   4.55   0.00   0.53   1588.77 207.84 64.38  54.97  -1.00  -0.03  0.00   0.03   -0.97  -0.22  0.83   3.42   0.07   0.83   0.85   0.90   0.81   3.34   0.09   0.37   0.24   3.00   0.00   -999.25 -2.35  222.24 0.00   13.24  11.00  0.29   0.12   
1833682.61 403372.84 -6075.03 "14/11/2015" 45.00  1833682.61 403372.84 -6075.03 2.12   3.00   3.31   0.00   0.34   1021.94 155.34 34.81  6.47   0.91   0.40   0.00   -0.40  0.91   0.03   0.11   2.73   0.02   0.55   0.53   0.83   0.54   2.22   0.05   0.18   0.26   3.00   0.00   -999.25 -2.14  453.87 0.00   32.57  11.00  0.04   0.31   
1833220.72 402803.33 -6227.53 "14/11/2015" 46.00  1833220.72 402803.33 -6227.53 2.77   0.00   3.49   0.00   0.48   1531.15 213.67 73.24  63.39  -1.00  0.05   0.00   -0.05  -0.98  -0.20  0.81   3.14   0.04   0.71   0.67   0.83   0.65   2.57   0.06   0.24   0.26   3.00   0.00   -999.25 -2.38  202.32 0.00   16.40  9.00   0.14   0.16   
1833171.48 402659.29 -6252.89 "14/11/2015" 47.00  1833171.48 402659.29 -6252.89 2.17   0.00   2.59   0.00   0.59   1678.17 126.70 64.01  54.42  -1.00  0.07   0.00   -0.07  -0.99  0.15   0.66   3.10   0.04   0.77   0.72   0.86   0.68   2.17   0.05   0.24   0.19   3.00   0.00   -999.25 -2.24  320.25 0.00   17.72  10.00  0.17   0.19   
1833101.54 402665.75 -6249.88 "14/11/2015" 48.00  1833101.54 402665.75 -6249.88 2.37   0.00   2.48   0.00   0.66   1677.46 63.82  56.92  54.39  -0.11  -0.98  0.17   0.99   -0.11  -0.01  0.52   3.27   0.03   0.96   0.97   0.93   0.92   1.83   0.03   0.23   0.14   3.00   0.00   -999.25 -1.84  1286.27 0.00   29.76  11.00  0.15   0.35   
1832473.02 402725.34 -6241.72 "14/11/2015" 49.00  1832473.02 402725.34 -6241.72 1.96   3.00   2.46   0.00   1.37   1803.01 171.30 29.50  23.44  0.88   -0.47  0.00   0.47   0.87   -0.14  0.14   3.01   0.02   0.68   0.63   0.85   0.63   1.91   0.03   0.25   0.13   3.00   0.00   -999.25 -2.06  606.48 0.00   30.08  11.00  0.07   0.62   
1832875.55 402380.65 -6362.95 "14/11/2015" 50.00  1832875.55 402380.65 -6362.95 13.16  0.00   14.07  0.00   0.38   2016.12 75.56  56.77  55.24  -0.17  -0.72  -0.67  0.98   -0.19  -0.05  0.07   4.32   0.39   0.96   0.99   0.92   0.92   14.47  0.44   0.96   0.44   3.00   0.00   -999.25 -1.82  1370.27 0.01   11.12  11.00  3.03   0.20   
1832726.78 402687.46 -6226.30 "14/11/2015" 51.00  1832726.78 402687.46 -6226.30 12.24  0.00   12.49  0.00   0.65   1732.61 63.78  58.94  49.32  0.34   0.92   0.20   -0.06  -0.19  0.98   0.68   4.26   0.34   0.96   0.98   0.93   0.93   7.47   0.38   0.94   0.41   3.00   0.00   -999.25 -1.59  3034.26 0.01   29.83  11.00  0.35   0.08   
1832988.39 402774.83 -6259.59 "14/11/2015" 52.00  1832988.39 402774.83 -6259.59 1.83   0.00   2.32   0.00   0.82   1595.84 230.40 63.78  52.71  -0.98  0.20   -0.00  -0.20  -0.98  0.07   0.16   2.88   0.01   0.67   0.64   0.79   0.55   1.69   0.03   0.18   0.16   3.00   0.00   -999.25 -2.36  216.09 0.00   16.14  10.00  0.16   0.42   
1833239.39 403057.18 -6064.64 "14/11/2015" 54.00  1833239.39 403057.18 -6064.64 3.02   0.00   3.83   0.00   0.16   1238.93 248.11 64.96  25.86  -1.00  0.04   0.00   -0.04  -1.00  -0.06  0.47   3.13   0.03   0.83   0.81   0.85   0.73   2.31   0.05   0.20   0.26   3.00   0.00   -999.25 -1.84  1281.51 0.00   29.89  11.00  0.15   0.16   
1832961.85 402947.55 -6187.43 "14/11/2015" 55.00  1832961.85 402947.55 -6187.43 6.69   0.00   8.44   0.00   0.11   1418.51 329.85 64.56  57.64  -0.97  0.24   0.00   -0.24  -0.96  0.14   0.91   3.45   0.10   0.74   0.69   0.85   0.68   6.62   0.17   0.31   0.49   3.00   0.00   -999.25 -2.08  550.87 0.00   16.15  11.00  0.40   0.10   
1833691.55 403097.97 -6104.97 "14/11/2015" 56.00  1833691.55 403097.97 -6104.97 16.00  0.00   17.35  0.00   0.18   1276.36 65.73  38.56  36.32  0.31   -0.94  -0.12  0.95   0.32   0.00   0.31   4.28   0.38   0.97   0.98   0.94   0.93   11.30  0.42   0.83   0.51   3.00   0.00   -999.25 -1.74  1807.72 0.01   28.90  11.00  0.23   0.07   
1833660.57 403142.95 -6079.02 "14/11/2015" 57.00  1833660.57 403142.95 -6079.02 6.80   0.00   7.36   0.00   0.17   1218.39 178.06 65.61  25.89  -0.94  -0.33  0.00   0.33   -0.94  -0.07  0.99   3.54   0.13   0.92   0.90   0.89   0.84   5.34   0.17   0.36   0.45   3.00   0.00   -999.25 -1.92  983.72 0.00   29.42  11.00  0.12   0.14   
1832938.36 402670.25 -6198.46 "14/11/2015" 58.00  1832938.36 402670.25 -6198.46 3.56   0.00   4.07   0.00   0.72   1683.84 187.80 64.92  55.48  -0.98  0.21   -0.00  -0.20  -0.92  0.34   0.26   3.21   0.06   0.82   0.80   0.86   0.74   3.28   0.10   0.39   0.23   3.00   0.00   -999.25 -2.16  424.43 0.00   18.22  11.00  0.21   0.16   
1832926.40 402696.62 -6218.98 "15/11/2015" 59.00  1832926.40 402696.62 -6218.98 6.01   0.00   7.53   0.00   0.17   1667.82 163.30 63.77  57.21  -0.97  0.22   0.00   -0.22  -0.95  -0.21  0.75   3.62   0.12   0.89   0.89   0.86   0.83   4.97   0.15   0.34   0.45   3.00   0.00   -999.25 -1.95  881.82 0.00   25.33  11.00  0.16   0.14   
1833037.16 402700.57 -6059.27 "15/11/2015" 61.00  1833037.16 402700.57 -6059.27 3.46   0.00   3.96   0.00   0.47   1602.15 236.59 66.17  40.94  -0.99  0.16   -0.00  -0.16  -0.97  -0.20  0.33   3.37   0.06   0.87   0.87   0.88   0.81   2.80   0.08   0.29   0.27   3.00   0.00   -999.25 -1.99  758.32 0.00   25.19  11.00  0.14   0.15   
1832939.49 402648.22 -6065.99 "15/11/2015" 62.00  1832939.49 402648.22 -6065.99 8.94   0.00   9.46   0.00   0.73   1671.73 64.09  48.59  24.18  -0.22  -0.97  -0.02  0.97   -0.22  -0.00  0.85   3.91   0.21   0.96   0.98   0.95   0.94   9.48   0.24   0.84   0.28   3.00   0.00   -999.25 -1.70  2096.22 0.01   21.76  11.00  0.62   0.10   
1831544.11 402615.74 -5902.15 "15/11/2015" 63.00  1831544.11 402615.74 -5902.15 3.41   3.00   4.10   0.00   0.33   2394.57 128.09 106.74 60.92  0.73   0.68   0.11   -0.68  0.73   0.00   0.47   2.82   0.14   0.96   0.96   0.88   0.86   5.83   0.28   0.56   0.46   3.00   0.00   -999.25 -1.84  1304.21 0.00   21.34  11.00  0.41   0.05   
1833322.66 402708.85 -6058.79 "15/11/2015" 64.00  1833322.66 402708.85 -6058.79 4.96   0.00   5.46   0.00   0.93   1574.46 124.66 66.35  40.72  -1.00  -0.02  -0.00  0.02   -0.98  -0.20  0.10   3.79   0.12   0.85   0.91   0.92   0.86   5.28   0.16   0.68   0.25   3.00   0.00   -999.25 -1.76  1708.86 0.00   25.75  11.00  0.30   0.39   
1832838.02 402626.72 -6146.50 "15/11/2015" 65.00  1832838.02 402626.72 -6146.50 7.52   0.00   8.10   0.00   0.48   1734.22 64.81  54.68  46.61  -0.25  -0.95  0.19   0.96   -0.26  -0.02  0.01   3.89   0.20   0.90   0.93   0.91   0.87   8.79   0.23   0.73   0.29   3.00   0.00   -999.25 -1.65  2507.68 0.01   20.41  11.00  0.90   0.14   
1833348.80 402757.08 -6058.81 "15/11/2015" 66.00  1833348.80 402757.08 -6058.81 3.26   0.00   3.72   0.00   1.10   1528.23 81.36  66.65  40.29  -1.00  -0.05  -0.00  0.05   -0.98  -0.20  0.09   3.52   0.07   0.80   0.89   0.93   0.86   3.28   0.09   0.49   0.17   3.00   0.00   -999.25 -1.99  770.12 0.00   22.55  11.00  0.20   0.39   
1833102.13 403174.66 -5971.84 "15/11/2015" 67.00  1833102.13 403174.66 -5971.84 1.92   0.00   2.30   0.00   0.86   1116.33 244.15 66.57  30.23  -0.99  0.17   0.00   -0.17  -0.97  -0.16  0.54   3.01   0.02   0.75   0.70   0.83   0.65   1.79   0.03   0.20   0.16   3.00   0.00   -999.25 -1.86  1214.49 0.00   58.88  10.00  0.02   0.46   
1832865.14 402712.81 -6094.97 "15/11/2015" 68.00  1832865.14 402712.81 -6094.97 11.16  0.00   11.14  0.00   0.38   1634.31 67.97  46.83  43.57  -0.26  -0.96  -0.08  0.96   -0.26  -0.02  0.68   3.97   0.23   0.96   0.98   0.94   0.94   5.85   0.25   0.64   0.40   3.00   0.00   -999.25 -1.49  4356.18 0.01   21.22  11.00  1.38   0.08   
1833160.26 402852.99 -6148.22 "15/11/2015" 69.00  1833160.26 402852.99 -6148.22 22.67  0.00   25.35  0.00   0.30   1463.20 64.58  52.38  41.72  -0.09  -0.99  0.11   0.01   0.11   0.99   0.92   4.40   0.41   0.93   0.99   0.94   0.94   37.56  0.46   1.00   0.46   3.00   0.02   -999.25 -1.01  22270.30 0.05   26.52  11.00  3.63   0.20   
1832763.09 402578.36 -6052.41 "15/11/2015" 70.00  1832763.09 402578.36 -6052.41 5.07   0.00   5.66   0.00   0.78   1779.83 201.19 65.68  42.14  -0.95  0.30   -0.00  -0.30  -0.93  -0.20  0.05   3.81   0.18   0.93   0.96   0.93   0.91   4.62   0.21   0.61   0.29   3.00   0.00   -999.25 -1.73  1865.47 0.01   31.29  11.00  0.18   0.21   
1832696.35 402867.55 -6215.30 "15/11/2015" 72.00  1832696.35 402867.55 -6215.30 5.06   0.00   6.23   0.00   0.22   1580.26 350.34 64.02  54.83  -0.92  0.39   0.00   -0.38  -0.90  -0.21  0.17   3.49   0.11   0.82   0.81   0.84   0.74   4.45   0.15   0.31   0.44   3.00   0.00   -999.25 -2.02  688.33 0.00   25.39  11.00  0.13   0.08   
1831615.13 402632.87 -6033.80 "15/11/2015" 73.00  1831615.13 402632.87 -6033.80 6.26   3.00   6.93   0.00   0.19   2345.53 115.56 60.31  42.85  -0.69  0.72   -0.00  0.70   0.68   0.22   0.10   3.37   0.20   0.96   0.96   0.93   0.91   9.91   0.36   0.67   0.52   3.00   0.00   -999.25 -1.75  1762.30 0.01   20.08  11.00  0.66   0.05   
1832847.02 402871.80 -6010.92 "15/11/2015" 74.00  1832847.02 402871.80 -6010.92 1.81   0.00   2.11   0.00   0.91   1472.49 360.53 67.90  33.26  -0.95  0.31   0.00   -0.30  -0.93  -0.20  0.56   2.91   0.02   0.67   0.64   0.76   0.55   1.85   0.03   0.19   0.18   3.00   0.00   -999.25 -2.33  235.26 0.00   16.51  11.00  0.16   0.40   
1832597.94 402581.58 -6125.86 "15/11/2015" 75.00  1832597.94 402581.58 -6125.86 2.27   0.00   2.77   0.00   1.17   1847.29 256.03 64.88  43.23  -0.92  0.38   -0.00  -0.38  -0.91  0.16   0.83   3.17   0.04   0.74   0.79   0.86   0.74   2.34   0.05   0.30   0.17   3.00   0.00   -999.25 -1.76  1692.27 0.00   34.93  11.00  0.12   0.45   
1833892.27 403190.17 -6103.16 "15/11/2015" 76.00  1833892.27 403190.17 -6103.16 12.37  3.00   12.97  0.00   0.06   1275.38 76.92  32.05  16.81  0.87   0.50   -0.00  -0.49  0.85   0.18   0.19   3.76   0.27   0.94   0.95   0.93   0.91   8.07   0.43   0.81   0.53   3.00   0.00   -999.25 -1.51  3939.07 0.01   26.52  11.00  0.64   0.10   
1833016.87 402623.19 -5972.98 "15/11/2015" 77.00  1833016.87 402623.19 -5972.98 2.66   0.00   2.95   0.00   0.56   1664.67 192.40 69.88  34.78  -0.99  0.17   0.00   -0.16  -0.97  -0.16  0.20   3.19   0.03   0.76   0.85   0.84   0.77   2.13   0.04   0.21   0.21   3.00   0.00   -999.25 -1.42  5388.57 0.02   65.48  11.00  0.06   0.33   
1832729.88 402764.62 -6215.59 "15/11/2015" 78.00  1832729.88 402764.62 -6215.59 1.71   0.00   2.06   0.00   0.58   1659.27 365.89 74.52  61.20  -0.94  0.35   0.00   -0.34  -0.91  -0.25  0.14   2.76   0.01   0.66   0.53   0.68   0.45   1.58   0.03   0.17   0.15   3.00   0.00   -999.25 -2.32  246.94 0.00   14.74  11.00  0.23   0.32   
1832693.59 402465.17 -6063.20 "15/11/2015" 79.00  1832693.59 402465.17 -6063.20 2.06   3.00   2.43   0.00   1.22   1908.74 180.26 48.22  9.13   0.95   -0.32  -0.00  0.32   0.95   -0.04  0.11   2.09   0.01   0.70   0.72   0.87   0.67   2.26   0.05   0.30   0.16   3.00   0.00   -999.25 -1.99  763.30 0.00   25.85  11.00  0.13   0.45   
1831523.12 402566.17 -6064.25 "15/11/2015" 80.00  1831523.12 402566.17 -6064.25 7.26   3.00   7.92   0.00   0.23   2461.24 47.05  46.77  6.29   0.73   0.69   -0.03  -0.69  0.73   -0.00  0.96   3.65   0.26   0.97   0.98   0.90   0.89   7.59   0.41   0.87   0.46   3.00   0.01   -999.25 -1.45  4928.50 0.01   14.67  11.00  4.75   0.07   
1832730.17 402662.80 -6087.53 "15/11/2015" 82.00  1832730.17 402662.80 -6087.53 3.07   0.00   3.95   0.00   0.80   1718.65 132.72 64.00  23.95  -0.94  0.33   0.00   -0.33  -0.94  -0.01  0.19   3.37   0.11   0.82   0.77   0.84   0.70   3.31   0.13   0.40   0.26   3.00   0.00   -999.25 -1.98  782.39 0.00   22.72  11.00  0.20   0.24   
1832731.34 402526.24 -6144.73 "15/11/2015" 83.00  1832731.34 402526.24 -6144.73 2.22   0.00   2.75   0.00   0.83   1857.14 200.95 64.71  43.02  -0.95  0.31   0.01   -0.31  -0.94  0.17   0.26   3.19   0.04   0.82   0.82   0.86   0.76   2.28   0.06   0.26   0.20   3.00   0.00   -999.25 -1.76  1663.72 0.00   37.42  11.00  0.10   0.40   
1832657.46 402764.83 -6078.52 "15/11/2015" 84.00  1832657.46 402764.83 -6078.52 2.61   0.00   3.13   0.00   0.94   1649.59 113.15 63.95  24.31  -0.92  0.39   -0.00  -0.39  -0.92  -0.02  0.26   3.16   0.06   0.78   0.85   0.84   0.77   2.66   0.07   0.32   0.21   3.00   0.00   -999.25 -1.92  968.97 0.00   32.13  11.00  0.09   0.55   
1832890.90 402487.10 -6286.02 "15/11/2015" 85.00  1832890.90 402487.10 -6286.02 2.79   0.00   3.09   0.00   0.39   1890.31 263.07 63.70  45.57  -0.98  0.22   -0.00  -0.22  -0.97  -0.12  0.17   3.24   0.04   0.88   0.86   0.82   0.77   2.34   0.05   0.26   0.21   3.00   0.00   -999.25 -2.13  474.68 0.00   17.82  11.00  0.25   0.30   
1833187.15 402780.88 -6092.45 "15/11/2015" 86.00  1833187.15 402780.88 -6092.45 9.01   0.00   9.32   0.00   0.46   1515.24 64.79  43.25  38.39  -0.07  -0.99  -0.11  1.00   -0.07  -0.02  0.19   3.97   0.22   0.95   0.98   0.94   0.93   6.01   0.25   0.71   0.33   3.00   0.00   -999.25 -1.68  2263.82 0.01   28.24  11.00  0.31   0.12   
1833256.98 402468.99 -6358.15 "15/11/2015" 87.00  1833256.98 402468.99 -6358.15 2.86   0.00   3.33   0.00   1.71   1888.71 130.66 81.83  58.90  -1.00  0.01   -0.00  0.01   0.78   0.63   0.35   3.53   0.06   0.91   0.94   0.92   0.89   3.23   0.08   0.50   0.15   3.00   0.00   -999.25 -2.37  207.81 0.00   12.77  11.00  0.30   0.47   
1832682.93 402566.29 -6067.67 "15/11/2015" 88.00  1832682.93 402566.29 -6067.67 2.89   0.00   3.59   0.00   0.89   1819.16 172.76 63.67  23.35  -0.94  0.33   -0.00  -0.33  -0.94  -0.01  0.27   3.18   0.08   0.80   0.77   0.86   0.73   3.23   0.11   0.39   0.25   3.00   0.00   -999.25 -1.87  1167.70 0.00   32.45  11.00  0.10   0.28   
1833133.07 402909.96 -6069.65 "15/11/2015" 89.00  1833133.07 402909.96 -6069.65 7.87   0.00   8.39   0.00   0.28   1389.90 69.19  64.50  25.47  -0.99  0.12   -0.00  -0.11  -0.99  -0.04  0.17   3.72   0.22   0.88   0.90   0.91   0.85   5.51   0.26   0.58   0.40   3.00   0.00   -999.25 -2.17  415.48 0.00   15.37  11.00  0.35   0.08   
1832884.98 402664.46 -6111.74 "15/11/2015" 90.00  1832884.98 402664.46 -6111.74 2.17   0.00   2.18   0.00   0.44   1678.70 168.34 160.98 106.21 -0.96  0.27   -0.00  -0.27  -0.96  -0.09  0.95   3.17   0.02   0.91   0.90   0.89   0.84   1.64   0.03   0.18   0.15   3.00   0.00   -999.25 -1.33  7577.78 0.02   65.63  11.00  0.08   0.21   
1832790.27 402682.78 -6334.41 "15/11/2015" 91.00  1832790.27 402682.78 -6334.41 3.66   3.00   4.08   0.00   0.46   1752.38 112.07 30.65  23.96  0.95   -0.30  -0.00  0.29   0.92   0.28   0.44   3.33   0.07   0.76   0.84   0.89   0.78   3.01   0.10   0.35   0.25   3.00   0.00   -999.25 -2.30  261.24 0.00   13.75  11.00  0.30   0.16   
1832770.70 402621.36 -6077.75 "15/11/2015" 92.00  1832770.70 402621.36 -6077.75 8.80   0.00   9.55   0.00   0.90   1742.39 65.40  50.95  25.39  -0.30  -0.95  -0.01  0.95   -0.30  -0.00  0.36   3.90   0.25   0.92   0.98   0.94   0.93   5.89   0.29   0.79   0.33   3.00   0.00   -999.25 -1.31  7984.38 0.02   25.07  11.00  1.54   0.17   
1832613.23 402496.85 -6241.96 "15/11/2015" 93.00  1832613.23 402496.85 -6241.96 1.85   3.00   2.23   0.00   1.19   1946.53 142.57 30.18  24.17  0.93   -0.36  0.00   0.34   0.89   0.29   0.40   3.08   0.03   0.80   0.73   0.84   0.68   2.02   0.04   0.27   0.14   3.00   0.00   -999.25 -1.86  1196.04 0.00   34.27  11.00  0.09   0.38   
1832887.17 403113.45 -5689.94 "15/11/2015" 94.00  1832887.17 403113.45 -5689.94 2.46   0.00   3.08   0.00   0.51   1201.57 188.02 65.49  32.46  -0.94  0.34   0.00   -0.34  -0.94  0.04   0.68   3.22   0.04   0.80   0.74   0.84   0.73   2.48   0.06   0.24   0.26   3.00   0.00   -999.25 -2.26  303.22 0.00   21.96  11.00  0.09   0.24   
1832542.18 402600.20 -6126.80 "15/11/2015" 95.00  1832542.18 402600.20 -6126.80 6.52   0.00   6.50   0.00   0.22   1852.50 113.33 69.97  49.53  -0.91  0.40   -0.01  -0.39  -0.88  0.25   0.17   3.61   0.12   0.94   0.93   0.94   0.90   4.45   0.14   0.34   0.43   3.00   0.00   -999.25 -1.67  2315.91 0.01   32.53  11.00  0.20   0.09   
1832428.96 402634.19 -6235.85 "15/11/2015" 96.00  1832428.96 402634.19 -6235.85 3.15   0.00   3.47   0.00   0.59   1898.42 123.97 63.33  63.14  -0.88  0.47   -0.00  0.36   0.68   0.64   0.92   3.26   0.05   0.83   0.86   0.87   0.80   2.47   0.07   0.26   0.24   3.00   0.00   -999.25 -1.98  792.97 0.00   28.31  11.00  0.11   0.30   
1832550.25 402584.57 -6145.65 "15/11/2015" 97.00  1832550.25 402584.57 -6145.65 5.35   0.00   5.32   0.00   0.27   1867.41 135.75 72.12  50.92  -0.91  0.41   -0.00  -0.39  -0.87  0.28   0.78   3.49   0.08   0.89   0.88   0.93   0.84   3.43   0.10   0.29   0.37   3.00   0.00   -999.25 -1.94  916.92 0.00   20.08  11.00  0.34   0.14   
1833534.00 402740.82 -6174.34 "15/11/2015" 98.00  1833534.00 402740.82 -6174.34 11.40  0.00   11.61  0.00   0.82   1591.49 64.19  60.59  45.28  0.15   -0.97  -0.21  -0.03  0.21   -0.98  0.84   4.20   0.28   0.92   0.98   0.93   0.93   8.75   0.33   0.94   0.35   3.00   0.00   -999.25 -1.42  5552.52 0.02   44.73  11.00  0.19   0.15   
1833506.57 402727.74 -6184.05 "15/11/2015" 99.00  1833506.57 402727.74 -6184.05 9.01   0.00   9.40   0.00   0.86   1602.68 64.79  56.69  53.53  0.14   -0.93  0.34   0.06   -0.33  -0.94  0.34   4.11   0.25   0.92   0.97   0.95   0.93   5.95   0.30   0.82   0.37   3.00   0.00   -999.25 -1.59  2994.71 0.01   32.21  11.00  0.27   0.19   
1833087.16 402636.76 -6057.80 "15/11/2015" 100.00 1833087.16 402636.76 -6057.80 2.07   3.00   2.85   0.00   0.41   1656.65 220.70 31.02  16.93  0.99   -0.12  0.00   0.12   0.98   0.17   0.71   2.86   0.02   0.59   0.62   0.87   0.60   2.12   0.04   0.19   0.24   3.00   0.00   -999.25 -2.02  692.49 0.00   25.59  11.00  0.13   0.25   
1832609.84 402664.50 -6253.84 "15/11/2015" 101.00 1832609.84 402664.50 -6253.84 5.32   0.00   5.98   0.00   0.34   1802.19 205.57 64.55  56.44  -0.92  0.40   0.00   -0.37  -0.87  0.32   0.85   3.63   0.15   0.85   0.84   0.92   0.81   4.22   0.19   0.41   0.42   3.00   0.00   -999.25 -2.03  673.75 0.00   22.15  11.00  0.19   0.10   
1832722.24 402720.50 -6051.85 "15/11/2015" 102.00 1832722.24 402720.50 -6051.85 2.19   0.00   2.64   0.00   0.93   1660.81 198.27 91.20  61.88  -0.94  0.35   -0.00  -0.34  -0.91  -0.22  0.64   3.01   0.02   0.79   0.77   0.80   0.67   1.67   0.03   0.18   0.15   3.00   0.00   -999.25 -2.10  531.12 0.00   25.25  11.00  0.10   0.34   
1832794.29 402707.83 -6090.37 "15/11/2015" 103.00 1832794.29 402707.83 -6090.37 1.77   3.00   2.11   0.00   1.06   1657.66 137.85 30.92  16.44  0.95   -0.31  -0.00  0.30   0.94   0.17   0.25   3.06   0.02   0.76   0.76   0.85   0.71   1.75   0.03   0.22   0.13   3.00   0.00   -999.25 -1.98  786.58 0.00   34.79  11.00  0.06   0.46   
1832835.92 402517.81 -6350.78 "15/11/2015" 104.00 1832835.92 402517.81 -6350.78 10.15  0.00   10.45  0.00   0.49   1894.92 74.59  54.37  53.16  -0.20  -0.75  -0.63  0.12   0.62   -0.77  0.34   4.20   0.28   0.96   0.98   0.92   0.91   9.26   0.32   0.96   0.33   3.00   0.00   -999.25 -1.80  1450.26 0.01   16.60  11.00  0.96   0.35   
1833066.05 402774.61 -6204.57 "15/11/2015" 105.00 1833066.05 402774.61 -6204.57 4.68   0.00   6.04   0.00   0.19   1565.30 199.93 65.08  57.18  -0.99  0.16   0.00   -0.15  -0.94  0.32   0.01   3.55   0.11   0.87   0.87   0.85   0.79   4.84   0.15   0.29   0.49   3.00   0.00   -999.25 -2.02  680.21 0.00   24.07  11.00  0.15   0.12   
1832431.24 402610.99 -6141.86 "15/11/2015" 106.00 1832431.24 402610.99 -6141.86 10.61  0.00   10.74  0.00   0.33   1893.91 71.40  54.34  49.40  -0.44  -0.86  0.26   0.89   -0.46  -0.01  0.23   4.14   0.35   0.95   0.97   0.94   0.93   12.39  0.40   0.83   0.45   3.00   0.01   -999.25 -1.31  7936.10 0.02   20.34  11.00  2.87   0.13   
1833502.25 402781.59 -6153.47 "15/11/2015" 107.00 1833502.25 402781.59 -6153.47 1.94   0.00   2.53   0.00   0.53   1542.26 98.65  64.24  60.41  -0.99  -0.14  0.00   0.13   -0.95  -0.30  0.61   2.87   0.02   0.66   0.56   0.74   0.50   1.86   0.04   0.18   0.20   3.00   0.00   -999.25 -2.10  522.60 0.00   24.02  10.00  0.11   0.31   
1832808.96 402669.32 -6074.39 "15/11/2015" 108.00 1832808.96 402669.32 -6074.39 3.17   0.00   3.54   0.00   1.10   1685.77 170.23 64.12  24.12  -0.96  0.29   0.00   -0.29  -0.96  -0.02  0.96   3.28   0.06   0.86   0.92   0.93   0.88   2.80   0.08   0.36   0.20   3.00   0.00   -999.25 -2.00  747.17 0.00   29.81  11.00  0.09   0.26   
1832740.42 402529.90 -6003.27 "15/11/2015" 110.00 1832740.42 402529.90 -6003.27 4.25   0.00   4.30   0.00   0.42   1823.63 92.65  67.86  49.26  -0.29  -0.93  -0.22  0.95   -0.30  -0.00  0.91   3.61   0.08   0.92   0.94   0.96   0.92   3.43   0.09   0.45   0.24   3.00   0.00   -999.25 -1.67  2341.81 0.01   24.25  11.00  0.50   0.21   
1832689.69 402549.24 -5954.93 "15/11/2015" 109.00 1832689.69 402549.24 -5954.93 2.12   0.00   2.61   0.00   0.72   1814.56 292.62 84.17  35.32  -0.94  0.33   -0.00  -0.33  -0.94  -0.13  0.24   3.03   0.03   0.73   0.73   0.87   0.67   2.12   0.04   0.25   0.17   3.00   0.00   -999.25 -1.95  879.41 0.00   34.81  11.00  0.06   0.32   
1832927.93 402734.20 -6097.11 "15/11/2015" 112.00 1832927.93 402734.20 -6097.11 2.56   0.00   2.83   0.00   0.53   1599.44 261.08 64.31  38.97  -0.97  0.22   0.00   -0.22  -0.97  -0.10  0.88   3.19   0.03   0.77   0.86   0.83   0.75   2.21   0.05   0.22   0.22   3.00   0.00   -999.25 -2.09  535.24 0.00   24.84  11.00  0.11   0.28   
1832641.91 402760.54 -6207.74 "15/11/2015" 113.00 1832641.91 402760.54 -6207.74 9.69   0.00   10.67  0.00   0.34   1692.22 111.84 65.34  55.39  -0.91  0.41   0.00   -0.39  -0.86  0.33   0.76   4.00   0.27   0.93   0.94   0.94   0.89   7.89   0.31   0.61   0.51   3.00   0.00   -999.25 -2.17  409.94 0.00   13.41  11.00  0.52   0.07   
1832243.84 402547.57 -6165.28 "15/11/2015" 114.00 1832243.84 402547.57 -6165.28 6.39   0.00   6.70   0.00   0.83   2043.31 63.18  59.69  53.32  -0.54  -0.84  0.07   0.84   -0.55  -0.01  0.77   3.80   0.19   0.91   0.92   0.92   0.88   5.18   0.23   0.69   0.32   3.00   0.00   -999.25 -1.69  2179.06 0.01   29.79  11.00  0.25   0.20   
1832821.97 402641.35 -6174.21 "15/11/2015" 115.00 1832821.97 402641.35 -6174.21 13.74  0.00   14.42  0.00   0.52   1731.94 63.82  59.72  49.52  0.28   0.96   0.02   -0.01  -0.02  1.00   0.77   4.23   0.32   0.97   0.99   0.93   0.92   16.40  0.36   0.95   0.37   3.00   0.00   -999.25 -1.56  3418.30 0.01   17.38  11.00  1.98   0.12   
1833396.04 402742.72 -6141.14 "15/11/2015" 116.00 1833396.04 402742.72 -6141.14 2.45   0.00   2.75   0.00   0.60   1565.00 274.83 64.70  50.79  -1.00  -0.08  -0.00  0.08   -0.98  0.16   0.52   3.13   0.03   0.79   0.78   0.90   0.75   2.14   0.05   0.24   0.19   3.00   0.00   -999.25 -2.02  690.36 0.00   29.21  11.00  0.08   0.25   
1832811.46 402722.92 -6084.14 "15/11/2015" 117.00 1832811.46 402722.92 -6084.14 2.27   3.00   2.64   0.00   1.26   1637.19 111.71 31.63  4.08   0.95   -0.30  0.00   0.30   0.95   0.01   0.45   2.68   0.02   0.86   0.92   0.91   0.87   2.45   0.05   0.35   0.14   3.00   0.00   -999.25 -2.19  379.69 0.00   18.10  11.00  0.19   0.32   
1831980.59 403458.46 -5925.19 "15/11/2015" 118.00 1831980.59 403458.46 -5925.19 2.83   3.00   4.79   0.00   0.09   1540.68 302.78 35.50  16.38  -0.52  0.86   0.00   0.85   0.51   0.13   0.28   3.08   0.04   0.72   0.69   0.77   0.60   3.89   0.09   0.19   0.47   3.00   0.00   -999.25 -2.14  454.66 0.00   18.12  11.00  0.23   0.11   
1832996.02 402789.12 -6121.70 "15/11/2015" 119.00 1832996.02 402789.12 -6121.70 2.47   0.00   2.92   0.00   0.68   1539.47 225.17 64.53  51.22  -0.98  0.19   -0.00  -0.19  -0.97  0.14   0.19   3.12   0.03   0.69   0.71   0.94   0.70   2.11   0.04   0.25   0.17   3.00   0.00   -999.25 -1.97  809.06 0.00   22.98  11.00  0.20   0.37   
1833053.44 402637.86 -6063.47 "15/11/2015" 120.00 1833053.44 402637.86 -6063.47 4.40   0.00   4.74   0.00   0.39   1661.19 107.23 63.84  24.23  -0.99  0.14   -0.00  -0.14  -0.99  -0.02  0.94   3.30   0.07   0.86   0.89   0.89   0.84   3.04   0.09   0.29   0.32   3.00   0.00   -999.25 -2.04  641.09 0.00   23.49  11.00  0.15   0.22   
1832727.28 402577.90 -6056.37 "15/11/2015" 121.00 1832727.28 402577.90 -6056.37 1.96   0.00   2.40   0.00   0.97   1791.91 258.96 65.85  42.21  -0.95  0.32   -0.00  -0.32  -0.93  -0.20  0.80   3.09   0.03   0.75   0.74   0.85   0.69   2.02   0.04   0.24   0.16   3.00   0.00   -999.25 -1.97  822.42 0.00   30.94  11.00  0.08   0.42   
1832422.78 402735.52 -5981.90 "15/11/2015" 122.00 1832422.78 402735.52 -5981.90 3.43   3.00   3.78   0.00   0.44   1760.63 213.99 79.75  43.16  0.87   -0.50  0.00   0.49   0.86   0.16   0.76   2.13   0.03   0.81   0.82   0.90   0.78   3.09   0.11   0.30   0.31   3.00   0.00   -999.25 -1.66  2385.83 0.01   43.85  11.00  0.09   0.23   
1832623.78 402594.31 -6114.88 "15/11/2015" 123.00 1832623.78 402594.31 -6114.88 9.63   0.00   9.65   0.00   0.49   1823.84 68.37  52.93  45.69  -0.36  -0.93  -0.06  0.93   -0.36  0.00   0.26   4.08   0.29   0.93   0.98   0.95   0.93   7.12   0.32   0.75   0.40   3.00   0.00   -999.25 -1.58  3141.39 0.01   22.79  11.00  0.81   0.08   
1832680.97 402649.94 -6120.98 "15/11/2015" 124.00 1832680.97 402649.94 -6120.98 2.14   0.00   2.67   0.00   0.91   1754.39 134.84 64.69  45.95  -0.93  0.36   -0.00  -0.35  -0.92  0.16   0.47   3.19   0.05   0.85   0.76   0.83   0.70   2.46   0.06   0.29   0.20   3.00   0.00   -999.25 -1.75  1728.36 0.00   45.42  11.00  0.06   0.54   
1832657.44 402488.24 -6036.36 "15/11/2015" 125.00 1832657.44 402488.24 -6036.36 5.05   0.00   5.56   0.00   1.03   1894.26 65.54  54.90  42.68  -0.33  -0.92  -0.20  0.94   -0.34  -0.01  0.66   3.93   0.17   0.86   0.99   0.93   0.93   5.99   0.20   0.74   0.26   3.00   0.00   -999.25 -1.19  12037.75 0.03   44.94  11.00  0.40   0.44   
1832788.55 402607.82 -6038.02 "15/11/2015" 126.00 1832788.55 402607.82 -6038.02 3.33   3.00   3.40   0.00   0.77   1742.10 136.43 47.42  23.96  0.96   -0.29  -0.00  0.29   0.94   0.17   0.36   2.78   0.02   0.77   0.92   0.94   0.90   4.72   0.24   0.60   0.34   3.00   0.00   -999.25 -1.61  2828.89 0.01   35.73  11.00  0.19   0.43   
1832446.99 402837.11 -6210.72 "15/11/2015" 127.00 1832446.99 402837.11 -6210.72 3.31   3.00   4.70   0.00   0.24   1713.23 222.40 30.32  24.37  0.86   -0.51  -0.00  0.49   0.83   0.27   0.45   3.28   0.06   0.80   0.77   0.82   0.70   3.27   0.10   0.24   0.37   3.00   0.00   -999.25 -2.15  447.76 0.00   19.48  10.00  0.18   0.13   
1833611.23 402863.92 -6107.25 "15/11/2015" 128.00 1833611.23 402863.92 -6107.25 3.60   0.00   4.29   0.00   0.22   1471.26 353.39 65.09  38.04  -0.97  -0.23  0.00   0.23   -0.97  -0.11  0.07   3.38   0.06   0.86   0.79   0.87   0.75   3.37   0.09   0.22   0.41   3.00   0.00   -999.25 -2.22  348.19 0.00   21.61  11.00  0.10   0.13   
1833003.63 403194.18 -6099.32 "15/11/2015" 129.00 1833003.63 403194.18 -6099.32 2.73   3.00   4.15   0.00   0.20   1154.20 236.25 31.85  15.34  0.97   -0.26  0.00   0.26   0.95   0.18   0.41   3.10   0.03   0.67   0.69   0.81   0.57   2.94   0.06   0.15   0.37   3.00   0.00   -999.25 -2.29  275.82 0.00   21.70  10.00  0.08   0.17   
1833749.90 403140.84 -6062.11 "15/11/2015" 130.00 1833749.90 403140.84 -6062.11 3.42   0.00   4.88   0.00   0.22   1245.65 179.81 65.19  25.84  -0.92  -0.39  -0.00  0.39   -0.92  -0.06  0.56   3.26   0.09   0.71   0.70   0.87   0.67   3.51   0.12   0.26   0.40   3.00   0.00   -999.25 -2.36  209.68 0.00   12.85  5.00   0.30   0.14   
1833428.65 402826.37 -6099.20 "15/11/2015" 132.00 1833428.65 402826.37 -6099.20 2.17   0.00   2.67   0.00   0.50   1476.19 206.46 64.71  38.11  -1.00  -0.10  -0.00  0.10   -0.99  -0.10  0.72   3.06   0.02   0.80   0.76   0.78   0.65   2.02   0.04   0.17   0.23   3.00   0.00   -999.25 -2.30  264.36 0.00   19.35  10.00  0.11   0.29   
1833016.31 402516.07 -6332.43 "15/11/2015" 134.00 1833016.31 402516.07 -6332.43 2.28   3.00   2.44   0.00   1.06   1855.55 144.87 30.49  24.73  0.99   -0.16  -0.00  0.15   0.94   0.30   0.24   3.09   0.03   0.78   0.91   0.87   0.83   2.18   0.04   0.29   0.15   3.00   0.00   -999.25 -1.95  888.47 0.00   35.34  11.00  0.06   0.38   
1832504.80 402799.92 -6368.19 "15/11/2015" 135.00 1832504.80 402799.92 -6368.19 1.80   3.00   2.42   0.00   0.47   1768.41 240.32 32.59  22.85  0.88   -0.48  0.00   0.44   0.80   0.41   0.63   2.94   0.02   0.57   0.65   0.82   0.59   1.76   0.03   0.15   0.20   3.00   0.00   -999.25 -2.21  351.11 0.00   24.50  11.00  0.07   0.46   
1832861.21 402730.25 -6314.05 "15/11/2015" 137.00 1832861.21 402730.25 -6314.05 5.61   0.00   5.89   0.00   0.41   1683.55 104.56 66.76  43.13  -0.96  0.27   0.00   -0.27  -0.94  -0.23  0.11   3.59   0.10   0.91   0.92   0.93   0.88   3.57   0.13   0.39   0.32   3.00   0.00   -999.25 -2.11  506.44 0.00   20.79  11.00  0.17   0.12   
1833237.82 402625.43 -6250.61 "15/11/2015" 140.00 1833237.82 402625.43 -6250.61 5.73   0.00   5.98   0.00   0.52   1706.24 94.91  63.81  54.89  -1.00  0.03   -0.00  -0.03  -0.98  0.21   0.64   3.69   0.12   0.95   0.95   0.94   0.91   4.11   0.14   0.49   0.30   3.00   0.00   -999.25 -2.14  452.90 0.00   16.69  11.00  0.30   0.18   
1833671.48 402747.45 -6171.64 "15/11/2015" 141.00 1833671.48 402747.45 -6171.64 3.24   0.00   3.78   0.00   0.39   1611.46 165.04 64.19  60.55  -0.97  -0.24  0.00   0.24   -0.95  -0.21  0.12   3.28   0.05   0.86   0.83   0.87   0.78   2.61   0.07   0.25   0.27   3.00   0.00   -999.25 -2.13  465.07 0.00   23.47  10.00  0.11   0.17   
1833712.87 403141.24 -6085.62 "15/11/2015" 142.00 1833712.87 403141.24 -6085.62 6.67   0.00   7.51   0.00   0.25   1238.84 131.84 65.35  25.87  -0.93  -0.36  -0.00  0.36   -0.93  -0.06  0.71   3.46   0.12   0.83   0.84   0.91   0.81   4.93   0.16   0.35   0.44   3.00   0.00   -999.25 -2.05  616.92 0.00   28.86  11.00  0.08   0.18   
1834027.94 402703.15 -6353.35 "15/11/2015" 143.00 1834027.94 402703.15 -6353.35 2.36   0.00   2.77   0.00   1.82   1824.65 192.20 74.13  53.90  -0.90  -0.43  -0.00  -0.34  0.72   0.60   0.13   3.37   0.04   0.84   0.90   0.91   0.86   2.56   0.06   0.35   0.17   3.00   0.00   -999.25 -2.39  192.59 0.00   15.37  11.00  0.16   0.65   
1832887.79 403202.39 -6103.88 "15/11/2015" 145.00 1832887.79 403202.39 -6103.88 1.70   3.00   2.21   0.00   0.36   1182.35 287.78 35.73  16.30  0.93   -0.36  0.00   0.35   0.92   0.18   0.71   2.32   0.01   0.56   0.61   0.73   0.48   1.64   0.03   0.16   0.17   3.00   0.00   -999.25 -2.30  265.73 0.00   26.41  11.00  0.04   0.28   
1832926.40 402667.39 -6145.15 "15/11/2015" 146.00 1832926.40 402667.39 -6145.15 2.86   0.00   3.53   0.00   0.27   1674.66 309.90 65.01  48.26  -0.97  0.23   0.01   -0.23  -0.96  0.18   0.63   3.20   0.04   0.81   0.80   0.81   0.70   2.59   0.06   0.19   0.32   3.00   0.00   -999.25 -2.03  660.06 0.00   23.13  9.00   0.16   0.17   
1832277.06 402730.85 -5947.66 "15/11/2015" 147.00 1832277.06 402730.85 -5947.66 3.74   3.00   4.29   0.00   0.58   1835.94 108.28 31.78  4.54   0.83   -0.56  0.00   0.56   0.83   0.03   0.52   3.34   0.08   0.91   0.92   0.91   0.86   3.91   0.16   0.39   0.39   3.00   0.00   -999.25 -2.16  430.83 0.00   19.74  11.00  0.17   0.12   
1834067.94 401845.16 -5720.75 "15/11/2015" 148.00 1834067.94 401845.16 -5720.75 4.26   3.00   5.80   0.00   0.10   2523.77 212.43 52.42  41.07  0.95   0.31   0.00   0.06   -0.19  0.98   0.50   3.00   0.08   0.89   0.88   0.65   0.62   8.11   0.18   0.34   0.54   3.00   0.00   -999.25 -1.80  1469.43 0.00   22.76  11.00  0.38   0.03   
1833052.48 402638.55 -6393.36 "15/11/2015" 149.00 1833052.48 402638.55 -6393.36 9.28   0.00   9.80   0.00   0.61   1759.13 64.99  60.23  48.58  -0.14  -0.98  0.10   -0.01  -0.10  -0.99  0.93   4.14   0.28   0.95   0.98   0.90   0.89   6.85   0.32   0.90   0.36   3.00   0.00   -999.25 -2.13  465.41 0.00   13.98  11.00  0.52   0.23   
1833065.85 402693.15 -6372.54 "15/11/2015" 150.00 1833065.85 402693.15 -6372.54 1.90   0.00   2.33   0.00   0.79   1699.48 134.53 79.11  56.79  -0.99  0.14   0.01   0.13   0.85   0.51   0.88   2.93   0.02   0.72   0.63   0.72   0.53   2.00   0.04   0.22   0.18   3.00   0.00   -999.25 -2.43  165.99 0.00   15.42  9.00   0.14   0.46   
1834067.07 402884.07 -6222.90 "15/11/2015" 151.00 1834067.07 402884.07 -6222.90 1.91   3.00   2.38   0.00   0.55   1647.60 94.63  30.67  23.74  0.87   0.50   0.00   -0.48  0.84   0.23   0.13   2.80   0.02   0.76   0.54   0.85   0.52   1.78   0.03   0.17   0.18   3.00   0.00   -999.25 -2.23  337.69 0.00   20.64  11.00  0.12   0.36   
1833008.44 402814.80 -6367.61 "15/11/2015" 153.00 1833008.44 402814.80 -6367.61 2.87   0.00   3.63   0.00   0.79   1596.17 267.19 72.13  51.67  -0.98  0.19   -0.00  -0.17  -0.86  -0.49  0.10   3.14   0.04   0.73   0.66   0.80   0.62   2.58   0.07   0.27   0.25   3.00   0.00   -999.25 -2.18  399.29 0.00   29.01  11.00  0.05   0.43   
1832949.46 402654.30 -6372.98 "15/11/2015" 154.00 1832949.46 402654.30 -6372.98 6.17   0.00   6.45   0.00   0.85   1753.95 73.75  53.31  48.32  -0.17  -0.81  -0.56  -0.12  -0.54  0.83   0.57   3.81   0.14   0.88   0.97   0.90   0.89   4.72   0.18   0.65   0.27   3.00   0.00   -999.25 -2.07  571.28 0.00   21.87  11.00  0.17   0.45   
1833662.59 402766.19 -6096.94 "15/11/2015" 155.00 1833662.59 402766.19 -6096.94 4.20   0.00   5.02   0.00   0.16   1572.28 109.50 64.42  38.80  -0.97  -0.24  -0.00  0.24   -0.97  -0.09  0.97   3.46   0.08   0.89   0.87   0.88   0.81   3.67   0.10   0.23   0.42   3.00   0.00   -999.25 -2.18  401.50 0.00   19.75  10.00  0.16   0.09   
1833134.52 402758.71 -6377.46 "15/11/2015" 157.00 1833134.52 402758.71 -6377.46 2.79   0.00   3.41   0.00   0.72   1633.87 160.41 73.03  52.01  -0.99  0.10   0.00   -0.09  -0.86  -0.50  0.02   3.19   0.05   0.81   0.80   0.84   0.66   2.64   0.07   0.27   0.26   3.00   0.00   -999.25 -2.26  297.64 0.00   23.13  11.00  0.07   0.41   
1833187.01 402673.59 -6370.50 "15/11/2015" 158.00 1833187.01 402673.59 -6370.50 3.46   0.00   3.98   0.00   0.78   1705.10 229.33 73.60  52.78  -1.00  0.06   0.00   0.06   0.84   0.54   0.22   3.37   0.06   0.84   0.81   0.87   0.76   3.09   0.09   0.31   0.30   3.00   0.00   -999.25 -2.28  281.34 0.00   19.13  11.00  0.12   0.48   
1832607.55 402956.59 -6100.80 "15/11/2015" 159.00 1832607.55 402956.59 -6100.80 3.04   3.00   3.44   0.00   0.56   1507.34 195.34 35.66  22.54  0.88   -0.47  -0.00  0.46   0.87   0.19   0.21   2.66   0.02   0.80   0.79   0.85   0.73   2.22   0.05   0.22   0.23   3.00   0.00   -999.25 -2.11  512.46 0.00   25.97  11.00  0.09   0.22   
1833189.47 402855.28 -6318.60 "15/11/2015" 160.00 1833189.47 402855.28 -6318.60 1.96   0.00   2.56   0.00   0.44   1517.76 310.60 67.20  41.93  -1.00  0.07   -0.00  -0.07  -0.97  -0.22  0.87   2.84   0.01   0.72   0.65   0.68   0.50   1.73   0.03   0.15   0.19   3.00   0.00   -999.25 -2.35  224.31 0.00   20.93  9.00   0.07   0.33   
1833020.51 402677.11 -6266.28 "15/11/2015" 161.00 1833020.51 402677.11 -6266.28 7.60   0.00   8.71   0.00   1.90   1683.07 64.05  54.42  47.30  -0.16  -0.97  0.16   0.04   0.15   0.99   0.70   4.06   0.18   0.94   0.99   0.93   0.93   7.21   0.21   0.91   0.23   3.00   0.00   -999.25 -1.92  980.87 0.00   17.32  11.00  0.57   0.21   
1832971.22 402719.55 -6225.38 "15/11/2015" 163.00 1832971.22 402719.55 -6225.38 7.01   0.00   7.25   0.00   0.86   1639.23 86.34  64.17  56.31  -0.98  0.20   0.00   -0.19  -0.95  -0.23  1.00   3.87   0.17   0.87   0.94   0.94   0.91   4.90   0.21   0.67   0.30   3.00   0.00   -999.25 -1.87  1169.87 0.00   28.49  11.00  0.15   0.21   
1833010.70 402591.84 -6315.26 "15/11/2015" 162.00 1833010.70 402591.84 -6315.26 4.35   0.00   4.83   0.00   0.36   1780.16 88.04  71.02  46.62  -0.99  0.17   -0.00  -0.16  -0.96  -0.24  0.03   3.52   0.08   0.91   0.95   0.92   0.89   3.22   0.09   0.36   0.27   3.00   0.00   -999.25 -2.20  365.57 0.00   16.60  11.00  0.24   0.17   
1832890.21 402686.22 -6334.75 "15/11/2015" 164.00 1832890.21 402686.22 -6334.75 7.52   0.00   7.67   0.00   0.55   1723.62 76.31  73.37  53.07  0.96   -0.27  -0.03  0.24   0.79   0.57   0.34   3.95   0.23   0.94   0.96   0.91   0.89   5.46   0.27   0.65   0.40   3.00   0.00   -999.25 -2.08  559.30 0.00   20.17  11.00  0.21   0.14   
1833148.97 402352.81 -6385.41 "15/11/2015" 165.00 1833148.97 402352.81 -6385.41 2.21   3.00   2.44   0.00   0.89   2011.89 169.11 34.48  27.33  1.00   -0.07  -0.00  0.06   0.80   0.60   0.54   2.81   0.02   0.70   0.87   0.88   0.83   2.27   0.05   0.29   0.17   3.00   0.00   -999.25 -1.98  787.99 0.00   34.90  11.00  0.06   0.45   
1833187.48 402945.14 -6277.17 "15/11/2015" 166.00 1833187.48 402945.14 -6277.17 3.96   0.00   4.92   0.00   0.12   1419.20 117.41 75.91  47.84  -1.00  0.08   0.00   -0.07  -0.99  -0.14  0.14   3.32   0.05   0.84   0.79   0.84   0.77   2.71   0.07   0.20   0.34   3.00   0.00   -999.25 -2.34  228.56 0.00   13.03  11.00  0.31   0.13   
1833106.96 402645.63 -6298.72 "15/11/2015" 168.00 1833106.96 402645.63 -6298.72 3.61   0.00   3.95   0.00   0.56   1711.78 199.44 65.00  44.33  -0.99  0.12   -0.00  -0.11  -0.99  -0.13  0.12   3.33   0.06   0.77   0.79   0.89   0.75   2.89   0.08   0.36   0.22   3.00   0.00   -999.25 -2.20  373.91 0.00   19.76  11.00  0.15   0.20   
1832856.83 402699.56 -6347.09 "15/11/2015" 169.00 1832856.83 402699.56 -6347.09 2.24   0.00   2.90   0.00   0.50   1724.10 181.04 73.38  53.11  -0.96  0.27   -0.00  0.22   0.80   0.56   0.32   2.98   0.03   0.69   0.66   0.72   0.54   2.19   0.05   0.22   0.22   3.00   0.00   -999.25 -2.25  306.93 0.00   21.95  11.00  0.09   0.30   
1833177.03 402825.58 -6151.00 "15/11/2015" 170.00 1833177.03 402825.58 -6151.00 18.54  0.00   19.70  0.00   0.16   1488.77 64.31  60.03  42.50  -0.07  -0.94  -0.33  0.03   0.33   -0.94  0.71   4.35   0.36   0.91   0.98   0.95   0.94   17.28  0.41   1.00   0.41   3.00   0.01   -999.25 -1.15  14083.67 0.03   22.89  11.00  3.57   0.14   
1833138.52 402882.37 -6104.72 "15/11/2015" 171.00 1833138.52 402882.37 -6104.72 10.20  0.00   10.57  0.00   0.29   1424.97 64.88  58.01  37.69  -0.09  -0.99  -0.11  1.00   -0.09  0.00   0.28   4.06   0.28   0.94   0.95   0.95   0.92   6.28   0.32   0.66   0.48   3.00   0.00   -999.25 -1.71  2041.26 0.01   32.20  11.00  0.19   0.09   
1833418.80 402687.21 -6378.00 "15/11/2015" 172.00 1833418.80 402687.21 -6378.00 4.71   0.00   4.94   0.00   0.84   1697.39 96.72  73.16  52.78  -1.00  -0.09  -0.00  -0.07  0.85   0.53   0.66   3.63   0.11   0.91   0.94   0.92   0.90   3.65   0.13   0.44   0.29   3.00   0.00   -999.25 -1.90  1029.97 0.00   28.89  11.00  0.13   0.45   
1832072.21 402586.43 -6168.98 "15/11/2015" 173.00 1832072.21 402586.43 -6168.98 5.95   3.00   6.12   0.00   0.49   2106.21 89.61  35.63  35.55  0.81   -0.59  0.00   0.28   0.38   0.88   0.99   3.37   0.14   0.93   0.96   0.91   0.90   5.26   0.25   0.61   0.39   3.00   0.00   -999.25 -1.55  3472.17 0.01   26.81  11.00  0.55   0.12   
1833841.67 402836.55 -6086.65 "15/11/2015" 174.00 1833841.67 402836.55 -6086.65 3.51   3.00   4.20   0.00   0.25   1557.93 131.31 36.85  5.68   0.93   0.37   0.00   -0.37  0.93   0.00   0.58   2.92   0.05   0.82   0.82   0.86   0.76   3.33   0.10   0.25   0.41   3.00   0.00   -999.25 -2.22  343.43 0.00   19.30  10.00  0.15   0.11   
1833927.10 402810.06 -6265.85 "15/11/2015" 175.00 1833927.10 402810.06 -6265.85 4.35   3.00   4.96   0.00   0.39   1663.89 176.38 30.34  20.62  0.91   0.41   0.00   -0.40  0.90   0.20   0.68   3.49   0.08   0.82   0.87   0.93   0.84   3.65   0.11   0.30   0.35   3.00   0.00   -999.25 -2.25  310.60 0.00   15.94  10.00  0.23   0.16   
1833095.21 402519.68 -6413.27 "15/11/2015" 176.00 1833095.21 402519.68 -6413.27 6.03   0.00   6.39   0.00   0.81   1870.74 69.92  65.23  62.45  -0.99  0.13   -0.02  -0.13  -0.96  0.26   0.21   3.92   0.18   0.90   0.96   0.91   0.90   5.11   0.21   0.75   0.27   3.00   0.02   -999.25 -1.23  10439.65 0.05   19.51  11.00  4.27   0.44   
1833174.70 402539.82 -6412.98 "15/11/2015" 177.00 1833174.70 402539.82 -6412.98 3.06   0.00   3.31   0.00   0.72   1845.46 366.94 65.30  61.99  -1.00  0.06   -0.00  -0.06  -0.99  0.15   0.95   3.24   0.04   0.82   0.78   0.86   0.75   2.46   0.06   0.28   0.21   3.00   0.00   -999.25 -2.14  449.01 0.00   28.45  11.00  0.06   0.34   
1832823.99 402660.40 -6056.26 "15/11/2015" 179.00 1832823.99 402660.40 -6056.26 2.68   0.00   3.16   0.00   0.70   1686.19 270.41 65.85  41.57  -0.96  0.28   -0.00  -0.28  -0.94  -0.20  0.67   3.27   0.04   0.78   0.89   0.86   0.80   2.35   0.06   0.27   0.20   3.00   0.00   -999.25 -2.18  394.39 0.00   19.86  11.00  0.15   0.32   
1833268.07 402551.50 -6442.82 "15/11/2015" 180.00 1833268.07 402551.50 -6442.82 4.87   0.00   5.94   0.00   0.64   1842.77 76.19  69.44  54.72  -1.00  -0.01  -0.02  -0.01  0.90   0.44   0.33   3.78   0.11   0.66   0.94   0.87   0.85   4.71   0.17   0.69   0.24   3.00   0.00   -999.25 -1.64  2567.80 0.01   30.83  11.00  0.27   0.53   
1832938.36 402719.59 -6205.19 "15/11/2015" 181.00 1832938.36 402719.59 -6205.19 2.06   0.00   2.77   0.00   0.33   1639.76 133.39 66.43  58.05  -0.97  0.22   -0.00  -0.21  -0.90  0.38   0.96   2.91   0.03   0.80   0.68   0.70   0.52   2.05   0.05   0.17   0.24   3.00   0.00   -999.25 -2.35  223.26 0.00   14.35  10.00  0.23   0.31   
1833351.47 402666.64 -6395.17 "15/11/2015" 182.00 1833351.47 402666.64 -6395.17 3.48   0.00   3.71   0.00   0.81   1719.21 202.84 65.23  59.34  -1.00  -0.04  0.00   0.04   -1.00  0.04   0.71   3.38   0.06   0.80   0.88   0.89   0.82   2.81   0.08   0.33   0.23   3.00   0.00   -999.25 -1.90  1036.90 0.00   34.53  11.00  0.08   0.67   
1833346.22 402641.38 -6449.82 "15/11/2015" 183.00 1833346.22 402641.38 -6449.82 4.31   0.00   4.94   0.00   0.91   1764.21 82.10  69.63  53.70  -1.00  -0.05  -0.01  -0.05  0.92   0.40   0.47   3.60   0.09   0.89   0.96   0.87   0.86   3.72   0.12   0.53   0.22   3.00   0.00   -999.25 -1.52  3895.46 0.01   43.23  11.00  0.15   0.51   
1833883.23 402869.05 -6080.13 "15/11/2015" 184.00 1833883.23 402869.05 -6080.13 3.79   3.00   4.56   0.00   0.20   1542.57 197.93 31.16  16.20  0.92   0.40   0.00   -0.39  0.90   0.18   0.77   3.05   0.04   0.74   0.71   0.86   0.66   2.76   0.07   0.20   0.34   3.00   0.00   -999.25 -2.21  355.53 0.00   18.43  9.00   0.17   0.13   
1833638.26 402757.36 -6094.03 "15/11/2015" 185.00 1833638.26 402757.36 -6094.03 6.00   0.00   6.46   0.00   0.34   1574.31 126.48 64.48  38.80  -0.97  -0.23  0.00   0.23   -0.97  -0.10  0.58   3.66   0.13   0.92   0.93   0.93   0.89   3.90   0.16   0.38   0.39   3.00   0.00   -999.25 -2.08  563.81 0.00   23.48  11.00  0.13   0.16   
1833518.63 402733.58 -6359.99 "15/11/2015" 186.00 1833518.63 402733.58 -6359.99 2.33   0.00   2.63   0.00   0.76   1658.69 177.11 73.22  52.36  -0.99  -0.15  -0.00  -0.13  0.84   0.53   0.75   3.17   0.02   0.86   0.88   0.83   0.78   1.97   0.04   0.22   0.17   3.00   0.00   -999.25 -2.17  408.90 0.00   28.42  11.00  0.05   0.42   
1833590.71 402707.31 -6289.71 "15/11/2015" 187.00 1833590.71 402707.31 -6289.71 1.85   3.00   2.20   0.00   0.93   1668.67 177.98 30.28  20.34  0.98   0.19   0.00   -0.19  0.97   0.14   0.97   2.90   0.02   0.73   0.82   0.80   0.72   1.76   0.03   0.20   0.15   3.00   0.00   -999.25 -2.46  151.77 0.00   12.01  10.00  0.27   0.42   
1833460.54 402712.87 -6395.99 "15/11/2015" 188.00 1833460.54 402712.87 -6395.99 4.51   0.00   4.90   0.00   1.13   1684.78 112.55 65.70  58.56  -0.99  -0.11  0.01   0.11   -0.99  -0.02  0.90   3.57   0.10   0.91   0.91   0.86   0.83   3.71   0.12   0.52   0.22   3.00   0.00   -999.25 -2.19  384.41 0.00   19.15  11.00  0.17   0.35   
1833235.29 402891.81 -6176.22 "15/11/2015" 189.00 1833235.29 402891.81 -6176.22 21.55  0.00   21.99  0.00   0.13   1430.24 67.12  65.26  59.21  -1.00  0.01   -0.02  0.00   0.95   0.32   0.22   4.37   0.44   0.96   0.97   0.91   0.91   14.23  0.50   0.93   0.54   3.00   0.00   -999.25 -1.64  2538.14 0.01   18.58  11.00  1.20   0.09   
1833433.33 402808.63 -6365.53 "15/11/2015" 190.00 1833433.33 402808.63 -6365.53 2.51   0.00   2.78   0.00   0.72   1582.76 120.09 72.77  51.41  -1.00  -0.10  0.00   0.08   -0.87  -0.49  0.36   3.16   0.04   0.79   0.81   0.80   0.71   2.23   0.05   0.25   0.19   3.00   0.00   -999.25 -2.37  203.64 0.00   19.47  11.00  0.08   0.38   
1831755.31 402744.83 -6051.48 "15/11/2015" 191.00 1831755.31 402744.83 -6051.48 3.65   3.00   4.14   0.00   0.27   2171.37 172.69 46.05  30.71  -0.70  0.71   -0.00  0.70   0.69   0.17   0.12   2.95   0.08   0.91   0.92   0.93   0.88   4.20   0.15   0.35   0.39   3.00   0.00   -999.25 -1.68  2256.61 0.01   38.92  11.00  0.12   0.12   
1833294.69 402704.90 -6337.86 "15/11/2015" 192.00 1833294.69 402704.90 -6337.86 2.59   0.00   2.84   0.00   1.08   1660.75 260.19 74.39  53.48  -1.00  -0.00  0.00   0.00   0.85   0.53   0.66   3.26   0.04   0.79   0.80   0.83   0.74   2.62   0.07   0.32   0.20   3.00   0.00   -999.25 -2.15  443.00 0.00   24.64  11.00  0.09   0.79   
1833658.15 402812.49 -6119.90 "15/11/2015" 193.00 1833658.15 402812.49 -6119.90 2.81   0.00   3.16   0.00   0.39   1533.57 127.22 66.59  40.40  -0.97  -0.25  -0.00  0.25   -0.96  -0.10  0.58   3.18   0.04   0.81   0.83   0.84   0.72   2.29   0.06   0.23   0.23   3.00   0.00   -999.25 -1.81  1440.36 0.00   45.99  11.00  0.04   0.16   
1833474.13 402675.68 -6107.40 "15/11/2015" 194.00 1833474.13 402675.68 -6107.40 2.27   0.00   2.68   0.00   0.61   1628.09 187.73 64.35  39.14  -0.99  -0.11  -0.00  0.11   -0.99  -0.09  0.89   3.10   0.02   0.78   0.78   0.88   0.74   1.78   0.03   0.18   0.17   3.00   0.00   -999.25 -2.22  349.88 0.00   21.44  10.00  0.11   0.29   
1832896.53 403234.18 -5703.46 "15/11/2015" 195.00 1832896.53 403234.18 -5703.46 2.35   3.00   2.98   0.00   0.35   1084.88 173.61 30.90  14.64  0.93   -0.36  -0.00  0.36   0.93   0.06   0.12   3.13   0.03   0.75   0.76   0.85   0.71   2.22   0.05   0.16   0.28   3.00   0.00   -999.25 -2.53  117.74 0.00   16.53  11.00  0.08   0.19   
1831498.43 402647.60 -6013.35 "15/11/2015" 196.00 1831498.43 402647.60 -6013.35 2.77   3.00   3.19   0.00   0.26   2417.83 209.07 56.34  38.07  -0.67  0.75   -0.00  0.73   0.65   0.21   0.57   2.95   0.07   0.90   0.92   0.90   0.86   3.72   0.13   0.27   0.44   3.00   0.00   -999.25 -1.97  814.78 0.00   18.78  11.00  0.37   0.11   
1833645.16 402957.86 -6091.04 "15/11/2015" 198.00 1833645.16 402957.86 -6091.04 3.02   0.00   3.88   0.00   0.22   1387.27 193.82 67.72  40.08  -0.96  -0.28  0.00   0.27   -0.95  -0.12  0.93   3.33   0.05   0.84   0.82   0.90   0.79   3.06   0.06   0.18   0.36   3.00   0.00   -999.25 -2.33  237.65 0.00   17.67  11.00  0.13   0.15   
1832784.83 402591.77 -6055.43 "15/11/2015" 199.00 1832784.83 402591.77 -6055.43 4.26   0.00   4.84   0.00   1.33   1761.51 72.56  51.53  43.50  -0.28  -0.94  -0.19  0.96   -0.29  0.01   0.18   3.61   0.08   0.91   0.98   0.93   0.92   3.47   0.10   0.50   0.20   3.00   0.00   -999.25 -1.73  1897.36 0.01   32.60  11.00  0.17   0.23   
1833211.30 402791.59 -6213.34 "15/11/2015" 200.00 1833211.30 402791.59 -6213.34 4.74   0.00   5.20   0.00   0.56   1538.03 199.46 64.70  53.59  -1.00  0.05   0.01   -0.05  -0.97  -0.23  0.37   3.59   0.10   0.88   0.91   0.93   0.88   3.59   0.12   0.47   0.24   3.00   0.00   -999.25 -2.26  299.55 0.00   14.97  11.00  0.27   0.17   
1833489.18 402840.27 -6075.54 "15/11/2015" 201.00 1833489.18 402840.27 -6075.54 8.99   0.00   9.22   0.00   0.47   1463.90 64.64  53.86  25.19  0.12   -0.99  -0.04  0.99   0.12   -0.00  0.59   3.88   0.24   0.95   0.97   0.93   0.92   5.77   0.28   0.65   0.45   3.00   0.00   -999.25 -1.92  984.31 0.00   22.20  11.00  0.27   0.14   
1833682.15 402808.82 -6221.80 "15/11/2015" 202.00 1833682.15 402808.82 -6221.80 1.98   0.00   2.54   0.00   0.45   1572.57 305.17 64.45  54.50  -0.96  -0.27  0.00   0.26   -0.94  -0.22  0.30   3.01   0.03   0.76   0.67   0.83   0.61   2.00   0.05   0.19   0.21   3.00   0.00   -999.25 -2.34  229.48 0.00   17.69  11.00  0.13   0.24   
1832854.14 402653.99 -6056.00 "15/11/2015" 203.00 1832854.14 402653.99 -6056.00 4.41   0.00   4.76   0.00   0.64   1684.14 103.65 66.25  41.56  -0.96  0.27   -0.00  -0.27  -0.94  -0.20  0.23   3.73   0.14   0.87   0.95   0.96   0.93   4.05   0.16   0.53   0.27   3.00   0.00   -999.25 -2.16  422.23 0.00   14.23  11.00  0.45   0.19   
1834106.56 402742.48 -6358.35 "15/11/2015" 204.00 1834106.56 402742.48 -6358.35 2.71   3.00   3.26   0.00   1.87   1827.12 182.96 32.31  22.78  0.88   0.48   0.00   -0.44  0.81   0.40   0.93   3.49   0.07   0.86   0.86   0.90   0.81   3.38   0.10   0.49   0.18   3.00   0.00   -999.25 -2.31  250.14 0.00   17.00  11.00  0.15   0.67   
1833064.82 402721.93 -6150.99 "15/11/2015" 205.00 1833064.82 402721.93 -6150.99 1.95   3.00   2.45   0.00   0.55   1599.75 183.38 30.41  23.98  0.99   -0.15  -0.00  0.14   0.95   0.26   0.42   3.02   0.02   0.75   0.69   0.88   0.67   1.76   0.03   0.16   0.19   3.00   0.00   -999.25 -1.71  2026.25 0.00   47.90  11.00  0.06   0.36   
1832765.29 402614.10 -6186.33 "15/11/2015" 208.00 1832765.29 402614.10 -6186.33 6.24   0.00   6.62   0.00   0.96   1776.27 64.75  53.68  50.87  -0.29  -0.91  0.31   0.12   0.29   0.95   0.51   3.93   0.15   0.79   0.96   0.95   0.92   6.34   0.18   0.81   0.23   3.00   0.00   -999.25 -1.36  6654.03 0.02   30.44  11.00  0.72   0.16   
1832601.74 402599.69 -6061.69 "15/11/2015" 209.00 1832601.74 402599.69 -6061.69 2.15   3.00   2.78   0.00   1.91   1816.33 107.57 36.15  7.39   0.92   -0.39  0.00   0.38   0.92   -0.04  0.08   2.75   0.02   0.74   0.91   0.88   0.85   3.15   0.07   0.49   0.14   3.00   0.00   -999.25 -1.98  782.79 0.00   19.74  11.00  0.31   0.44   
1834216.58 402924.12 -6309.79 "15/11/2015" 211.00 1834216.58 402924.12 -6309.79 2.11   3.00   2.45   0.00   0.78   1719.75 255.36 30.09  21.41  0.82   0.57   0.00   -0.57  0.81   0.14   0.88   2.65   0.01   0.64   0.52   0.70   0.42   1.76   0.03   0.20   0.15   3.00   0.00   -999.25 -2.35  224.22 0.00   15.24  10.00  0.19   0.47   
1833074.02 403158.89 -6092.03 "15/11/2015" 213.00 1833074.02 403158.89 -6092.03 2.59   0.00   3.44   0.00   0.20   1169.16 140.82 73.51  41.16  -0.98  0.19   0.00   -0.18  -0.97  -0.14  0.08   3.08   0.03   0.75   0.72   0.75   0.60   2.40   0.05   0.17   0.31   3.00   0.00   -999.25 -2.12  492.26 0.00   32.23  11.00  0.04   0.11   
1833186.38 403085.22 -6092.60 "15/11/2015" 214.00 1833186.38 403085.22 -6092.60 8.01   0.00   7.42   0.00   0.20   1223.65 134.07 77.14  44.35  -1.00  0.09   0.00   -0.09  -0.99  -0.14  0.15   3.61   0.11   0.89   0.89   0.89   0.84   4.21   0.14   0.30   0.46   3.00   0.00   -999.25 -1.86  1190.32 0.00   18.87  11.00  0.54   0.41   
1833745.59 402786.11 -6088.82 "15/11/2015" 215.00 1833745.59 402786.11 -6088.82 6.06   0.00   6.54   0.00   0.51   1573.66 186.07 64.37  24.71  -0.95  -0.30  0.00   0.30   -0.95  -0.03  0.69   3.77   0.16   0.92   0.92   0.92   0.88   4.70   0.20   0.51   0.37   3.00   0.00   -999.25 -1.95  878.94 0.00   30.77  11.00  0.09   0.13   
1833367.00 402736.53 -6330.18 "15/11/2015" 216.00 1833367.00 402736.53 -6330.18 2.61   0.00   2.88   0.00   0.87   1630.41 141.99 67.08  42.75  -1.00  -0.06  -0.00  0.06   -0.97  -0.22  0.69   3.29   0.04   0.88   0.89   0.85   0.80   2.47   0.06   0.30   0.19   3.00   0.00   -999.25 -2.33  236.78 0.00   18.43  11.00  0.11   0.30   
1833161.78 402932.65 -6170.64 "15/11/2015" 217.00 1833161.78 402932.65 -6170.64 7.52   0.00   8.10   0.00   0.13   1394.58 129.94 65.17  58.59  -1.00  0.09   -0.00  -0.09  -0.94  -0.34  0.57   3.71   0.14   0.93   0.93   0.94   0.90   4.41   0.17   0.35   0.48   3.00   0.00   -999.25 -1.70  2073.08 0.01   27.58  11.00  0.30   0.15   
1833405.16 402722.38 -6374.43 "15/11/2015" 219.00 1833405.16 402722.38 -6374.43 3.12   0.00   3.62   0.00   1.13   1662.74 141.57 72.53  52.45  -1.00  -0.07  -0.00  -0.06  0.85   0.52   0.47   3.29   0.04   0.79   0.87   0.85   0.79   2.52   0.06   0.28   0.22   3.00   0.00   -999.25 -2.27  289.49 0.00   7.01   5.00   2.56   0.39   
1833488.10 402747.36 -6389.31 "15/11/2015" 218.00 1833488.10 402747.36 -6389.31 6.75   0.00   8.15   0.00   0.57   1653.84 72.87  52.30  44.82  -0.10  0.86   0.50   0.06   -0.50  0.86   0.08   4.14   0.23   0.67   0.98   0.93   0.93   6.38   0.33   0.80   0.41   3.00   0.00   -999.25 -1.62  2722.34 0.01   21.65  11.00  0.82   0.48   
1832281.52 402535.37 -6029.08 "15/11/2015" 221.00 1832281.52 402535.37 -6029.08 2.28   3.00   2.74   0.00   0.89   2009.01 114.16 38.11  25.84  0.86   -0.51  -0.00  0.50   0.84   0.21   0.05   2.81   0.03   0.86   0.94   0.93   0.90   2.53   0.06   0.31   0.19   3.00   0.00   -999.25 -2.04  631.93 0.00   22.93  11.00  0.16   0.29   
1833056.73 402793.47 -6172.39 "15/11/2015" 222.00 1833056.73 402793.47 -6172.39 4.88   0.00   6.43   0.00   0.09   1539.15 129.22 64.65  60.44  -0.99  0.17   0.00   -0.16  -0.95  -0.26  0.48   3.45   0.08   0.86   0.88   0.79   0.75   5.24   0.12   0.25   0.46   3.00   0.00   -999.25 -2.10  528.17 0.00   17.47  11.00  0.30   0.10   
1833152.73 402878.29 -6109.12 "15/11/2015" 223.00 1833152.73 402878.29 -6109.12 9.55   0.00   10.11  0.00   0.19   1428.64 65.32  40.51  37.69  -0.09  -0.99  -0.12  1.00   -0.09  -0.00  0.08   4.00   0.26   0.96   0.98   0.94   0.93   5.68   0.28   0.59   0.48   3.00   0.00   -999.25 -1.66  2354.89 0.01   25.79  11.00  0.42   0.06   
1833179.64 402960.06 -6094.04 "15/11/2015" 224.00 1833179.64 402960.06 -6094.04 18.60  0.00   20.21  0.00   0.25   1343.85 65.44  38.09  36.99  -0.09  -0.99  -0.12  1.00   -0.08  -0.06  0.15   4.29   0.34   0.82   0.97   0.96   0.94   10.80  0.42   0.88   0.48   3.00   0.00   -999.25 -1.50  4158.15 0.01   24.59  11.00  0.85   0.14   
1833120.20 402873.39 -6079.80 "15/11/2015" 226.00 1833120.20 402873.39 -6079.80 4.96   0.00   6.54   0.00   0.30   1429.08 89.47  66.04  26.55  -0.99  0.11   -0.00  -0.11  -0.99  -0.04  0.31   3.52   0.10   0.90   0.93   0.91   0.88   4.19   0.13   0.39   0.39   3.00   0.00   -999.25 -1.38  6230.71 0.02   25.43  11.00  1.15   0.10   
1833167.26 402831.50 -6118.61 "15/11/2015" 225.00 1833167.26 402831.50 -6118.61 16.29  0.00   17.73  0.00   0.27   1474.77 64.99  42.36  38.05  -0.08  -0.99  -0.11  1.00   -0.08  0.02   0.01   4.32   0.31   0.85   0.99   0.94   0.94   13.50  0.38   1.00   0.38   3.00   0.01   -999.25 -1.26  9476.03 0.02   23.13  11.00  2.33   0.15   
1833039.21 402877.99 -6089.82 "15/11/2015" 227.00 1833039.21 402877.99 -6089.82 2.53   0.00   2.94   0.00   0.67   1439.05 233.38 64.68  25.31  -0.98  0.19   0.00   -0.19  -0.98  -0.04  0.59   3.14   0.04   0.84   0.77   0.82   0.71   2.15   0.05   0.24   0.19   3.00   0.00   -999.25 -2.31  250.68 0.00   18.31  11.00  0.12   0.29   
1833156.65 402870.19 -6082.85 "15/11/2015" 229.00 1833156.65 402870.19 -6082.85 9.88   0.00   10.14  0.00   0.38   1429.10 64.84  50.69  25.34  -0.10  -0.99  -0.04  1.00   -0.10  0.00   0.64   3.89   0.25   0.93   0.96   0.92   0.91   6.80   0.30   0.69   0.43   3.00   0.00   -999.25 -1.88  1108.70 0.00   24.86  11.00  0.22   0.11   
1833136.28 402873.29 -6087.48 "15/11/2015" 228.00 1833136.28 402873.29 -6087.48 8.97   0.00   9.15   0.00   0.51   1429.33 64.69  49.95  25.34  -0.10  -0.99  -0.04  0.99   -0.10  -0.00  0.06   3.95   0.21   0.91   0.95   0.95   0.92   5.37   0.24   0.68   0.35   3.00   0.00   -999.25 -1.70  2066.88 0.01   32.29  11.00  0.19   0.12   
1833109.81 402737.56 -6236.05 "15/11/2015" 230.00 1833109.81 402737.56 -6236.05 3.08   0.00   3.26   0.00   1.02   1604.55 112.68 64.55  55.27  -0.99  0.12   -0.00  -0.11  -0.97  -0.22  0.43   3.35   0.05   0.88   0.93   0.89   0.86   2.59   0.07   0.32   0.20   3.00   0.00   -999.25 -2.12  489.79 0.00   27.42  10.00  0.07   0.34   
1833101.04 402926.02 -6312.14 "15/11/2015" 231.00 1833101.04 402926.02 -6312.14 8.38   0.00   10.03  0.00   0.07   1459.30 106.00 76.35  45.59  -0.99  0.14   -0.00  -0.14  -0.97  -0.20  0.83   3.48   0.08   0.96   0.93   0.90   0.84   5.10   0.10   0.24   0.39   3.00   0.00   -999.25 -2.00  738.39 0.00   20.26  11.00  0.27   0.08   
1833511.09 403005.82 -6095.30 "15/11/2015" 233.00 1833511.09 403005.82 -6095.30 3.06   0.00   4.44   0.00   0.20   1314.87 174.85 65.67  36.70  -0.98  -0.18  0.00   0.18   -0.98  -0.13  0.78   3.24   0.04   0.76   0.70   0.84   0.65   3.16   0.07   0.18   0.40   3.00   0.00   -999.25 -2.12  490.25 0.00   31.34  10.00  0.05   0.14   
1833557.69 402868.96 -6224.25 "15/11/2015" 234.00 1833557.69 402868.96 -6224.25 3.00   0.00   4.44   0.00   0.18   1491.24 107.95 72.93  61.97  -0.98  -0.18  -0.00  0.18   -0.97  -0.18  0.78   3.09   0.05   0.71   0.62   0.73   0.53   3.03   0.08   0.19   0.37   3.00   0.00   -999.25 -2.24  322.35 0.00   18.04  11.00  0.17   0.19   
1833293.64 402851.38 -6328.74 "15/11/2015" 235.00 1833293.64 402851.38 -6328.74 2.91   0.00   3.21   0.00   0.89   1522.14 128.02 72.72  44.63  -1.00  -0.01  -0.00  0.01   -0.98  -0.21  0.30   3.29   0.04   0.89   0.88   0.91   0.85   2.18   0.05   0.23   0.20   3.00   0.00   -999.25 -2.13  463.36 0.00   32.40  11.00  0.04   0.30   
1833338.25 402716.11 -6400.50 "15/11/2015" 236.00 1833338.25 402716.11 -6400.50 2.36   0.00   2.70   0.00   1.21   1675.60 65.76  58.31  56.36  0.05   -1.00  -0.03  -0.04  -0.03  1.00   0.40   3.25   0.04   0.82   0.87   0.88   0.81   2.19   0.05   0.27   0.17   3.00   0.00   -999.25 -2.19  386.54 0.00   33.13  11.00  0.03   0.47   
1833265.75 402819.40 -6080.98 "15/11/2015" 238.00 1833265.75 402819.40 -6080.98 2.56   0.00   3.27   0.00   0.31   1471.85 203.87 74.87  34.76  -1.00  0.01   -0.00  -0.01  -1.00  -0.02  0.39   2.93   0.03   0.78   0.74   0.77   0.62   2.26   0.05   0.16   0.28   3.00   0.00   -999.25 -2.29  273.36 0.00   20.46  11.00  0.10   0.19   
1833352.26 402592.77 -6305.41 "15/11/2015" 239.00 1833352.26 402592.77 -6305.41 3.90   0.00   4.18   0.00   0.72   1755.27 315.73 75.31  48.10  -1.00  -0.04  0.00   0.04   -0.98  -0.21  0.90   3.36   0.06   0.86   0.86   0.91   0.83   3.88   0.07   0.28   0.25   3.00   0.00   -999.25 -2.25  311.20 0.00   15.74  11.00  0.24   0.16   
1832528.62 402344.99 -6013.45 "15/11/2015" 240.00 1832528.62 402344.99 -6013.45 4.09   3.00   4.29   0.00   0.68   2068.18 98.73  52.75  14.88  0.93   -0.37  0.00   0.37   0.92   0.15   0.52   3.31   0.12   0.90   0.95   0.92   0.90   4.28   0.19   0.52   0.34   3.00   0.00   -999.25 -1.90  1059.36 0.00   25.09  11.00  0.20   0.15   
1833292.75 402782.54 -6353.27 "15/11/2015" 241.00 1833292.75 402782.54 -6353.27 2.57   3.00   2.46   0.00   1.11   1595.04 191.66 35.28  25.03  1.00   0.00   0.00   -0.00  0.95   0.33   0.81   2.78   0.02   0.75   0.84   0.86   0.79   2.16   0.04   0.26   0.17   3.00   0.00   -999.25 -2.30  264.76 0.00   21.26  11.00  0.08   0.89   
1833814.14 403034.41 -6123.61 "15/11/2015" 242.00 1833814.14 403034.41 -6123.61 2.88   3.00   4.61   0.00   0.18   1381.16 212.09 31.11  18.70  0.92   0.40   0.00   -0.39  0.90   0.20   0.40   3.12   0.04   0.79   0.74   0.67   0.54   3.19   0.07   0.17   0.41   3.00   0.00   -999.25 -2.15  442.37 0.00   22.16  11.00  0.12   0.18   
1833334.71 402741.11 -6183.65 "15/11/2015" 243.00 1833334.71 402741.11 -6183.65 2.08   0.00   2.85   0.00   0.34   1575.58 347.68 64.79  57.02  -1.00  -0.03  -0.00  0.03   -0.95  0.33   0.07   3.04   0.03   0.76   0.71   0.77   0.61   2.28   0.06   0.17   0.26   3.00   0.00   -999.25 -2.33  234.83 0.00   17.72  10.00  0.13   0.16   
1833801.35 402808.73 -6089.45 "15/11/2015" 244.00 1833801.35 402808.73 -6089.45 6.08   0.00   6.50   0.00   0.33   1570.16 152.40 68.12  28.52  -0.94  -0.34  0.00   0.34   -0.94  -0.02  0.41   3.64   0.12   0.90   0.90   0.93   0.86   4.07   0.15   0.37   0.41   3.00   0.00   -999.25 -2.10  516.95 0.00   22.23  11.00  0.14   0.13   
1833755.02 402740.26 -6105.63 "15/11/2015" 245.00 1833755.02 402740.26 -6105.63 2.51   0.00   3.34   0.00   0.31   1622.89 76.88  64.49  39.11  -0.96  -0.30  -0.00  0.29   -0.95  -0.09  0.35   3.11   0.04   0.79   0.72   0.80   0.64   2.37   0.06   0.20   0.27   3.00   0.00   -999.25 -2.41  178.22 0.00   14.41  10.00  0.18   0.20   
1833798.77 402919.44 -6164.19 "15/11/2015" 247.00 1833798.77 402919.44 -6164.19 2.36   0.00   3.26   0.00   0.33   1489.29 118.98 72.28  68.07  -0.93  -0.36  0.00   0.32   -0.83  -0.46  0.42   2.87   0.02   0.72   0.59   0.75   0.46   2.34   0.05   0.18   0.29   3.00   0.00   -999.25 -2.16  428.52 0.00   26.44  10.00  0.07   0.16   
1833567.22 402769.47 -6216.16 "15/11/2015" 248.00 1833567.22 402769.47 -6216.16 2.98   0.00   4.21   0.00   0.21   1582.63 212.54 64.25  54.85  -0.98  -0.19  0.00   0.18   -0.96  -0.22  0.73   3.25   0.07   0.78   0.75   0.78   0.64   3.43   0.10   0.24   0.38   3.00   0.00   -999.25 -2.37  208.64 0.00   14.80  11.00  0.20   0.09   
1833113.43 402972.75 -6080.08 "15/11/2015" 249.00 1833113.43 402972.75 -6080.08 2.11   0.00   2.49   0.00   0.52   1334.92 139.41 76.76  36.08  -0.99  0.14   -0.00  -0.14  -0.99  -0.04  0.12   2.73   0.02   0.73   0.61   0.64   0.51   1.73   0.03   0.15   0.19   3.00   0.00   -999.25 -2.39  189.18 0.00   16.36  10.00  0.13   0.39   
1833754.13 403230.30 -6109.95 "15/11/2015" 250.00 1833754.13 403230.30 -6109.95 2.20   3.00   3.09   0.00   0.18   1183.68 136.33 31.74  15.92  0.91   0.42   0.00   -0.41  0.89   0.18   0.97   3.00   0.02   0.78   0.65   0.77   0.57   2.15   0.04   0.14   0.29   3.00   0.00   -999.25 -2.32  241.70 0.00   21.54  10.00  0.07   0.14   
1833786.13 402910.11 -6256.98 "15/11/2015" 251.00 1833786.13 402910.11 -6256.98 2.01   3.00   2.59   0.00   0.65   1491.21 217.73 55.64  27.83  0.94   0.35   0.00   -0.34  0.92   -0.20  0.15   2.09   0.02   0.64   0.56   0.70   0.46   2.30   0.06   0.17   0.29   3.00   0.00   -999.25 -2.41  180.10 0.00   16.74  10.00  0.12   0.00   
1833120.81 402730.13 -6180.13 "15/11/2015" 252.00 1833120.81 402730.13 -6180.13 3.11   0.00   3.66   0.00   0.23   1593.25 188.97 64.53  60.59  -0.99  0.11   0.00   -0.11  -0.97  -0.21  0.13   3.17   0.04   0.79   0.77   0.80   0.68   2.46   0.06   0.24   0.25   3.00   0.00   -999.25 -2.16  421.36 0.00   18.77  11.00  0.19   0.23   
1832834.04 402808.73 -5733.40 "15/11/2015" 253.00 1832834.04 402808.73 -5733.40 1.96   0.00   2.52   0.00   0.48   1507.16 178.68 62.56  34.91  -0.96  0.29   0.00   -0.29  -0.96  -0.01  0.73   3.04   0.02   0.71   0.75   0.79   0.66   1.93   0.04   0.16   0.23   3.00   0.00   -999.25 -2.22  345.84 0.00   23.17  10.00  0.08   0.30   
1833449.12 402827.44 -6209.00 "15/11/2015" 254.00 1833449.12 402827.44 -6209.00 2.02   0.00   2.86   0.00   0.26   1509.32 345.22 79.66  77.87  -0.99  -0.12  -0.00  -0.10  0.84   -0.54  0.35   2.83   0.02   0.71   0.68   0.54   0.38   2.40   0.05   0.15   0.30   3.00   0.00   -999.25 -2.50  130.75 0.00   14.66  11.00  0.13   0.21   
1833817.10 402734.41 -6238.16 "15/11/2015" 255.00 1833817.10 402734.41 -6238.16 4.81   0.00   5.58   0.00   0.60   1683.30 239.78 64.03  57.49  -0.94  -0.33  -0.00  0.32   -0.92  -0.20  0.14   3.49   0.12   0.90   0.85   0.78   0.74   4.13   0.16   0.46   0.33   3.00   0.00   -999.25 -2.25  305.78 0.00   16.32  11.00  0.21   0.29   
1833576.78 402798.19 -6176.65 "15/11/2015" 256.00 1833576.78 402798.19 -6176.65 2.97   0.00   3.84   0.00   0.26   1545.44 89.10  64.62  60.41  -0.98  -0.21  -0.00  0.20   -0.94  -0.28  0.87   3.23   0.06   0.87   0.81   0.74   0.67   3.37   0.08   0.19   0.37   3.00   0.00   -999.25 -2.22  346.09 0.00   21.32  11.00  0.11   0.15   
1833667.33 402868.82 -6169.66 "15/11/2015" 259.00 1833667.33 402868.82 -6169.66 22.42  0.00   23.05  0.00   0.25   1497.63 64.58  60.11  42.43  0.24   -0.92  -0.30  -0.08  0.29   -0.95  0.33   4.36   0.44   0.96   0.96   0.93   0.91   16.67  0.50   0.93   0.55   3.00   0.00   -999.25 -1.81  1406.75 0.00   16.83  11.00  0.90   0.09   
1833666.63 402807.44 -6049.59 "15/11/2015" 260.00 1833666.63 402807.44 -6049.59 8.55   0.00   9.35   0.00   0.46   1523.52 84.58  66.18  40.30  -0.97  -0.25  -0.00  0.24   -0.95  -0.20  0.09   4.01   0.26   0.92   0.95   0.95   0.92   6.26   0.30   0.66   0.43   3.00   0.00   -999.25 -2.01  706.85 0.00   22.89  11.00  0.18   0.09   
1833705.01 403117.61 -6082.03 "15/11/2015" 262.00 1833705.01 403117.61 -6082.03 18.43  0.00   19.55  0.00   0.24   1256.27 65.33  35.67  25.84  0.33   -0.94  -0.06  0.94   0.34   -0.00  0.83   4.21   0.41   0.96   0.98   0.95   0.94   14.82  0.46   0.86   0.54   3.00   0.00   -999.25 -2.06  599.43 0.00   15.84  11.00  0.46   0.08   
1833971.77 402643.78 -6381.75 "15/11/2015" 263.00 1833971.77 402643.78 -6381.75 1.76   3.00   2.02   0.00   1.17   1863.60 168.49 33.08  24.47  0.92   0.39   -0.00  -0.34  0.79   0.50   0.02   2.98   0.01   0.70   0.70   0.81   0.64   1.70   0.03   0.20   0.14   3.00   0.00   -999.25 -2.06  596.14 0.00   35.80  11.00  0.04   1.02   
1834002.59 402624.53 -6421.81 "15/11/2015" 264.00 1834002.59 402624.53 -6421.81 7.30   0.00   7.95   0.00   1.11   1906.01 69.83  55.39  52.56  -0.36  0.79   0.49   0.22   -0.44  0.87   0.44   4.06   0.27   0.91   0.98   0.90   0.90   9.26   0.32   0.82   0.34   3.00   0.00   -999.25 -2.13  462.81 0.00   12.00  11.00  0.81   0.51   
