# Petrel Points with attributes
# Unit in X and Y direction: ftUS
# Unit in depth: ft
VERSION 1
BEGIN HEADER
X
Y
Z
DATE,Time
DOUBLE,Event ID
DOUBLE,X(easting)
DOUBLE,Y(northing)
DOUBLE,Z(elevation)
DOUBLE,Detection SNR
DOUBLE,Event type
DOUBLE,Location SNR
DOUBLE,NOISE_LEVEL_ACC
DOUBLE,PSH_AMPL_RATIO
DOUBLE,QC Distance
DOUBLE,QC_EIGVAL_MAX
DOUBLE,QC_EIGVAL_MID
DOUBLE,QC_EIGVAL_MIN
DOUBLE,QC_EIGVEC_MAX_E
DOUBLE,QC_EIGVEC_MAX_N
DOUBLE,QC_EIGVEC_MAX_U
DOUBLE,QC_EIGVEC_MID_E
DOUBLE,QC_EIGVEC_MID_N
DOUBLE,QC_EIGVEC_MID_U
DOUBLE,QC_LOC_T0
DOUBLE,QI_CONFIDENCE
DOUBLE,QI_DATA_LOCATION
DOUBLE,QI_ORTHOGONALITY
DOUBLE,QI_POLARIZATION_AZM
DOUBLE,QI_POLARIZATION_INC
DOUBLE,QI_POLARIZATION_RESIDUAL
DOUBLE,QI_SNR
DOUBLE,QI_TRACEDATA
DOUBLE,QI_TRACEDATA_P
DOUBLE,QI_TRACEDATA_S
DOUBLE,SP_COMPONENTS_USED
DOUBLE,SP_ENERGY
DOUBLE,SP_LOCAL_MAGNITUDE
DOUBLE,SP_MAGNITUDE
DOUBLE,SP_MOMENT
DOUBLE,SP_POTENCY
DOUBLE,SP_RADIUS
DOUBLE,SP_RECEIVERS_USED
DOUBLE,SP_STRESS_DROP
DOUBLE,SVSH_AMPL_RATIO
END HEADER
1833994.12 402822.99 -6112.03 "15/11/2015" 1.00   1833994.12 402822.99 -6112.03 1.90   3.00   2.63   0.00   0.35   1636.08 224.13 30.03  13.61  0.90   0.44   -0.00  -0.44  0.90   -0.04  0.51   2.75   0.01   0.68   0.57   0.65   0.43   1.56   0.02   0.14   0.17   3.00   0.00   -999.25 -2.35  217.45 0.00   16.89  11.00  0.14   0.35   
1833656.10 402377.63 -6339.92 "15/11/2015" 2.00   1833656.10 402377.63 -6339.92 2.40   0.00   2.71   0.00   1.86   2002.79 164.74 89.06  63.55  -0.98  -0.20  0.00   -0.14  0.73   0.67   0.99   3.39   0.04   0.79   0.90   0.86   0.82   2.86   0.07   0.40   0.17   3.00   0.00   -999.25 -2.23  338.15 0.00   18.72  11.00  0.16   0.81   
1833365.22 402175.09 -6293.24 "15/11/2015" 3.00   1833365.22 402175.09 -6293.24 6.43   0.00   6.78   0.00   1.44   2150.31 63.55  61.24  46.92  -0.00  -0.99  -0.13  1.00   -0.00  -0.00  0.81   3.91   0.16   0.95   0.98   0.94   0.93   5.62   0.18   0.74   0.25   3.00   0.00   -999.25 -2.04  644.94 0.00   12.49  11.00  1.01   0.28   
1833171.04 402487.16 -6244.07 "15/11/2015" 4.00   1833171.04 402487.16 -6244.07 3.27   0.00   3.51   0.00   0.88   1839.23 100.38 64.53  56.91  -1.00  0.06   0.01   -0.05  -0.92  0.39   0.79   3.39   0.04   0.80   0.94   0.94   0.90   2.44   0.06   0.32   0.17   3.00   0.00   -999.25 -2.11  509.53 0.00   21.08  11.00  0.17   0.22   
1833351.50 402324.10 -6345.48 "15/11/2015" 5.00   1833351.50 402324.10 -6345.48 5.90   0.00   6.29   0.00   0.88   2022.35 75.43  57.25  54.97  0.02   -0.74  -0.67  1.00   0.02   0.01   0.06   3.86   0.16   0.94   0.97   0.92   0.91   4.84   0.19   0.70   0.26   3.00   0.00   -999.25 -1.81  1426.34 0.01   33.17  11.00  0.12   0.29   
1833377.11 402160.02 -6229.13 "15/11/2015" 6.00   1833377.11 402160.02 -6229.13 2.26   0.00   2.53   0.00   1.26   2149.14 263.84 95.11  80.79  -1.00  -0.04  -0.00  0.01   -0.27  0.96   0.57   3.07   0.02   0.79   0.84   0.81   0.73   1.86   0.03   0.21   0.16   3.00   0.00   -999.25 -2.29  272.87 0.00   12.22  11.00  0.45   0.34   
1833231.20 402218.99 -6363.22 "15/11/2015" 7.00   1833231.20 402218.99 -6363.22 2.72   0.00   2.99   0.00   0.86   2127.64 283.53 78.05  56.17  -1.00  0.03   0.00   0.02   0.71   0.71   0.06   3.35   0.05   0.88   0.87   0.91   0.83   2.57   0.06   0.30   0.22   3.00   0.00   -999.25 -2.03  665.45 0.00   35.73  11.00  0.04   0.71   
1833209.79 403186.84 -6116.14 "15/11/2015" 8.00   1833209.79 403186.84 -6116.14 5.62   0.00   6.29   0.00   0.54   1133.90 66.83  65.34  34.65  0.02   -0.99  -0.14  -1.00  -0.02  -0.02  0.73   3.80   0.19   0.92   0.94   0.92   0.90   4.87   0.22   0.49   0.41   3.00   0.00   -999.25 -2.17  415.36 0.00   24.96  11.00  0.08   0.12   
1833273.51 402291.47 -6395.00 "15/11/2015" 9.00   1833273.51 402291.47 -6395.00 4.50   0.00   4.78   0.00   0.64   2068.15 191.06 67.45  64.19  -1.00  0.00   0.00   0.00   -0.30  0.95   0.15   3.48   0.07   0.90   0.93   0.88   0.86   3.09   0.09   0.33   0.28   3.00   0.00   -999.25 -2.03  672.00 0.00   22.27  11.00  0.18   0.47   
1833302.16 402238.95 -6390.09 "15/11/2015" 10.00  1833302.16 402238.95 -6390.09 2.15   0.00   2.54   0.00   1.02   2116.27 193.20 78.84  56.91  -1.00  -0.00  -0.01  -0.01  0.72   0.69   0.75   3.01   0.03   0.74   0.64   0.86   0.60   2.09   0.04   0.25   0.17   3.00   0.00   -999.25 -2.44  163.36 0.00   10.76  11.00  0.40   0.55   
1833237.75 402113.88 -6291.05 "15/11/2015" 12.00  1833237.75 402113.88 -6291.05 5.34   0.00   5.66   0.00   1.16   2208.01 76.71  68.93  51.62  -1.00  0.01   -0.00  -0.01  -0.99  -0.12  0.46   3.68   0.11   0.94   0.97   0.92   0.91   3.83   0.13   0.53   0.23   3.00   0.00   -999.25 -2.02  696.12 0.00   14.91  11.00  0.64   0.19   
1833106.42 402239.66 -6282.11 "15/11/2015" 13.00  1833106.42 402239.66 -6282.11 1.95   0.00   2.24   0.00   1.27   2091.73 318.30 63.22  46.69  -1.00  0.09   -0.00  -0.09  -0.99  -0.13  0.02   3.10   0.02   0.81   0.81   0.86   0.74   1.81   0.03   0.22   0.14   3.00   0.00   -999.25 -2.23  329.72 0.00   18.62  10.00  0.16   0.45   
1833452.53 402335.61 -6272.40 "15/11/2015" 14.00  1833452.53 402335.61 -6272.40 4.93   0.00   5.32   0.00   0.82   1995.58 169.30 63.18  46.23  -1.00  -0.08  -0.00  0.08   -0.99  -0.12  0.36   3.61   0.12   0.90   0.87   0.89   0.83   3.97   0.15   0.53   0.26   3.00   0.00   -999.25 -2.07  583.30 0.00   22.15  11.00  0.16   0.18   
1833232.08 402111.57 -6290.06 "15/11/2015" 15.00  1833232.08 402111.57 -6290.06 2.09   0.00   2.51   0.00   1.03   2210.12 200.12 66.47  48.89  -1.00  0.03   -0.00  -0.03  -0.99  -0.14  0.90   3.14   0.03   0.89   0.84   0.84   0.75   1.95   0.04   0.25   0.14   3.00   0.00   -999.25 -2.18  399.99 0.00   19.99  11.00  0.15   0.40   
1833181.91 402246.19 -6382.90 "15/11/2015" 16.00  1833181.91 402246.19 -6382.90 2.77   0.00   3.35   0.00   0.71   2109.79 324.19 76.85  55.65  -1.00  0.05   -0.00  0.04   0.72   0.70   0.26   3.18   0.04   0.74   0.66   0.87   0.65   2.64   0.06   0.30   0.23   3.00   0.00   -999.25 -2.38  196.86 0.00   11.86  10.00  0.36   0.37   
1833406.56 402333.89 -6396.09 "15/11/2015" 17.00  1833406.56 402333.89 -6396.09 2.42   0.00   2.71   0.00   0.93   2031.85 182.57 66.83  63.87  -1.00  -0.06  0.00   0.02   -0.39  0.92   0.71   3.21   0.03   0.79   0.82   0.87   0.77   2.19   0.05   0.23   0.21   3.00   0.00   -999.25 -2.15  431.93 0.00   26.04  11.00  0.07   0.95   
1833278.93 402125.15 -6327.84 "15/11/2015" 18.00  1833278.93 402125.15 -6327.84 2.62   0.00   3.03   0.00   1.27   2206.44 107.67 89.83  57.46  -1.00  0.00   -0.00  -0.00  -0.95  -0.30  0.25   3.31   0.04   0.78   0.87   0.86   0.81   2.54   0.05   0.36   0.15   3.00   0.00   -999.25 -2.10  530.49 0.00   23.86  11.00  0.12   0.41   
1833472.83 402235.61 -6351.44 "15/11/2015" 20.00  1833472.83 402235.61 -6351.44 2.38   0.00   2.78   0.00   1.40   2115.49 222.23 76.37  55.20  -1.00  -0.09  -0.00  -0.07  0.72   0.69   0.90   3.32   0.03   0.69   0.85   0.90   0.82   2.52   0.05   0.33   0.17   3.00   0.00   -999.25 -2.39  192.66 0.00   12.61  11.00  0.29   0.86   
1833217.33 402433.41 -6259.39 "15/11/2015" 19.00  1833217.33 402433.41 -6259.39 2.23   0.00   2.44   0.00   0.63   1892.69 189.82 164.56 154.42 -0.04  -0.82  0.57   0.03   0.57   0.82   0.51   2.85   0.01   0.69   0.69   0.85   0.64   1.14   0.01   0.12   0.10   3.00   0.00   -999.25 -2.25  308.07 0.00   18.84  11.00  0.14   0.34   
1833302.38 402052.04 -6346.92 "15/11/2015" 23.00  1833302.38 402052.04 -6346.92 4.51   0.00   4.78   0.00   0.98   2281.99 150.09 78.42  55.88  -1.00  -0.01  0.00   -0.00  0.70   0.72   0.21   3.66   0.10   0.90   0.96   0.89   0.87   4.15   0.12   0.62   0.20   3.00   0.00   -999.25 -2.15  436.16 0.00   15.41  11.00  0.36   0.34   
1833344.36 402114.55 -6225.43 "15/11/2015" 24.00  1833344.36 402114.55 -6225.43 1.88   0.00   2.04   0.00   1.17   2191.35 330.81 89.37  78.84  -1.00  -0.02  0.00   0.01   -0.26  0.97   0.16   3.05   0.01   0.77   0.83   0.85   0.75   1.61   0.02   0.20   0.12   3.00   0.00   -999.25 -2.00  738.68 0.00   29.71  11.00  0.09   0.59   
1833386.25 402395.86 -6240.84 "15/11/2015" 25.00  1833386.25 402395.86 -6240.84 3.34   0.00   3.83   0.00   0.50   1924.70 433.08 65.33  57.58  -1.00  -0.06  0.00   -0.05  0.85   -0.52  0.07   3.31   0.06   0.83   0.82   0.83   0.76   2.77   0.08   0.28   0.27   3.00   0.00   -999.25 -2.03  657.42 0.00   31.34  11.00  0.06   0.15   
1833405.73 402252.95 -6370.42 "15/11/2015" 26.00  1833405.73 402252.95 -6370.42 3.62   0.00   3.92   0.00   1.00   2100.02 200.81 83.34  59.20  -1.00  -0.06  0.00   -0.04  0.73   0.69   0.80   3.48   0.07   0.88   0.92   0.89   0.85   3.15   0.09   0.43   0.20   3.00   0.00   -999.25 -2.24  319.72 0.00   15.99  10.00  0.24   0.28   
1833267.78 402058.61 -6247.76 "15/11/2015" 27.00  1833267.78 402058.61 -6247.76 2.01   0.00   2.21   0.00   0.83   2250.35 346.42 75.55  61.07  -1.00  0.01   0.00   -0.01  -0.65  0.76   0.85   3.02   0.02   0.73   0.74   0.87   0.70   1.64   0.03   0.20   0.13   3.00   0.00   -999.25 -2.10  523.10 0.00   21.91  11.00  0.15   0.35   
1833355.03 402279.07 -6371.39 "15/11/2015" 28.00  1833355.03 402279.07 -6371.39 4.84   0.00   5.39   0.00   0.70   2073.31 98.55  76.87  55.44  -1.00  -0.03  0.01   -0.02  0.73   0.69   0.54   3.77   0.15   0.92   0.96   0.92   0.91   4.50   0.18   0.49   0.37   3.00   0.00   -999.25 -2.07  577.35 0.00   21.58  11.00  0.17   0.60   
1833136.75 402101.67 -6109.74 "15/11/2015" 30.00  1833136.75 402101.67 -6109.74 2.82   0.00   3.05   0.00   0.53   2184.73 228.24 68.98  45.00  -1.00  0.07   -0.00  -0.07  -1.00  -0.04  0.33   3.20   0.03   0.83   0.86   0.84   0.77   2.16   0.05   0.23   0.21   3.00   0.00   -999.25 -2.10  518.96 0.00   22.07  11.00  0.15   0.16   
1833340.68 402297.39 -6259.77 "15/11/2015" 31.00  1833340.68 402297.39 -6259.77 3.33   0.00   3.73   0.00   1.19   2022.82 261.78 66.69  58.22  -1.00  -0.03  0.00   -0.03  0.80   -0.61  0.62   3.32   0.05   0.86   0.92   0.87   0.83   2.57   0.07   0.33   0.18   3.00   0.00   -999.25 -2.06  606.78 0.00   22.16  11.00  0.17   0.29   
1833268.05 402201.68 -6304.74 "15/11/2015" 34.00  1833268.05 402201.68 -6304.74 1.73   0.00   2.01   0.00   0.98   2126.59 93.55  86.88  59.22  -1.00  0.03   0.01   0.04   0.96   0.27   0.84   3.02   0.02   0.75   0.80   0.76   0.68   1.67   0.03   0.20   0.14   3.00   0.00   -999.25 -2.17  407.07 0.00   20.36  10.00  0.15   0.58   
1833161.24 402261.25 -6370.74 "15/11/2015" 35.00  1833161.24 402261.25 -6370.74 1.92   0.00   2.21   0.00   0.82   2092.86 234.82 78.96  57.58  -1.00  0.06   0.00   0.05   0.72   0.70   0.87   3.08   0.02   0.75   0.79   0.82   0.72   1.80   0.03   0.19   0.17   3.00   0.00   -999.25 -2.06  610.94 0.00   29.52  11.00  0.07   0.48   
1833507.93 402237.33 -6349.68 "15/11/2015" 36.00  1833507.93 402237.33 -6349.68 2.09   0.00   2.13   0.00   0.69   2116.68 196.29 141.61 124.73 -0.08  0.74   0.67   0.06   -0.67  0.74   0.68   2.71   0.01   0.65   0.55   0.73   0.45   1.35   0.02   0.14   0.13   3.00   0.00   -999.25 -2.22  340.84 0.00   18.73  9.00   0.16   0.35   
1833110.72 402478.22 -6299.18 "15/11/2015" 37.00  1833110.72 402478.22 -6299.18 1.85   0.00   2.21   0.00   0.72   1869.00 449.80 157.13 112.34 -1.00  0.10   -0.00  -0.10  -0.99  -0.11  0.91   2.84   0.01   0.64   0.68   0.78   0.61   1.15   0.01   0.13   0.10   3.00   0.00   -999.25 -2.26  297.54 0.00   16.79  11.00  0.19   0.35   
1832889.12 402152.20 -6198.95 "15/11/2015" 38.00  1832889.12 402152.20 -6198.95 1.94   0.00   2.17   0.00   0.94   2184.80 305.33 64.01  43.69  -0.98  0.19   0.01   -0.19  -0.97  0.17   0.40   2.88   0.01   0.75   0.83   0.82   0.72   1.71   0.03   0.20   0.14   3.00   0.00   -999.25 -2.06  593.06 0.00   16.49  5.00   0.40   0.42   
1833291.91 402286.08 -6308.20 "15/11/2015" 39.00  1833291.91 402286.08 -6308.20 3.68   0.00   4.01   0.00   1.16   2046.50 197.61 65.55  44.59  -1.00  -0.00  0.00   0.00   -0.97  -0.25  0.12   3.38   0.06   0.83   0.86   0.86   0.79   2.91   0.08   0.38   0.20   3.00   0.00   -999.25 -1.97  826.35 0.00   29.70  10.00  0.10   0.38   
1832957.56 402302.35 -6252.79 "15/11/2015" 40.00  1832957.56 402302.35 -6252.79 2.41   0.00   2.88   0.00   0.82   2042.54 294.21 67.09  58.07  -0.99  0.17   -0.00  0.13   0.76   -0.64  0.09   3.11   0.03   0.84   0.79   0.81   0.70   2.17   0.05   0.25   0.18   3.00   0.00   -999.25 -2.17  406.64 0.00   21.11  11.00  0.13   0.35   
1833058.84 402236.20 -6328.33 "15/11/2015" 41.00  1833058.84 402236.20 -6328.33 3.29   0.00   3.73   0.00   1.30   2112.60 76.35  75.97  50.93  0.12   -0.95  -0.27  0.99   0.11   0.07   0.06   3.56   0.07   0.90   0.95   0.88   0.87   3.45   0.09   0.52   0.17   3.00   0.00   -999.25 -2.04  632.71 0.00   20.47  11.00  0.22   0.34   
1833010.56 402300.21 -6399.00 "15/11/2015" 42.00  1833010.56 402300.21 -6399.00 1.78   0.00   2.02   0.00   1.03   2079.84 223.04 67.68  64.13  -0.99  0.14   0.00   -0.04  -0.29  0.96   0.23   2.93   0.01   0.73   0.67   0.81   0.61   1.62   0.02   0.19   0.13   3.00   0.00   -999.25 -2.15  447.07 0.00   26.54  11.00  0.07   0.59   
1833089.73 402111.67 -6132.45 "15/11/2015" 43.00  1833089.73 402111.67 -6132.45 2.23   0.00   2.34   0.00   0.80   2182.90 382.57 72.11  38.54  -1.00  0.09   0.00   -0.09  -0.99  0.13   0.61   2.74   0.02   0.78   0.74   0.84   0.67   1.80   0.03   0.20   0.16   3.00   0.00   -999.25 -1.78  1553.66 0.00   36.70  11.00  0.10   0.40   
1833080.26 401932.20 -6434.02 "15/11/2015" 45.00  1833080.26 401932.20 -6434.02 2.82   3.00   3.32   0.00   0.71   2430.64 132.85 37.90  23.36  1.00   -0.09  0.00   0.07   0.78   0.62   0.58   3.34   0.04   0.84   0.87   0.89   0.81   2.64   0.06   0.36   0.17   3.00   0.00   -999.25 -2.11  502.31 0.00   16.23  11.00  0.36   0.22   
1833013.89 402182.12 -6355.01 "15/11/2015" 46.00  1833013.89 402182.12 -6355.01 2.24   0.00   2.78   0.00   0.71   2177.01 210.01 78.48  56.49  -0.99  0.14   -0.00  0.10   0.71   0.70   0.99   3.13   0.03   0.74   0.75   0.84   0.67   2.31   0.05   0.23   0.23   3.00   0.00   -999.25 -2.29  267.58 0.00   12.98  11.00  0.37   0.24   
1833317.17 402218.77 -6337.48 "15/11/2015" 47.00  1833317.17 402218.77 -6337.48 2.81   0.00   3.10   0.00   1.06   2119.59 235.25 94.49  67.18  -1.00  -0.01  0.00   -0.01  0.73   0.68   0.71   3.30   0.04   0.80   0.79   0.92   0.78   2.60   0.06   0.34   0.18   3.00   0.00   -999.25 -2.22  347.43 0.00   17.08  11.00  0.21   0.71   
1833144.87 402092.67 -6025.45 "15/11/2015" 48.00  1833144.87 402092.67 -6025.45 4.30   0.00   4.78   0.00   0.94   2179.53 113.17 68.09  33.43  -1.00  0.07   0.00   -0.07  -0.98  -0.21  0.72   3.50   0.08   0.94   0.95   0.85   0.84   3.35   0.10   0.45   0.22   3.00   0.00   -999.25 -1.87  1163.59 0.00   28.57  11.00  0.15   0.18   
1833250.02 402208.87 -6417.04 "15/11/2015" 49.00  1833250.02 402208.87 -6417.04 1.82   0.00   2.10   0.00   1.09   2153.72 370.05 73.62  69.43  -1.00  0.02   -0.00  -0.01  -0.21  0.98   0.67   3.02   0.02   0.84   0.79   0.75   0.66   1.82   0.04   0.23   0.13   3.00   0.00   -999.25 -2.39  192.17 0.00   13.89  9.00   0.22   0.44   
1833458.86 402192.53 -6436.03 "15/11/2015" 51.00  1833458.86 402192.53 -6436.03 1.79   0.00   2.08   0.00   1.21   2181.68 406.46 71.25  57.62  -1.00  -0.09  -0.00  -0.07  0.76   0.65   0.93   3.07   0.01   0.71   0.77   0.89   0.74   1.65   0.03   0.19   0.14   3.00   0.00   -999.25 -2.10  514.53 0.00   24.28  11.00  0.11   0.56   
1833224.60 402077.81 -6023.45 "15/11/2015" 53.00  1833224.60 402077.81 -6023.45 1.84   0.00   2.17   0.00   0.90   2190.15 166.47 68.06  33.40  -1.00  0.03   0.00   -0.03  -0.98  -0.21  0.78   3.13   0.02   0.86   0.87   0.84   0.78   1.85   0.03   0.20   0.17   3.00   0.00   -999.25 -1.89  1089.84 0.00   33.43  10.00  0.09   0.38   
1832940.75 402133.95 -6262.23 "15/11/2015" 55.00  1832940.75 402133.95 -6262.23 9.54   0.00   9.93   0.00   0.53   2208.26 76.48  63.03  62.75  -0.11  -0.66  0.75   0.99   -0.16  0.01   0.88   3.89   0.19   0.95   0.98   0.94   0.94   5.10   0.22   0.65   0.32   3.00   0.00   -999.25 -1.83  1350.83 0.00   12.32  11.00  2.19   0.12   
1833089.96 402119.74 -6284.58 "15/11/2015" 56.00  1833089.96 402119.74 -6284.58 2.50   0.00   2.78   0.00   0.98   2209.05 280.18 63.47  47.23  -1.00  0.10   0.00   -0.10  -0.99  -0.13  0.69   3.25   0.03   0.83   0.90   0.88   0.84   2.08   0.04   0.25   0.16   3.00   0.00   -999.25 -1.96  844.34 0.00   29.28  11.00  0.10   0.39   
1833524.24 402299.26 -6345.07 "15/11/2015" 57.00  1833524.24 402299.26 -6345.07 2.29   0.00   2.78   0.00   1.54   2058.40 368.42 102.42 73.63  -0.99  -0.12  0.00   -0.09  0.77   0.63   0.03   3.05   0.01   0.71   0.78   0.87   0.71   1.83   0.03   0.23   0.14   3.00   0.00   -999.25 -2.19  376.58 0.00   21.23  11.00  0.12   0.69   
1833097.46 402128.63 -6119.48 "15/11/2015" 58.00  1833097.46 402128.63 -6119.48 4.05   0.00   3.81   0.00   1.03   2163.19 108.90 79.83  77.29  -0.09  -1.00  -0.02  1.00   -0.09  0.00   0.88   3.25   0.04   0.85   0.85   0.88   0.76   2.46   0.05   0.29   0.20   3.00   0.00   -999.25 -1.85  1248.24 0.00   20.26  11.00  0.46   0.26   
1833590.27 402363.29 -6326.55 "15/11/2015" 60.00  1833590.27 402363.29 -6326.55 1.77   0.00   2.15   0.00   1.15   2001.11 242.42 72.05  48.05  -0.99  -0.16  0.00   0.16   -0.95  -0.26  0.75   2.96   0.02   0.74   0.66   0.76   0.60   1.83   0.03   0.21   0.16   3.00   0.00   -999.25 -2.38  197.36 0.00   14.16  10.00  0.21   0.53   
1832273.31 402071.95 -6458.72 "15/11/2015" 61.00  1832273.31 402071.95 -6458.72 2.12   3.00   2.54   0.00   0.73   2483.22 185.75 33.29  23.79  0.91   -0.42  0.00   0.37   0.78   0.50   0.00   3.14   0.02   0.79   0.82   0.83   0.73   2.12   0.04   0.27   0.15   3.00   0.00   -999.25 -2.12  483.36 0.00   16.09  11.00  0.35   0.30   
1833335.96 402140.02 -6258.00 "15/11/2015" 62.00  1833335.96 402140.02 -6258.00 1.84   0.00   2.10   0.00   0.95   2174.26 138.46 76.01  66.32  -1.00  -0.02  -0.00  -0.01  0.78   -0.62  0.39   3.00   0.02   0.84   0.77   0.80   0.68   1.76   0.03   0.21   0.14   3.00   0.00   -999.25 -2.08  570.22 0.00   21.81  10.00  0.17   0.32   
1833220.21 402178.40 -6275.10 "15/11/2015" 63.00  1833220.21 402178.40 -6275.10 1.97   0.00   2.27   0.00   1.10   2142.07 307.06 71.53  51.22  -1.00  0.03   0.00   -0.03  -0.99  -0.16  0.10   3.11   0.02   0.77   0.76   0.90   0.72   1.97   0.04   0.25   0.14   3.00   0.00   -999.25 -2.23  328.27 0.00   14.62  11.00  0.32   0.44   
1832895.32 402027.49 -6381.43 "15/11/2015" 64.00  1832895.32 402027.49 -6381.43 2.44   0.00   2.12   0.00   0.83   2348.40 304.19 181.42 111.90 -0.98  0.18   -0.00  0.14   0.78   0.61   0.54   3.08   0.02   0.73   0.76   0.88   0.72   1.79   0.03   0.22   0.14   3.00   0.00   -999.25 -2.21  361.54 0.00   16.59  11.00  0.24   0.44   
1833048.54 402138.85 -6018.45 "15/11/2015" 65.00  1833048.54 402138.85 -6018.45 2.16   0.00   2.51   0.00   0.84   2141.59 167.85 68.13  33.51  -0.99  0.11   -0.00  -0.11  -0.97  -0.21  0.65   3.07   0.02   0.81   0.89   0.76   0.73   1.91   0.04   0.22   0.16   3.00   0.00   -999.25 -2.16  422.44 0.00   16.40  10.00  0.29   0.23   
1832804.23 402164.19 -6104.57 "15/11/2015" 66.00  1832804.23 402164.19 -6104.57 1.99   0.00   2.15   0.00   1.02   2171.74 328.39 114.27 77.90  -0.97  0.23   -0.00  -0.23  -0.97  -0.03  0.40   2.87   0.01   0.60   0.68   0.84   0.59   1.44   0.02   0.17   0.11   3.00   0.00   -999.25 -2.03  659.16 0.00   24.14  11.00  0.14   0.42   
1833483.69 402246.43 -6367.01 "15/11/2015" 68.00  1833483.69 402246.43 -6367.01 2.19   0.00   2.55   0.00   1.09   2110.92 592.52 77.17  55.54  -0.99  -0.10  0.00   -0.07  0.71   0.70   0.02   3.03   0.02   0.71   0.79   0.80   0.65   1.90   0.03   0.22   0.16   3.00   0.00   -999.25 -2.28  284.08 0.00   17.34  10.00  0.17   0.41   
1833064.34 402280.50 -6282.49 "15/11/2015" 70.00  1833064.34 402280.50 -6282.49 4.81   0.00   5.15   0.00   1.17   2056.86 63.41  62.91  46.51  0.10   -0.99  -0.12  -0.99  -0.10  -0.03  0.50   3.59   0.10   0.90   0.95   0.87   0.85   3.67   0.13   0.49   0.24   3.00   0.00   -999.25 -1.74  1805.51 0.01   42.32  11.00  0.07   0.27   
1832824.11 402033.97 -6118.30 "15/11/2015" 72.00  1832824.11 402033.97 -6118.30 3.16   0.00   3.42   0.00   0.96   2295.09 181.18 63.66  41.55  -0.98  0.21   -0.00  -0.21  -0.98  -0.03  0.31   3.33   0.05   0.83   0.87   0.90   0.80   2.64   0.07   0.32   0.21   3.00   0.00   -999.25 -2.02  686.02 0.00   17.79  11.00  0.37   0.28   
1833409.63 402265.00 -6297.83 "15/11/2015" 73.00  1833409.63 402265.00 -6297.83 2.62   0.00   3.13   0.00   1.28   2067.28 75.61  63.60  46.55  -1.00  -0.06  -0.00  0.06   -0.99  -0.12  0.31   3.39   0.05   0.85   0.96   0.88   0.86   2.65   0.06   0.36   0.17   3.00   0.00   -999.25 -2.06  610.26 0.00   25.67  11.00  0.11   0.48   
1833338.39 402137.90 -6245.39 "15/11/2015" 74.00  1833338.39 402137.90 -6245.39 2.22   0.00   2.44   0.00   1.62   2173.27 290.96 75.80  61.96  -1.00  -0.02  -0.00  0.01   -0.66  0.75   0.17   3.20   0.02   0.74   0.89   0.87   0.82   1.93   0.03   0.25   0.14   3.00   0.00   -999.25 -2.20  369.60 0.00   18.48  9.00   0.18   0.53   
1832955.91 402200.62 -6234.72 "15/11/2015" 75.00  1832955.91 402200.62 -6234.72 2.95   0.00   3.19   0.00   1.09   2135.36 169.71 68.80  62.66  -0.99  0.16   -0.00  -0.04  -0.24  0.97   0.66   3.27   0.05   0.88   0.92   0.88   0.85   2.34   0.06   0.28   0.19   3.00   0.00   -999.25 -2.20  370.11 0.00   14.20  11.00  0.39   0.28   
1833430.68 402397.86 -6253.39 "15/11/2015" 76.00  1833430.68 402397.86 -6253.39 7.16   0.00   7.92   0.00   0.27   1928.99 65.60  57.68  54.79  0.05   -0.86  0.51   0.03   -0.51  -0.86  0.92   3.70   0.19   0.91   0.91   0.83   0.80   4.92   0.23   0.46   0.46   3.00   0.00   -999.25 -1.96  847.83 0.00   21.82  11.00  0.25   0.10   
1833451.19 402301.18 -6265.81 "15/11/2015" 77.00  1833451.19 402301.18 -6265.81 3.93   0.00   4.28   0.00   0.95   2026.66 86.49  66.77  58.23  -1.00  -0.09  0.00   -0.07  0.79   -0.61  0.84   3.52   0.07   0.91   0.94   0.90   0.87   3.22   0.09   0.43   0.21   3.00   0.00   -999.25 -1.89  1094.22 0.00   33.69  11.00  0.09   0.34   
1833351.34 402329.03 -6280.72 "15/11/2015" 79.00  1833351.34 402329.03 -6280.72 6.22   0.00   6.87   0.00   0.56   1998.47 68.39  63.61  46.21  -1.00  -0.01  0.00   0.01   -0.99  -0.13  0.95   3.78   0.18   0.90   0.94   0.91   0.89   4.47   0.20   0.57   0.32   3.00   0.00   -999.25 -1.99  770.36 0.00   19.69  11.00  0.31   0.14   
1833110.92 402230.67 -6315.21 "15/11/2015" 78.00  1833110.92 402230.67 -6315.21 4.14   0.00   4.61   0.00   1.21   2109.09 77.35  66.64  45.37  -1.00  0.09   0.00   -0.09  -0.96  -0.26  0.52   3.55   0.07   0.88   0.93   0.93   0.88   3.36   0.09   0.50   0.17   3.00   0.00   -999.25 -1.85  1219.41 0.00   24.06  11.00  0.27   0.26   
1833132.48 402282.16 -6273.27 "15/11/2015" 81.00  1833132.48 402282.16 -6273.27 6.25   0.00   6.92   0.00   0.67   2046.43 63.38  60.33  46.47  -0.05  -0.99  -0.13  1.00   -0.05  -0.00  0.18   3.80   0.20   0.93   0.93   0.89   0.86   4.74   0.22   0.56   0.37   3.00   0.00   -999.25 -1.66  2392.92 0.01   36.66  11.00  0.15   0.16   
1833824.26 402238.70 -6304.53 "15/11/2015" 82.00  1833824.26 402238.70 -6304.53 2.00   0.00   2.31   0.00   1.93   2158.37 262.12 66.77  45.41  -0.97  -0.26  0.00   0.25   -0.93  -0.25  0.82   3.25   0.03   0.84   0.87   0.87   0.79   2.30   0.05   0.31   0.15   3.00   0.00   -999.25 -2.24  320.25 0.00   15.06  11.00  0.28   0.82   
1833179.44 402414.26 -6245.05 "15/11/2015" 83.00  1833179.44 402414.26 -6245.05 1.84   3.00   2.33   0.00   0.44   1908.82 228.94 30.17  23.82  1.00   -0.06  -0.00  0.06   0.96   0.28   0.78   2.84   0.01   0.68   0.60   0.80   0.53   1.57   0.02   0.15   0.17   3.00   0.00   -999.25 -2.27  287.69 0.00   18.19  7.00   0.15   0.23   
1833198.84 402793.73 -6144.94 "15/11/2015" 84.00  1833198.84 402793.73 -6144.94 3.94   3.00   4.24   0.00   0.77   1516.01 95.09  30.53  23.40  1.00   -0.06  0.00   0.06   0.96   0.26   0.83   3.42   0.09   0.82   0.85   0.85   0.78   3.25   0.12   0.40   0.25   3.00   0.00   -999.25 -2.18  401.50 0.00   18.96  11.00  0.18   0.30   
1833244.20 402811.34 -6113.08 "15/11/2015" 85.00  1833244.20 402811.34 -6113.08 8.16   0.00   8.56   0.00   0.32   1488.35 75.94  64.92  38.16  -1.00  0.04   -0.00  -0.04  -0.99  -0.11  0.61   3.94   0.23   0.95   0.96   0.93   0.91   5.82   0.27   0.58   0.45   3.00   0.00   -999.25 -2.09  534.93 0.00   19.62  11.00  0.22   0.08   
1833517.97 402361.18 -6321.46 "15/11/2015" 86.00  1833517.97 402361.18 -6321.46 3.29   0.00   3.71   0.00   1.03   1991.94 270.19 66.08  44.45  -0.99  -0.12  0.00   0.12   -0.96  -0.25  0.75   3.44   0.07   0.85   0.89   0.84   0.80   3.18   0.09   0.41   0.23   3.00   0.00   -999.25 -2.06  596.52 0.00   32.57  11.00  0.05   0.44   
1833015.31 402219.60 -6264.89 "15/11/2015" 87.00  1833015.31 402219.60 -6264.89 2.41   0.00   2.95   0.00   1.19   2116.27 215.79 69.19  59.55  -0.99  0.14   -0.00  0.11   0.74   -0.66  0.16   3.34   0.04   0.84   0.87   0.92   0.84   2.50   0.06   0.35   0.15   3.00   0.00   -999.25 -1.94  909.71 0.00   29.50  11.00  0.11   0.35   
1833672.88 402086.48 -6266.85 "15/11/2015" 88.00  1833672.88 402086.48 -6266.85 1.89   0.00   2.15   0.00   1.21   2260.69 260.97 73.45  59.93  -0.98  -0.18  -0.00  0.12   -0.64  0.76   0.13   3.12   0.02   0.80   0.81   0.86   0.75   1.85   0.03   0.21   0.16   3.00   0.00   -999.25 -2.13  469.26 0.00   20.22  10.00  0.17   0.73   
1832365.26 402211.09 -6213.75 "15/11/2015" 89.00  1832365.26 402211.09 -6213.75 2.99   3.00   3.63   0.00   0.66   2288.62 162.05 29.81  28.18  0.91   -0.41  -0.00  0.36   0.80   0.48   0.20   3.42   0.08   0.90   0.89   0.85   0.81   3.05   0.10   0.32   0.29   3.00   0.00   -999.25 -1.87  1140.04 0.00   35.83  11.00  0.08   0.45   
1832914.50 402107.12 -6278.48 "15/11/2015" 90.00  1832914.50 402107.12 -6278.48 2.16   0.00   2.40   0.00   0.96   2242.17 278.31 63.25  47.27  -0.98  0.18   0.00   -0.18  -0.98  -0.13  0.87   3.11   0.02   0.76   0.80   0.84   0.74   1.86   0.03   0.24   0.13   3.00   0.00   -999.25 -2.15  437.26 0.00   16.46  11.00  0.30   0.43   
1832890.02 402307.83 -6126.99 "15/11/2015" 92.00  1832890.02 402307.83 -6126.99 1.87   0.00   2.22   0.00   0.56   2020.21 296.66 117.02 80.28  -0.98  0.20   0.00   -0.19  -0.93  0.31   0.60   2.68   0.01   0.62   0.65   0.68   0.46   1.48   0.02   0.16   0.14   3.00   0.00   -999.25 -1.64  2557.39 0.01   54.55  11.00  0.05   0.25   
1833294.71 402251.15 -6365.04 "15/11/2015" 94.00  1833294.71 402251.15 -6365.04 2.24   0.00   2.82   0.00   1.53   2096.81 116.97 76.44  55.54  -1.00  0.00   -0.00  0.00   0.71   0.70   0.04   3.40   0.05   0.83   0.91   0.91   0.87   2.64   0.06   0.38   0.15   3.00   0.00   -999.25 -2.37  207.61 0.00   13.32  11.00  0.27   0.44   
1833068.63 402227.52 -6259.21 "15/11/2015" 96.00  1833068.63 402227.52 -6259.21 3.04   0.00   3.44   0.00   0.88   2100.97 247.16 67.82  58.28  -0.99  0.11   0.00   0.08   0.74   -0.67  0.84   3.26   0.05   0.72   0.82   0.87   0.75   2.79   0.08   0.33   0.20   3.00   0.00   -999.25 -2.13  463.67 0.00   18.94  11.00  0.21   0.24   
1833118.53 402315.95 -6256.81 "15/11/2015" 97.00  1833118.53 402315.95 -6256.81 1.99   3.00   2.45   0.00   0.37   1986.23 176.29 31.69  11.76  1.00   -0.09  0.00   0.09   0.98   -0.17  0.12   2.98   0.02   0.72   0.73   0.84   0.67   1.67   0.03   0.14   0.19   3.00   0.00   -999.25 -2.09  547.47 0.00   23.96  11.00  0.12   0.26   
1833006.90 402169.29 -6005.65 "15/11/2015" 99.00  1833006.90 402169.29 -6005.65 2.75   0.00   3.26   0.00   0.82   2115.01 272.80 84.30  36.97  -0.99  0.13   -0.00  -0.13  -0.97  -0.19  0.82   3.26   0.05   0.79   0.82   0.85   0.76   2.47   0.06   0.29   0.21   3.00   0.00   -999.25 -1.64  2603.17 0.01   45.92  11.00  0.08   0.54   
1833234.71 402131.29 -6283.19 "15/11/2015" 100.00 1833234.71 402131.29 -6283.19 3.66   0.00   4.35   0.00   1.54   2189.23 63.38  62.51  47.07  0.04   -0.99  -0.13  -1.00  -0.04  -0.01  0.70   3.71   0.10   0.84   0.97   0.91   0.91   4.04   0.12   0.63   0.18   3.00   0.00   -999.25 -2.02  688.75 0.00   19.50  11.00  0.28   0.35   
1834082.01 402288.55 -6194.72 "15/11/2015" 101.00 1834082.01 402288.55 -6194.72 2.09   0.00   2.32   0.00   1.85   2164.88 143.61 72.37  56.90  -0.93  -0.38  -0.00  0.36   -0.88  0.31   0.08   3.08   0.02   0.81   0.91   0.87   0.82   2.05   0.04   0.28   0.13   3.00   0.00   -999.25 -2.10  518.61 0.00   16.66  11.00  0.34   0.64   
1832623.09 402214.60 -6040.19 "15/11/2015" 102.00 1832623.09 402214.60 -6040.19 4.64   0.00   4.96   0.00   0.36   2161.44 115.64 70.96  44.56  -0.95  0.31   -0.00  -0.31  -0.94  -0.17  0.68   3.51   0.09   0.75   0.92   0.88   0.85   3.70   0.11   0.37   0.30   3.00   0.00   -999.25 -1.79  1521.34 0.00   30.73  11.00  0.16   0.14   
1833270.44 402474.63 -6268.14 "15/11/2015" 104.00 1833270.44 402474.63 -6268.14 2.57   0.00   3.49   0.00   0.29   1854.56 489.14 64.99  57.00  -1.00  0.01   -0.00  -0.01  -0.92  0.39   0.28   3.01   0.02   0.71   0.71   0.79   0.61   2.00   0.04   0.18   0.22   3.00   0.00   -999.25 -2.06  599.84 0.00   22.17  11.00  0.17   0.19   
1833964.20 402459.84 -6129.55 "15/11/2015" 105.00 1833964.20 402459.84 -6129.55 1.82   0.00   2.00   0.00   2.12   1953.12 168.85 76.18  52.41  -0.93  -0.36  -0.00  0.34   -0.89  0.30   0.17   3.00   0.01   0.71   0.95   0.79   0.78   1.78   0.03   0.23   0.13   3.00   0.00   -999.25 -2.18  402.04 0.00   15.20  11.00  0.35   0.63   
1832837.80 402263.64 -5972.57 "15/11/2015" 108.00 1832837.80 402263.64 -5972.57 3.62   3.00   4.24   0.00   0.81   2048.49 73.33  59.47  32.92  0.98   -0.22  -0.00  0.22   0.96   0.17   0.97   2.54   0.03   0.95   0.97   0.89   0.88   2.36   0.06   0.21   0.26   3.00   0.00   -999.25 -1.38  6279.56 0.02   26.36  11.00  1.04   0.00   
1833840.06 402232.68 -6461.27 "15/11/2015" 110.00 1833840.06 402232.68 -6461.27 2.10   0.00   2.18   0.00   1.33   2215.49 138.96 109.01 38.93  -0.97  -0.26  0.00   0.26   -0.95  -0.15  0.01   3.09   0.02   0.83   0.91   0.93   0.89   1.62   0.02   0.19   0.13   3.00   0.00   -999.25 -2.21  359.07 0.00   15.90  9.00   0.27   0.42   
1834138.38 402548.68 -6152.96 "15/11/2015" 111.00 1834138.38 402548.68 -6152.96 2.17   0.00   2.58   0.00   0.69   1946.98 490.88 63.30  55.58  -0.90  -0.45  -0.00  0.44   -0.89  0.06   0.21   3.10   0.03   0.79   0.81   0.85   0.72   1.92   0.04   0.21   0.17   3.00   0.00   -999.25 -2.12  493.59 0.00   18.01  11.00  0.26   0.31   
1832747.06 402326.69 -6187.61 "15/11/2015" 113.00 1832747.06 402326.69 -6187.61 2.22   0.00   2.49   0.00   0.87   2048.46 187.61 64.36  47.08  -0.96  0.27   -0.00  -0.27  -0.94  0.20   0.79   3.11   0.03   0.86   0.90   0.78   0.75   2.12   0.04   0.26   0.17   3.00   0.00   -999.25 -1.94  918.56 0.00   31.67  11.00  0.09   0.37   
1833101.40 402774.53 -6130.13 "15/11/2015" 114.00 1833101.40 402774.53 -6130.13 3.23   0.00   3.82   0.00   0.47   1539.16 119.58 71.79  60.20  -0.99  0.13   0.00   -0.12  -0.95  0.30   0.48   3.10   0.03   0.78   0.80   0.82   0.71   2.35   0.05   0.18   0.29   3.00   0.00   -999.25 -1.73  1886.44 0.00   46.22  11.00  0.06   0.22   
1833025.99 402570.20 -6091.57 "15/11/2015" 115.00 1833025.99 402570.20 -6091.57 3.63   0.00   4.05   0.00   0.45   1736.54 193.32 64.02  39.77  -0.99  0.15   0.00   -0.15  -0.98  -0.08  0.21   3.38   0.07   0.84   0.86   0.90   0.81   2.86   0.09   0.29   0.28   3.00   0.00   -999.25 -2.06  602.62 0.00   25.17  11.00  0.11   0.17   
1833633.26 402033.82 -6256.12 "15/11/2015" 116.00 1833633.26 402033.82 -6256.12 2.59   0.00   2.82   0.00   0.73   2302.25 161.64 73.92  62.49  -0.99  -0.16  0.00   -0.11  0.69   -0.72  0.48   3.18   0.03   0.86   0.91   0.84   0.81   2.10   0.04   0.24   0.18   3.00   0.00   -999.25 -2.19  376.16 0.00   13.75  11.00  0.44   0.28   
1833643.70 402152.91 -6429.45 "15/11/2015" 117.00 1833643.70 402152.91 -6429.45 2.00   0.00   2.33   0.00   0.87   2238.66 382.63 71.73  57.92  -0.99  -0.17  0.00   -0.12  0.72   0.68   0.30   2.94   0.02   0.71   0.69   0.78   0.59   1.76   0.03   0.19   0.16   3.00   0.00   -999.25 -2.45  156.14 0.00   10.92  11.00  0.36   0.55   
1833198.74 402711.61 -6171.50 "15/11/2015" 119.00 1833198.74 402711.61 -6171.50 2.25   0.00   2.19   0.00   1.20   1602.16 232.89 225.69 223.75 -0.09  -0.92  -0.39  -0.15  -0.38  0.91   0.71   2.66   0.00   0.71   0.58   0.66   0.45   1.15   0.01   0.15   0.08   3.00   0.00   -999.25 -1.97  828.77 0.00   31.64  11.00  0.08   0.82   
1833499.07 402504.39 -6260.55 "15/11/2015" 120.00 1833499.07 402504.39 -6260.55 1.89   0.00   2.51   0.00   0.39   1835.88 377.86 64.65  56.79  -0.99  -0.12  -0.00  0.11   -0.92  0.37   0.32   2.87   0.01   0.64   0.62   0.79   0.53   1.75   0.03   0.15   0.20   3.00   0.00   -999.25 -2.22  345.78 0.00   21.48  11.00  0.11   0.28   
1832589.85 402074.98 -6064.85 "15/11/2015" 121.00 1832589.85 402074.98 -6064.85 2.96   0.00   3.21   0.00   0.75   2306.59 123.26 63.74  20.41  -0.95  0.30   -0.00  -0.30  -0.95  0.01   0.78   3.08   0.07   0.88   0.91   0.90   0.85   2.71   0.09   0.32   0.22   3.00   0.00   -999.25 -1.92  970.29 0.00   26.26  11.00  0.16   0.26   
1834431.92 402557.87 -6290.11 "15/11/2015" 123.00 1834431.92 402557.87 -6290.11 2.32   3.00   2.51   0.00   1.86   2117.25 133.67 29.68  21.85  0.83   0.56   0.00   -0.56  0.82   0.13   0.23   3.27   0.03   0.83   0.91   0.88   0.82   2.21   0.05   0.28   0.16   3.00   0.00   -999.25 -2.32  241.23 0.00   11.79  11.00  0.45   0.53   
1833266.17 402328.54 -6257.29 "15/11/2015" 126.00 1833266.17 402328.54 -6257.29 3.51   0.00   4.08   0.00   1.18   1991.62 102.03 66.42  57.96  -1.00  0.01   -0.00  0.01   0.81   -0.58  0.36   3.58   0.09   0.77   0.93   0.93   0.89   3.61   0.12   0.53   0.20   3.00   0.00   -999.25 -2.22  341.87 0.00   15.46  11.00  0.28   0.30   
1833770.38 402045.32 -6169.70 "15/11/2015" 127.00 1833770.38 402045.32 -6169.70 2.40   0.00   2.56   0.00   1.18   2297.25 208.58 69.00  51.34  -0.98  -0.22  -0.00  0.22   -0.97  0.07   0.28   3.10   0.02   0.87   0.88   0.82   0.78   1.92   0.03   0.24   0.15   3.00   0.00   -999.25 -1.90  1059.81 0.00   29.11  11.00  0.13   0.41   
1833859.42 402267.00 -6392.49 "15/11/2015" 128.00 1833859.42 402267.00 -6392.49 1.71   0.00   2.08   0.00   0.64   2166.93 289.73 71.46  64.83  -0.96  -0.27  0.00   0.07   -0.23  0.97   0.70   2.89   0.01   0.68   0.69   0.75   0.56   1.64   0.03   0.17   0.16   3.00   0.00   -999.25 -2.33  232.63 0.00   14.06  10.00  0.25   0.40   
1833075.08 402780.23 -6176.32 "15/11/2015" 129.00 1833075.08 402780.23 -6176.32 1.90   0.00   2.15   0.00   0.66   1550.17 260.21 250.84 87.04  0.99   -0.15  -0.00  0.14   0.92   0.37   0.57   2.72   0.01   0.69   0.54   0.65   0.42   1.50   0.02   0.15   0.15   3.00   0.00   -999.25 -2.12  488.30 0.00   29.41  8.00   0.06   0.91   
1833220.70 402289.35 -6308.29 "15/11/2015" 130.00 1833220.70 402289.35 -6308.29 2.37   0.00   2.87   0.00   0.95   2044.52 226.08 65.70  44.58  -1.00  0.04   0.00   -0.04  -0.97  -0.25  0.25   3.16   0.03   0.82   0.80   0.85   0.73   2.15   0.05   0.26   0.17   3.00   0.00   -999.25 -1.96  852.00 0.00   33.33  11.00  0.07   0.40   
1834165.70 402274.37 -6238.57 "15/11/2015" 131.00 1834165.70 402274.37 -6238.57 2.95   0.00   3.24   0.00   2.61   2219.45 124.25 74.88  72.30  -0.91  -0.41  -0.00  0.03   -0.07  1.00   0.42   3.48   0.05   0.82   0.94   0.89   0.87   3.07   0.07   0.45   0.16   3.00   0.00   -999.25 -2.18  399.88 0.00   14.17  11.00  0.43   0.54   
1832920.15 402487.02 -6137.80 "15/11/2015" 132.00 1832920.15 402487.02 -6137.80 1.71   0.00   2.10   0.00   0.80   1845.19 258.14 64.91  43.33  -0.98  0.20   -0.00  -0.20  -0.96  0.17   0.35   2.65   0.01   0.64   0.75   0.78   0.62   1.76   0.03   0.19   0.16   3.00   0.00   -999.25 -2.11  510.42 0.00   22.47  10.00  0.14   0.46   
1833346.37 402824.63 -6112.69 "15/11/2015" 133.00 1833346.37 402824.63 -6112.69 2.75   0.00   3.90   0.00   0.16   1475.90 302.74 69.96  43.21  -1.00  -0.04  -0.00  0.04   -0.99  -0.10  0.17   3.16   0.03   0.77   0.73   0.79   0.64   2.84   0.06   0.16   0.36   3.00   0.00   -999.25 -2.19  384.42 0.00   25.00  11.00  0.07   0.10   
1832711.33 402310.17 -6228.91 "15/11/2015" 134.00 1832711.33 402310.17 -6228.91 2.66   0.00   3.08   0.00   0.70   2083.35 207.34 67.65  62.87  -0.96  0.28   0.00   -0.06  -0.21  0.98   0.42   3.29   0.06   0.83   0.90   0.86   0.81   2.53   0.07   0.30   0.21   3.00   0.00   -999.25 -2.12  488.72 0.00   20.00  11.00  0.19   0.22   
1833770.40 402193.67 -6341.93 "15/11/2015" 136.00 1833770.40 402193.67 -6341.93 2.00   0.00   2.23   0.00   1.48   2198.14 328.64 144.05 101.80 -0.97  -0.22  0.00   -0.16  0.71   0.68   0.83   3.07   0.02   0.74   0.73   0.89   0.70   1.97   0.04   0.25   0.14   3.00   0.00   -999.25 -2.39  190.50 0.00   11.78  11.00  0.35   0.76   
1833794.24 402154.44 -6406.23 "15/11/2015" 138.00 1833794.24 402154.44 -6406.23 2.13   0.00   2.47   0.00   1.01   2258.82 306.67 113.54 108.56 -0.97  -0.23  -0.00  -0.11  0.46   0.88   0.00   3.09   0.03   0.67   0.74   0.85   0.68   2.04   0.04   0.23   0.18   3.00   0.00   -999.25 -2.31  249.06 0.00   14.17  11.00  0.27   0.46   
1832653.21 402926.92 -5869.78 "15/11/2015" 139.00 1832653.21 402926.92 -5869.78 8.87   3.00   9.82   0.00   0.92   1464.73 44.81  30.84  12.85  0.90   -0.43  -0.00  0.43   0.90   0.09   0.49   4.12   0.31   0.92   0.97   0.97   0.95   8.70   0.38   0.91   0.41   3.00   0.00   -999.25 -1.70  2055.97 0.01   41.96  11.00  0.08   0.09   
1832913.81 402091.29 -6321.01 "15/11/2015" 140.00 1832913.81 402091.29 -6321.01 4.12   0.00   4.50   0.00   0.59   2268.32 199.88 65.60  44.79  -0.99  0.17   -0.00  -0.17  -0.95  -0.26  0.70   3.47   0.07   0.88   0.93   0.90   0.87   3.12   0.08   0.31   0.29   3.00   0.00   -999.25 -2.26  298.24 0.00   12.42  11.00  0.47   0.19   
1833155.08 402018.60 -6468.63 "15/11/2015" 141.00 1833155.08 402018.60 -6468.63 2.56   0.00   3.25   0.00   0.36   2353.92 414.72 70.16  23.60  -1.00  0.06   0.00   -0.06  -0.99  -0.14  0.75   3.07   0.03   0.84   0.86   0.88   0.78   2.35   0.05   0.20   0.27   3.00   0.00   -999.25 -2.19  388.76 0.00   14.04  11.00  0.43   0.21   
1832982.25 402230.05 -6019.60 "15/11/2015" 142.00 1832982.25 402230.05 -6019.60 1.89   0.00   2.24   0.00   0.98   2060.92 582.06 68.23  33.66  -0.99  0.15   0.00   -0.15  -0.97  -0.21  0.88   2.96   0.02   0.72   0.71   0.82   0.65   1.68   0.03   0.20   0.14   3.00   0.00   -999.25 -2.11  511.20 0.00   20.82  10.00  0.17   0.40   
1833776.26 402160.96 -6419.53 "15/11/2015" 144.00 1833776.26 402160.96 -6419.53 2.22   0.00   2.86   0.00   0.58   2252.92 588.30 71.11  64.07  -0.97  -0.23  -0.00  0.04   -0.17  0.98   0.12   3.03   0.03   0.77   0.69   0.78   0.58   2.27   0.05   0.22   0.23   3.00   0.00   -999.25 -2.25  313.76 0.00   16.16  11.00  0.23   0.32   
1833292.09 402389.96 -6355.72 "15/11/2015" 146.00 1833292.09 402389.96 -6355.72 1.74   0.00   2.02   0.00   0.83   1962.19 397.43 76.36  55.64  -1.00  -0.00  -0.00  -0.00  0.76   0.64   0.66   2.93   0.01   0.74   0.69   0.73   0.60   1.65   0.03   0.17   0.16   3.00   0.00   -999.25 -2.33  232.60 0.00   15.95  10.00  0.17   0.68   
1832845.85 402793.56 -5695.83 "15/11/2015" 147.00 1832845.85 402793.56 -5695.83 2.24   3.00   3.02   0.00   0.53   1518.22 134.98 30.01  19.10  0.96   -0.29  0.00   0.29   0.95   0.06   0.02   3.00   0.02   0.64   0.65   0.81   0.62   1.92   0.04   0.17   0.21   3.00   0.00   -999.25 -2.28  279.82 0.00   19.25  10.00  0.12   0.24   
1833623.01 402549.17 -6427.54 "15/11/2015" 148.00 1833623.01 402549.17 -6427.54 2.25   0.00   2.52   0.00   1.12   1868.99 101.20 100.81 81.16  0.59   -0.69  -0.42  0.80   0.56   0.21   0.55   3.20   0.02   0.85   0.89   0.89   0.84   1.81   0.03   0.17   0.19   3.00   0.00   -999.25 -2.21  351.65 0.00   17.61  11.00  0.20   0.91   
1832485.14 402102.81 -6205.80 "15/11/2015" 149.00 1832485.14 402102.81 -6205.80 4.30   0.00   4.96   0.00   0.54   2339.93 213.46 64.13  39.98  -0.94  0.35   -0.00  -0.35  -0.93  0.15   0.41   3.43   0.09   0.91   0.88   0.85   0.80   3.31   0.11   0.36   0.31   3.00   0.00   -999.25 -1.82  1360.54 0.00   24.82  11.00  0.27   0.16   
1834051.81 402822.59 -6096.66 "15/11/2015" 150.00 1834051.81 402822.59 -6096.66 6.70   3.00   7.69   0.00   0.13   1638.59 166.35 30.89  16.74  0.88   0.47   0.00   -0.47  0.87   0.17   0.02   3.54   0.11   0.82   0.82   0.90   0.78   7.64   0.15   0.31   0.46   3.00   0.00   -999.25 -2.14  461.30 0.00   13.09  11.00  0.62   0.11   
1833832.26 402722.18 -6066.52 "15/11/2015" 153.00 1833832.26 402722.18 -6066.52 7.59   0.00   10.00  0.00   0.06   1654.61 214.83 64.07  24.27  -0.94  -0.33  -0.00  0.33   -0.94  -0.02  0.20   3.39   0.10   0.79   0.78   0.88   0.73   9.95   0.16   0.30   0.52   3.00   0.00   -999.25 -1.91  995.26 0.00   15.98  11.00  0.74   0.11   
1833456.65 403007.08 -6008.94 "15/11/2015" 158.00 1833456.65 403007.08 -6008.94 2.27   3.00   2.87   0.00   0.36   1283.27 42.97  34.01  11.35  0.99   0.13   0.00   -0.13  0.97   0.20   0.36   2.96   0.02   0.76   0.73   0.70   0.55   2.03   0.04   0.15   0.26   3.00   0.00   -999.25 -2.12  487.50 0.00   28.10  10.00  0.07   0.25   
1833528.53 402097.98 -6322.03 "15/11/2015" 159.00 1833528.53 402097.98 -6322.03 1.82   0.00   2.10   0.00   1.02   2243.82 234.17 67.46  45.78  -0.99  -0.11  0.00   0.11   -0.96  -0.25  0.28   3.07   0.02   0.79   0.78   0.85   0.72   1.76   0.03   0.20   0.15   3.00   0.00   -999.25 -2.26  304.97 0.00   17.01  11.00  0.19   0.54   
1833844.79 402166.85 -6293.67 "15/11/2015" 160.00 1833844.79 402166.85 -6293.67 2.13   0.00   2.36   0.00   1.64   2227.53 293.74 86.01  59.23  -0.97  -0.26  -0.00  0.26   -0.95  -0.18  0.40   3.23   0.03   0.81   0.88   0.85   0.79   2.17   0.04   0.28   0.16   3.00   0.00   -999.25 -2.25  315.62 0.00   13.67  11.00  0.38   0.92   
1833856.15 402178.49 -6449.25 "15/11/2015" 161.00 1833856.15 402178.49 -6449.25 2.86   3.00   3.21   0.00   0.79   2264.90 159.82 32.80  25.01  0.96   0.26   0.00   -0.23  0.82   0.52   0.10   3.33   0.05   0.89   0.91   0.86   0.82   2.58   0.06   0.26   0.25   3.00   0.00   -999.25 -1.99  753.41 0.00   22.39  11.00  0.20   0.48   
1833967.48 402225.48 -6425.70 "15/11/2015" 162.00 1833967.48 402225.48 -6425.70 5.12   0.00   5.48   0.00   0.64   2245.57 89.12  71.72  57.95  -0.95  -0.31  0.00   -0.23  0.69   0.68   0.44   3.73   0.14   0.93   0.96   0.89   0.87   4.70   0.17   0.50   0.35   3.00   0.00   -999.25 -2.21  360.70 0.00   12.59  11.00  0.55   0.28   
1832728.48 402025.37 -6040.32 "15/11/2015" 163.00 1832728.48 402025.37 -6040.32 3.86   0.00   4.40   0.00   1.36   2312.40 74.58  67.57  48.95  -0.25  -0.95  -0.17  0.97   -0.25  -0.00  0.04   3.60   0.08   0.87   0.98   0.94   0.93   3.44   0.10   0.48   0.21   3.00   0.00   -999.25 -1.46  4831.20 0.01   30.95  11.00  0.49   0.61   
1834244.42 402372.18 -6385.02 "15/11/2015" 164.00 1834244.42 402372.18 -6385.02 2.86   0.00   3.38   0.00   0.81   2206.37 168.72 78.33  55.96  -0.89  -0.46  -0.00  -0.32  0.61   0.72   0.34   3.37   0.05   0.80   0.84   0.89   0.78   3.08   0.07   0.36   0.23   3.00   0.00   -999.25 -2.35  222.03 0.00   14.55  11.00  0.22   0.34   
1834012.81 402471.82 -6190.59 "15/11/2015" 165.00 1834012.81 402471.82 -6190.59 2.65   0.00   2.99   0.00   0.88   1973.33 287.65 66.30  52.35  -0.93  -0.37  0.00   0.36   -0.89  0.27   0.64   3.17   0.04   0.86   0.84   0.89   0.80   2.31   0.06   0.27   0.19   3.00   0.00   -999.25 -2.16  424.84 0.00   15.02  11.00  0.38   0.24   
1833500.43 402369.43 -6261.82 "15/11/2015" 167.00 1833500.43 402369.43 -6261.82 3.20   0.00   3.60   0.00   0.85   1964.85 237.95 66.10  57.73  -0.99  -0.11  -0.00  -0.09  0.82   -0.56  0.04   3.28   0.07   0.78   0.79   0.87   0.74   2.86   0.09   0.34   0.22   3.00   0.00   -999.25 -2.26  298.16 0.00   15.52  10.00  0.24   0.22   
1833511.43 402383.52 -6254.97 "15/11/2015" 168.00 1833511.43 402383.52 -6254.97 2.51   0.00   2.92   0.00   0.48   1950.73 351.16 65.82  57.82  -0.99  -0.12  0.00   -0.10  0.84   -0.53  0.80   3.11   0.04   0.84   0.79   0.81   0.69   2.23   0.06   0.21   0.24   3.00   0.00   -999.25 -2.22  344.86 0.00   16.43  11.00  0.24   0.23   
1832640.21 402139.54 -6067.02 "15/11/2015" 171.00 1832640.21 402139.54 -6067.02 4.44   0.00   4.66   0.00   0.61   2231.12 139.68 70.50  22.40  -0.95  0.30   0.00   -0.30  -0.95  0.00   0.37   3.26   0.08   0.85   0.96   0.93   0.92   3.16   0.10   0.36   0.27   3.00   0.00   -999.25 -1.66  2386.16 0.01   32.13  11.00  0.22   0.14   
1834121.23 402238.31 -6293.83 "15/11/2015" 173.00 1834121.23 402238.31 -6293.83 2.19   0.00   2.45   0.00   1.60   2248.11 291.68 63.78  47.73  -0.92  -0.39  -0.00  0.38   -0.91  -0.13  0.83   3.30   0.04   0.85   0.92   0.88   0.84   2.32   0.05   0.31   0.15   3.00   0.00   -999.25 -2.15  443.17 0.00   18.27  11.00  0.22   0.51   
1833965.84 402467.78 -6175.71 "15/11/2015" 175.00 1833965.84 402467.78 -6175.71 7.06   0.00   7.30   0.00   0.42   1956.72 140.10 63.45  55.46  -0.93  -0.36  0.00   0.36   -0.93  0.08   0.91   3.81   0.19   0.91   0.90   0.88   0.83   5.10   0.24   0.54   0.45   3.00   0.00   -999.25 -2.05  611.09 0.00   16.25  11.00  0.43   0.25   
1834215.40 402189.65 -6323.12 "15/11/2015" 176.00 1834215.40 402189.65 -6323.12 2.26   3.00   2.48   0.00   0.86   2311.05 167.13 30.31  27.98  0.91   0.41   -0.00  -0.34  0.75   0.57   0.74   3.29   0.03   0.84   0.91   0.88   0.83   2.30   0.05   0.28   0.18   3.00   0.00   -999.25 -2.26  297.52 0.00   12.82  10.00  0.43   0.35   
1834390.83 402446.37 -6259.42 "15/11/2015" 177.00 1834390.83 402446.37 -6259.42 5.41   0.00   5.44   0.00   0.93   2178.33 77.92  68.91  58.26  -0.85  -0.53  0.00   0.37   -0.60  0.71   0.87   3.73   0.14   0.96   0.98   0.92   0.91   4.24   0.16   0.57   0.27   3.00   0.00   -999.25 -2.00  731.01 0.00   15.86  11.00  0.56   0.16   
1832737.86 402058.83 -6211.31 "15/11/2015" 180.00 1832737.86 402058.83 -6211.31 2.48   0.00   2.94   0.00   0.72   2308.42 368.61 72.10  62.30  -0.97  0.24   0.00   -0.06  -0.25  0.97   0.98   3.20   0.05   0.84   0.86   0.76   0.70   2.54   0.07   0.28   0.23   3.00   0.00   -999.25 -2.00  746.44 0.00   24.95  11.00  0.15   0.34   
1832941.33 402203.49 -5994.38 "15/11/2015" 181.00 1832941.33 402203.49 -5994.38 2.74   0.00   3.19   0.00   0.41   2089.81 240.52 65.73  34.60  -0.99  0.17   -0.00  -0.17  -0.97  -0.16  0.62   3.26   0.05   0.84   0.89   0.85   0.80   2.30   0.06   0.23   0.23   3.00   0.00   -999.25 -2.11  498.95 0.00   17.29  11.00  0.29   0.27   
1832843.71 402279.35 -5919.54 "15/11/2015" 182.00 1832843.71 402279.35 -5919.54 3.27   0.00   3.90   0.00   0.55   2026.04 102.15 79.90  36.42  -0.98  0.22   0.00   -0.22  -0.97  -0.13  0.67   3.30   0.05   0.92   0.90   0.87   0.83   2.39   0.06   0.20   0.28   3.00   0.00   -999.25 -1.95  883.62 0.00   22.09  11.00  0.25   0.18   
1834184.95 402310.22 -6298.38 "15/11/2015" 183.00 1834184.95 402310.22 -6298.38 2.00   0.00   2.34   0.00   1.64   2210.40 408.40 64.95  48.66  -0.91  -0.42  -0.00  0.42   -0.90  -0.12  0.25   3.22   0.03   0.74   0.82   0.92   0.80   2.13   0.04   0.26   0.16   3.00   0.00   -999.25 -2.14  460.79 0.00   20.25  11.00  0.17   0.57   
1832877.92 402498.38 -6048.20 "15/11/2015" 184.00 1832877.92 402498.38 -6048.20 6.03   0.00   6.72   0.00   0.41   1825.00 116.36 65.76  42.38  -0.97  0.23   0.00   -0.22  -0.95  -0.20  0.74   3.74   0.16   0.90   0.92   0.92   0.88   4.65   0.19   0.50   0.38   3.00   0.00   -999.25 -1.79  1495.10 0.00   25.71  11.00  0.27   0.16   
1832552.85 402094.00 -6235.44 "15/11/2015" 185.00 1832552.85 402094.00 -6235.44 3.30   0.00   3.77   0.00   0.77   2332.10 199.18 72.42  62.24  -0.95  0.33   -0.00  -0.09  -0.25  0.96   0.19   3.36   0.05   0.77   0.87   0.93   0.84   2.87   0.08   0.34   0.24   3.00   0.00   -999.25 -1.66  2359.38 0.01   34.37  11.00  0.18   0.33   
1832527.80 402024.51 -6209.46 "15/11/2015" 186.00 1832527.80 402024.51 -6209.46 5.74   0.00   6.58   0.00   1.51   2398.72 69.61  64.02  38.70  -0.94  0.34   0.01   -0.34  -0.93  0.13   0.27   3.98   0.16   0.84   0.98   0.92   0.91   5.45   0.20   0.83   0.24   3.00   0.00   -999.25 -1.44  5126.03 0.02   29.13  11.00  0.63   0.23   
1833306.30 402720.16 -6065.39 "15/11/2015" 187.00 1833306.30 402720.16 -6065.39 1.91   0.00   2.34   0.00   0.52   1564.60 383.25 64.19  24.73  -1.00  -0.02  -0.00  0.02   -1.00  -0.03  0.19   2.77   0.02   0.73   0.67   0.69   0.54   1.81   0.03   0.16   0.20   3.00   0.00   -999.25 -2.22  344.92 0.00   22.67  11.00  0.09   0.39   
1833427.40 402595.52 -6119.69 "15/11/2015" 188.00 1833427.40 402595.52 -6119.69 11.65  0.00   11.82  0.00   0.28   1703.93 64.57  48.87  39.55  0.08   -0.99  -0.09  1.00   0.08   0.00   0.04   4.17   0.34   0.94   0.98   0.95   0.94   7.18   0.38   0.75   0.47   3.00   0.00   -999.25 -1.52  3826.53 0.01   26.94  11.00  0.59   0.09   
1833338.63 402600.21 -6181.15 "15/11/2015" 189.00 1833338.63 402600.21 -6181.15 1.70   0.00   2.06   0.00   0.67   1710.07 202.68 76.90  69.51  -1.00  -0.03  0.00   0.02   -0.69  0.72   0.14   2.72   0.01   0.71   0.53   0.72   0.42   1.50   0.02   0.15   0.15   3.00   0.00   -999.25 -1.93  925.25 0.00   45.13  10.00  0.03   0.41   
1833979.40 402490.59 -6230.83 "15/11/2015" 190.00 1833979.40 402490.59 -6230.83 4.28   0.00   4.76   0.00   0.51   1954.53 145.35 64.59  63.23  -0.93  -0.37  0.00   0.05   -0.12  0.99   0.66   3.43   0.09   0.89   0.86   0.87   0.81   3.29   0.12   0.35   0.31   3.00   0.00   -999.25 -2.12  483.75 0.00   17.23  11.00  0.29   0.18   
1832776.20 402167.87 -6110.69 "15/11/2015" 191.00 1832776.20 402167.87 -6110.69 2.55   0.00   2.80   0.00   0.73   2175.75 250.65 63.82  41.32  -0.97  0.24   0.00   -0.24  -0.97  -0.04  0.10   3.17   0.03   0.84   0.84   0.85   0.75   2.06   0.04   0.21   0.20   3.00   0.00   -999.25 -1.81  1403.26 0.00   44.13  11.00  0.05   0.30   
1833318.44 402010.59 -6248.03 "15/11/2015" 192.00 1833318.44 402010.59 -6248.03 2.29   0.00   2.64   0.00   0.48   2297.21 284.66 80.09  63.71  -1.00  -0.02  0.00   0.01   -0.64  0.76   0.98   3.11   0.03   0.81   0.79   0.85   0.73   1.97   0.04   0.18   0.21   3.00   0.00   -999.25 -1.80  1492.94 0.01   33.61  10.00  0.12   0.60   
1834443.46 402442.20 -6367.83 "15/11/2015" 193.00 1834443.46 402442.20 -6367.83 2.34   0.00   2.92   0.00   1.95   2237.88 105.15 78.29  56.06  -0.85  -0.53  0.00   -0.36  0.57   0.74   0.12   3.55   0.06   0.83   0.96   0.88   0.87   3.57   0.08   0.51   0.17   3.00   0.00   -999.25 -2.25  316.78 0.00   14.66  11.00  0.31   0.50   
1833465.60 402425.05 -6250.14 "15/11/2015" 194.00 1833465.60 402425.05 -6250.14 5.01   0.00   5.85   0.00   0.21   1904.98 288.33 65.47  57.40  -1.00  -0.09  -0.00  0.08   -0.87  0.49   0.50   3.54   0.11   0.84   0.83   0.87   0.78   4.18   0.15   0.31   0.46   3.00   0.00   -999.25 -1.90  1029.51 0.00   29.05  11.00  0.13   0.11   
1832668.80 402161.75 -6029.83 "15/11/2015" 195.00 1832668.80 402161.75 -6029.83 2.88   0.00   3.62   0.00   0.75   2196.36 189.59 68.33  33.40  -0.96  0.29   0.00   -0.28  -0.94  -0.21  0.04   3.44   0.07   0.74   0.93   0.85   0.82   3.12   0.10   0.38   0.25   3.00   0.00   -999.25 -1.91  1011.57 0.00   27.99  11.00  0.14   0.24   
1833672.90 402119.34 -6489.00 "15/11/2015" 196.00 1833672.90 402119.34 -6489.00 2.61   0.00   3.40   0.00   0.72   2294.15 81.42  75.05  24.12  -0.99  -0.16  0.00   -0.15  0.97   0.18   0.80   3.38   0.06   0.89   0.90   0.88   0.83   2.76   0.07   0.34   0.21   3.00   0.00   -999.25 -1.80  1469.38 0.00   23.93  11.00  0.33   0.37   
1832418.24 402121.73 -6228.41 "15/11/2015" 197.00 1832418.24 402121.73 -6228.41 2.19   3.00   2.72   0.00   0.59   2331.74 169.10 29.99  27.59  0.93   -0.38  0.00   0.33   0.81   0.47   0.21   3.05   0.03   0.78   0.78   0.79   0.65   2.14   0.04   0.20   0.23   3.00   0.00   -999.25 -2.09  534.15 0.00   18.71  11.00  0.25   0.25   
1833823.33 402165.36 -6357.02 "15/11/2015" 198.00 1833823.33 402165.36 -6357.02 1.97   0.00   2.31   0.00   1.17   2240.90 334.88 77.31  55.39  -0.97  -0.25  -0.00  -0.17  0.68   0.71   0.58   3.12   0.02   0.71   0.75   0.87   0.72   2.00   0.04   0.25   0.15   3.00   0.00   -999.25 -2.33  237.07 0.00   13.64  11.00  0.28   0.59   
1832745.29 402346.16 -6210.61 "15/11/2015" 199.00 1832745.29 402346.16 -6210.61 2.42   3.00   3.17   0.00   1.28   2014.29 112.27 29.80  26.56  0.96   -0.28  -0.00  0.26   0.92   0.30   0.79   3.08   0.03   0.60   0.67   0.89   0.63   2.21   0.05   0.27   0.18   3.00   0.00   -999.25 -1.93  942.35 0.00   28.17  11.00  0.13   0.46   
1833003.75 402276.06 -5992.90 "15/11/2015" 200.00 1833003.75 402276.06 -5992.90 1.84   0.00   2.07   0.00   1.39   2008.96 156.60 68.83  35.32  -0.99  0.14   -0.00  -0.14  -0.98  -0.16  0.95   3.14   0.02   0.74   0.88   0.82   0.77   1.88   0.03   0.24   0.14   3.00   0.00   -999.25 -1.93  956.64 0.00   29.04  11.00  0.12   0.58   
1834339.71 402509.99 -6318.41 "15/11/2015" 201.00 1834339.71 402509.99 -6318.41 2.53   0.00   2.90   0.00   1.53   2116.01 163.61 71.58  48.43  -0.85  -0.52  -0.00  0.50   -0.82  -0.27  0.22   3.34   0.05   0.85   0.92   0.85   0.83   2.57   0.06   0.33   0.18   3.00   0.00   -999.25 -2.07  580.32 0.00   22.62  11.00  0.15   0.31   
1832680.68 402383.67 -6080.77 "15/11/2015" 202.00 1832680.68 402383.67 -6080.77 3.23   0.00   4.09   0.00   0.40   1992.02 111.52 68.30  26.33  -0.95  0.32   0.00   -0.32  -0.95  0.01   0.56   3.18   0.07   0.81   0.87   0.88   0.81   2.74   0.08   0.27   0.28   3.00   0.00   -999.25 -1.72  1923.64 0.01   32.00  11.00  0.18   0.16   
1832459.41 402169.30 -6205.32 "15/11/2015" 203.00 1832459.41 402169.30 -6205.32 8.93   0.00   10.87  0.00   1.18   2288.30 66.40  64.06  41.18  -0.92  0.40   0.00   -0.39  -0.91  0.15   0.95   4.18   0.30   0.87   0.99   0.95   0.95   11.27  0.35   0.91   0.36   3.00   0.00   -999.25 -1.50  4081.39 0.01   16.21  11.00  2.91   0.15   
1833133.87 402595.45 -6166.09 "15/11/2015" 204.00 1833133.87 402595.45 -6166.09 1.70   0.00   2.17   0.00   0.53   1716.91 263.59 72.73  71.78  -1.00  0.09   0.00   0.06   0.63   0.77   0.98   2.93   0.01   0.80   0.77   0.76   0.65   1.66   0.03   0.14   0.19   3.00   0.00   -999.25 -2.01  712.45 0.00   33.58  11.00  0.06   0.43   
1832586.00 402094.63 -6210.55 "15/11/2015" 205.00 1832586.00 402094.63 -6210.55 4.20   0.00   4.96   0.00   0.25   2315.85 171.23 72.27  62.00  -0.95  0.31   0.00   -0.08  -0.25  0.96   0.20   3.51   0.11   0.93   0.92   0.85   0.82   3.75   0.13   0.32   0.37   3.00   0.00   -999.25 -2.01  718.43 0.00   18.88  11.00  0.32   0.12   
1832431.70 402155.90 -6175.66 "15/11/2015" 206.00 1832431.70 402155.90 -6175.66 5.25   0.00   5.48   0.00   1.46   2304.53 67.19  63.57  46.81  -0.92  0.40   0.00   -0.40  -0.92  0.06   0.47   3.89   0.14   0.86   0.99   0.94   0.93   5.00   0.17   0.74   0.23   3.00   0.00   -999.25 -1.54  3613.42 0.01   26.51  11.00  0.59   0.24   
1834420.51 402426.00 -6410.67 "15/11/2015" 207.00 1834420.51 402426.00 -6410.67 2.87   0.00   3.13   0.00   1.30   2252.07 174.96 73.98  67.51  -0.85  -0.53  0.00   0.07   -0.11  0.99   0.18   3.48   0.06   0.86   0.89   0.91   0.84   3.25   0.08   0.43   0.21   3.00   0.00   -999.25 -2.30  261.85 0.00   15.53  11.00  0.21   0.30   
1832543.30 402024.63 -6200.24 "15/11/2015" 209.00 1832543.30 402024.63 -6200.24 2.78   0.00   3.06   0.00   1.02   2391.85 189.24 63.75  38.80  -0.95  0.31   -0.00  -0.31  -0.94  0.13   0.54   3.21   0.04   0.82   0.88   0.90   0.82   2.92   0.09   0.39   0.20   3.00   0.00   -999.25 -1.72  1966.70 0.01   36.81  11.00  0.12   0.34   
1832560.48 402094.72 -6257.33 "15/11/2015" 210.00 1832560.48 402094.72 -6257.33 2.20   0.00   2.64   0.00   1.18   2334.00 231.91 71.03  58.00  -0.95  0.33   -0.00  -0.21  -0.62  0.75   0.19   3.22   0.04   0.77   0.83   0.90   0.79   2.37   0.06   0.29   0.18   3.00   0.00   -999.25 -2.21  362.72 0.00   13.80  11.00  0.42   0.40   
1834245.87 402356.06 -6384.17 "15/11/2015" 211.00 1834245.87 402356.06 -6384.17 1.81   0.00   2.23   0.00   1.66   2220.45 252.94 136.41 96.29  -0.89  -0.45  -0.00  -0.31  0.62   0.72   0.83   3.26   0.03   0.71   0.88   0.86   0.80   2.34   0.04   0.34   0.13   3.00   0.00   -999.25 -2.44  159.29 0.00   10.15  10.00  0.46   0.49   
1832354.78 402091.94 -6220.01 "15/11/2015" 212.00 1832354.78 402091.94 -6220.01 3.39   0.00   4.11   0.00   1.58   2400.53 128.88 73.45  62.08  -0.92  0.40   0.00   -0.11  -0.26  0.96   0.12   3.59   0.11   0.83   0.90   0.88   0.83   4.51   0.13   0.57   0.19   3.00   0.00   -999.25 -1.98  780.73 0.00   22.98  11.00  0.20   0.25   
1834288.24 402395.93 -6470.86 "15/11/2015" 213.00 1834288.24 402395.93 -6470.86 2.26   3.00   2.71   0.00   1.07   2233.22 132.25 33.12  20.75  0.88   0.48   -0.00  -0.44  0.82   0.36   0.85   3.28   0.05   0.87   0.92   0.85   0.80   2.72   0.07   0.35   0.20   3.00   0.00   -999.25 -1.88  1130.74 0.00   39.71  11.00  0.05   0.38   
1833473.19 402131.53 -6401.90 "15/11/2015" 214.00 1833473.19 402131.53 -6401.90 3.40   0.00   3.61   0.00   0.62   2229.61 169.40 79.74  69.70  -1.00  -0.09  0.00   0.02   -0.24  0.97   0.45   3.34   0.05   0.87   0.88   0.88   0.82   2.62   0.07   0.27   0.25   3.00   0.00   -999.25 -1.85  1251.30 0.01   31.55  11.00  0.12   0.82   
1833913.03 402254.18 -6410.21 "15/11/2015" 215.00 1833913.03 402254.18 -6410.21 3.41   0.00   3.77   0.00   0.78   2198.81 229.63 70.17  63.72  -0.96  -0.29  -0.00  0.06   -0.21  0.97   0.46   3.40   0.06   0.80   0.85   0.86   0.78   3.16   0.09   0.36   0.26   3.00   0.00   -999.25 -2.21  362.30 0.00   16.74  11.00  0.23   0.42   
1833418.01 402380.12 -6318.65 "15/11/2015" 216.00 1833418.01 402380.12 -6318.65 2.34   0.00   2.64   0.00   0.79   1964.07 208.92 79.10  49.14  -1.00  -0.07  -0.00  0.07   -0.98  -0.19  0.80   3.28   0.03   0.90   0.94   0.92   0.89   1.98   0.04   0.20   0.20   3.00   0.00   -999.25 -2.03  658.51 0.00   27.41  11.00  0.10   0.57   
1833417.32 402091.26 -6301.94 "15/11/2015" 217.00 1833417.32 402091.26 -6301.94 3.12   0.00   3.57   0.00   0.70   2235.79 261.01 65.36  44.77  -1.00  -0.06  0.00   0.06   -0.96  -0.27  0.39   3.23   0.04   0.80   0.84   0.84   0.75   2.43   0.06   0.27   0.22   3.00   0.00   -999.25 -2.15  437.82 0.00   17.49  10.00  0.25   0.43   
1834304.52 402438.16 -6386.78 "15/11/2015" 219.00 1834304.52 402438.16 -6386.78 2.65   0.00   2.91   0.00   0.55   2178.55 231.82 78.12  55.85  -0.87  -0.50  -0.00  -0.35  0.61   0.71   0.47   3.22   0.05   0.79   0.80   0.81   0.71   2.57   0.07   0.26   0.25   3.00   0.00   -999.25 -2.26  302.03 0.00   17.87  11.00  0.16   0.34   
1833399.74 402038.19 -6271.96 "15/11/2015" 220.00 1833399.74 402038.19 -6271.96 3.70   0.00   3.95   0.00   0.69   2278.59 291.62 63.87  48.38  -1.00  -0.05  0.00   0.05   -0.99  -0.13  0.53   3.39   0.05   0.90   0.90   0.89   0.85   2.69   0.07   0.28   0.26   3.00   0.00   -999.25 -2.17  408.50 0.00   16.95  11.00  0.25   0.33   
1833426.33 402817.25 -6062.66 "15/11/2015" 221.00 1833426.33 402817.25 -6062.66 2.59   0.00   3.13   0.00   0.76   1475.79 170.31 64.22  25.13  -0.99  -0.10  -0.00  0.10   -0.99  -0.04  0.86   3.18   0.05   0.79   0.83   0.87   0.77   2.58   0.08   0.29   0.22   3.00   0.00   -999.25 -2.44  160.68 0.00   14.85  10.00  0.15   0.23   
1834364.49 402469.16 -6349.76 "15/11/2015" 222.00 1834364.49 402469.16 -6349.76 9.39   0.00   10.65  0.00   2.24   2170.77 77.00  61.55  55.26  0.37   -0.61  -0.70  0.85   0.52   -0.01  0.13   4.19   0.27   0.86   0.99   0.91   0.91   17.98  0.33   0.93   0.35   3.00   0.00   -999.25 -1.88  1122.24 0.00   12.09  11.00  1.93   0.29   
1833923.77 402129.16 -6381.56 "15/11/2015" 225.00 1833923.77 402129.16 -6381.56 2.67   0.00   2.95   0.00   1.12   2307.17 300.07 79.46  56.22  -0.96  -0.28  -0.00  -0.19  0.63   0.75   0.79   3.25   0.04   0.83   0.86   0.83   0.77   2.39   0.05   0.30   0.18   3.00   0.00   -999.25 -2.36  216.38 0.00   12.51  11.00  0.34   0.54   
1833271.24 402115.92 -6269.40 "15/11/2015" 226.00 1833271.24 402115.92 -6269.40 2.05   0.00   2.33   0.00   0.69   2199.99 112.70 69.31  58.28  -1.00  0.01   -0.00  0.01   0.70   -0.71  0.80   2.93   0.02   0.71   0.65   0.79   0.60   1.67   0.03   0.17   0.16   3.00   0.00   -999.25 -2.19  379.65 0.00   17.81  11.00  0.20   0.45   
1832913.16 402203.17 -6286.00 "15/11/2015" 228.00 1832913.16 402203.17 -6286.00 1.87   0.00   2.34   0.00   0.70   2152.97 456.35 76.78  53.51  -0.98  0.18   -0.00  -0.18  -0.97  -0.17  0.03   2.81   0.01   0.71   0.60   0.70   0.48   1.63   0.03   0.16   0.17   3.00   0.00   -999.25 -2.23  327.67 0.00   17.85  10.00  0.17   0.59   
1833596.47 402396.77 -6317.53 "15/11/2015" 229.00 1833596.47 402396.77 -6317.53 5.48   0.00   5.79   0.00   0.76   1967.84 69.47  65.48  46.59  0.17   -0.96  -0.22  0.99   0.17   0.01   0.01   3.72   0.14   0.90   0.95   0.93   0.90   4.22   0.16   0.43   0.39   3.00   0.00   -999.25 -1.70  2066.82 0.01   29.87  11.00  0.24   0.56   
1833741.87 402011.97 -6234.65 "15/11/2015" 230.00 1833741.87 402011.97 -6234.65 1.80   0.00   2.10   0.00   1.04   2336.98 101.05 72.51  62.25  -0.98  -0.20  -0.00  0.05   -0.27  0.96   0.53   3.02   0.01   0.71   0.80   0.86   0.74   1.68   0.03   0.20   0.13   3.00   0.00   -999.25 -2.10  516.69 0.00   22.17  10.00  0.14   0.50   
1834360.87 402535.55 -6258.77 "15/11/2015" 231.00 1834360.87 402535.55 -6258.77 2.55   0.00   2.90   0.00   0.87   2089.57 301.06 67.62  58.24  -0.85  -0.53  0.00   -0.40  0.63   -0.66  0.10   3.24   0.04   0.80   0.88   0.85   0.80   2.34   0.05   0.23   0.24   3.00   0.00   -999.25 -2.04  631.46 0.00   26.09  11.00  0.11   0.30   
1834460.82 402475.17 -6251.80 "15/11/2015" 232.00 1834460.82 402475.17 -6251.80 2.65   0.00   3.12   0.00   2.06   2189.37 126.20 68.96  58.24  -0.83  -0.56  -0.00  0.39   -0.58  0.72   0.40   3.48   0.06   0.89   0.92   0.93   0.89   3.03   0.08   0.42   0.18   3.00   0.00   -999.25 -2.07  578.50 0.00   20.59  11.00  0.20   0.44   
1833167.01 402108.63 -6336.41 "15/11/2015" 233.00 1833167.01 402108.63 -6336.41 3.68   0.00   3.99   0.00   0.64   2228.00 253.19 77.16  55.30  -1.00  0.06   0.00   0.04   0.70   0.71   0.09   3.37   0.06   0.85   0.88   0.87   0.81   2.78   0.08   0.31   0.24   3.00   0.00   -999.25 -2.12  488.11 0.00   18.57  11.00  0.23   0.41   
1833281.88 402882.79 -6141.01 "15/11/2015" 234.00 1833281.88 402882.79 -6141.01 2.07   0.00   2.54   0.00   1.69   1426.97 108.49 69.45  54.78  -1.00  0.01   0.00   -0.01  -1.00  0.02   0.29   3.11   0.03   0.81   0.88   0.73   0.71   2.20   0.05   0.21   0.23   3.00   0.00   -999.25 -2.09  541.41 0.00   27.85  11.00  0.08   0.80   
1833380.30 402385.60 -6163.59 "15/11/2015" 235.00 1833380.30 402385.60 -6163.59 1.85   0.00   2.29   0.00   0.51   1914.84 212.90 76.27  59.52  -1.00  -0.04  0.00   0.04   -1.00  -0.01  0.94   2.79   0.01   0.81   0.62   0.71   0.52   1.78   0.03   0.15   0.20   3.00   0.00   -999.25 -2.17  410.22 0.00   21.89  11.00  0.12   0.33   
1833800.89 402667.81 -6154.83 "15/11/2015" 236.00 1833800.89 402667.81 -6154.83 20.96  0.00   21.44  0.00   0.24   1715.41 63.58  59.84  49.31  0.31   -0.95  -0.06  -0.02  0.06   -1.00  0.01   4.36   0.43   0.95   0.99   0.93   0.93   12.33  0.48   0.90   0.54   3.00   0.00   -999.25 -1.39  6074.46 0.01   27.29  11.00  0.91   0.08   
1833323.71 402203.09 -6331.61 "15/11/2015" 238.00 1833323.71 402203.09 -6331.61 2.19   0.00   2.54   0.00   0.72   2132.99 117.72 76.24  55.13  -1.00  -0.01  0.00   -0.01  0.71   0.70   0.90   3.04   0.03   0.86   0.85   0.65   0.62   2.10   0.05   0.22   0.19   3.00   0.00   -999.25 -2.06  593.16 0.00   29.56  11.00  0.07   0.50   
1834328.60 402511.79 -6337.79 "15/11/2015" 239.00 1834328.60 402511.79 -6337.79 2.98   0.00   3.18   0.00   1.50   2114.63 145.28 76.74  55.15  -0.86  -0.52  0.00   -0.37  0.62   0.69   0.30   3.45   0.06   0.81   0.92   0.93   0.88   3.03   0.08   0.37   0.19   3.00   0.00   -999.25 -1.94  893.94 0.00   35.99  11.00  0.06   0.42   
1834540.18 402403.26 -6442.44 "15/11/2015" 240.00 1834540.18 402403.26 -6442.44 2.13   3.00   2.55   0.00   1.43   2342.07 226.47 60.35  42.93  0.83   0.56   -0.00  -0.49  0.72   0.50   0.31   2.46   0.01   0.82   0.87   0.86   0.80   2.36   0.05   0.31   0.16   3.00   0.00   -999.25 -2.11  507.78 0.00   20.88  11.00  0.17   0.41   
1834385.23 402324.15 -6278.09 "15/11/2015" 242.00 1834385.23 402324.15 -6278.09 2.71   0.00   3.13   0.00   1.44   2282.13 134.65 64.04  47.86  -0.87  -0.50  0.00   0.49   -0.86  -0.14  0.10   3.45   0.05   0.91   0.94   0.91   0.88   2.88   0.07   0.39   0.18   3.00   0.00   -999.25 -2.28  280.46 0.00   11.38  11.00  0.58   0.30   
1834064.77 402393.80 -6234.01 "15/11/2015" 243.00 1834064.77 402393.80 -6234.01 2.14   0.00   2.47   0.00   0.81   2073.11 195.33 67.47  62.81  -0.92  -0.38  -0.00  0.10   -0.23  0.97   0.05   3.12   0.03   0.81   0.80   0.84   0.75   2.08   0.04   0.24   0.17   3.00   0.00   -999.25 -2.11  510.40 0.00   23.58  11.00  0.12   0.59   
1833757.55 402758.13 -6135.50 "15/11/2015" 245.00 1833757.55 402758.13 -6135.50 2.93   0.00   4.80   0.00   0.15   1614.53 278.57 64.60  49.66  -0.95  -0.30  -0.00  0.30   -0.94  0.18   0.17   2.95   0.03   0.70   0.60   0.75   0.52   3.92   0.08   0.18   0.43   3.00   0.00   -999.25 -2.15  447.11 0.00   17.69  10.00  0.25   0.39   
1833219.81 402058.08 -6376.02 "15/11/2015" 246.00 1833219.81 402058.08 -6376.02 2.37   0.00   2.83   0.00   0.44   2285.40 347.00 90.58  65.14  -1.00  0.03   0.00   0.02   0.69   0.73   0.72   3.17   0.02   0.78   0.83   0.89   0.79   1.93   0.04   0.15   0.23   3.00   0.00   -999.25 -2.09  539.45 0.00   25.59  11.00  0.10   0.42   
1833103.12 401980.66 -6418.02 "15/11/2015" 247.00 1833103.12 401980.66 -6418.02 11.12  0.00   11.73  0.00   0.37   2377.92 73.65  71.45  63.59  0.05   -0.14  0.99   0.99   -0.08  -0.06  0.27   4.12   0.31   0.89   0.96   0.92   0.90   7.84   0.36   0.72   0.50   3.00   0.00   -999.25 -1.70  2064.18 0.01   18.35  11.00  1.01   0.40   
1833495.60 402211.26 -6294.67 "15/11/2015" 248.00 1833495.60 402211.26 -6294.67 2.90   0.00   2.86   0.00   0.87   2124.61 226.31 68.42  50.93  -1.00  -0.10  -0.00  0.10   -0.99  -0.10  0.85   3.30   0.04   0.85   0.87   0.90   0.83   2.32   0.05   0.23   0.24   3.00   0.00   -999.25 -2.20  370.75 0.00   16.46  11.00  0.25   0.60   
1834333.03 402432.85 -6284.60 "15/11/2015" 251.00 1834333.03 402432.85 -6284.60 1.86   0.00   2.25   0.00   3.11   2167.44 154.70 76.87  57.21  -0.87  -0.50  -0.00  0.49   -0.86  -0.13  0.07   3.30   0.03   0.81   0.92   0.87   0.82   2.40   0.04   0.36   0.12   3.00   0.00   -999.25 -2.11  501.13 0.00   23.38  9.00   0.12   0.74   
1833866.35 402390.76 -6232.86 "15/11/2015" 252.00 1833866.35 402390.76 -6232.86 2.32   0.00   3.14   0.00   0.26   2009.79 359.94 69.47  64.66  -0.95  -0.30  -0.00  0.07   -0.23  0.97   0.33   2.97   0.03   0.70   0.63   0.73   0.52   2.48   0.06   0.17   0.32   3.00   0.00   -999.25 -2.25  305.81 0.00   14.24  11.00  0.32   0.31   
1833886.59 402580.97 -6341.93 "15/11/2015" 253.00 1833886.59 402580.97 -6341.93 2.58   0.00   2.70   0.00   0.53   1875.57 489.33 216.30 76.30  -0.94  -0.34  0.00   0.32   -0.90  -0.30  0.23   2.88   0.02   0.73   0.63   0.73   0.54   1.83   0.03   0.14   0.22   3.00   0.00   -999.25 -2.23  331.12 0.00   21.84  10.00  0.10   0.56   
1833729.45 402109.29 -6487.37 "15/11/2015" 254.00 1833729.45 402109.29 -6487.37 6.29   0.00   7.09   0.00   0.99   2313.03 77.04  64.60  24.24  0.22   -0.96  -0.17  0.98   0.22   0.01   0.89   4.02   0.19   0.94   0.97   0.94   0.93   5.66   0.21   0.83   0.26   3.00   0.00   -999.25 -1.38  6313.88 0.01   32.43  11.00  0.56   0.70   
1832990.26 402371.59 -6013.67 "15/11/2015" 255.00 1832990.26 402371.59 -6013.67 1.94   0.00   2.24   0.00   0.73   1920.53 373.88 81.19  43.07  -0.99  0.16   -0.00  -0.16  -0.96  -0.22  0.74   2.83   0.01   0.78   0.60   0.71   0.55   1.63   0.03   0.17   0.15   3.00   0.00   -999.25 -2.26  300.10 0.00   17.01  11.00  0.19   0.50   
1832482.45 402399.95 -6055.41 "15/11/2015" 256.00 1832482.45 402399.95 -6055.41 3.81   0.00   4.19   0.00   0.69   2042.14 79.14  71.30  44.38  -0.91  0.42   0.00   0.41   0.89   0.18   0.43   3.50   0.10   0.86   0.96   0.85   0.83   3.32   0.12   0.38   0.28   3.00   0.00   -999.25 -1.78  1581.64 0.00   34.82  11.00  0.11   0.18   
