# Petrel Points with attributes
# Unit in X and Y direction: ftUS
# Unit in depth: ft
VERSION 1
BEGIN HEADER
X
Y
Z
DATE,Time
DOUBLE,Event ID
DOUBLE,X(easting)
DOUBLE,Y(northing)
DOUBLE,Z(elevation)
DOUBLE,Detection SNR
DOUBLE,Event type
DOUBLE,Location SNR
DOUBLE,NOISE_LEVEL_ACC
DOUBLE,PSH_AMPL_RATIO
DOUBLE,QC Distance
DOUBLE,QC_EIGVAL_MAX
DOUBLE,QC_EIGVAL_MID
DOUBLE,QC_EIGVAL_MIN
DOUBLE,QC_EIGVEC_MAX_E
DOUBLE,QC_EIGVEC_MAX_N
DOUBLE,QC_EIGVEC_MAX_U
DOUBLE,QC_EIGVEC_MID_E
DOUBLE,QC_EIGVEC_MID_N
DOUBLE,QC_EIGVEC_MID_U
DOUBLE,QC_LOC_T0
DOUBLE,QI_CONFIDENCE
DOUBLE,QI_DATA_LOCATION
DOUBLE,QI_ORTHOGONALITY
DOUBLE,QI_POLARIZATION_AZM
DOUBLE,QI_POLARIZATION_INC
DOUBLE,QI_POLARIZATION_RESIDUAL
DOUBLE,QI_SNR
DOUBLE,QI_TRACEDATA
DOUBLE,QI_TRACEDATA_P
DOUBLE,QI_TRACEDATA_S
DOUBLE,SP_COMPONENTS_USED
DOUBLE,SP_ENERGY
DOUBLE,SP_LOCAL_MAGNITUDE
DOUBLE,SP_MAGNITUDE
DOUBLE,SP_MOMENT
DOUBLE,SP_POTENCY
DOUBLE,SP_RADIUS
DOUBLE,SP_RECEIVERS_USED
DOUBLE,SP_STRESS_DROP
DOUBLE,SVSH_AMPL_RATIO
END HEADER
1833442.87 402144.49 -6366.02 "15/11/2015" 1.00   1833442.87 402144.49 -6366.02 6.31   0.00   6.74   0.00   1.13   2204.18 77.78  62.92  55.88  0.05   -0.68  -0.73  1.00   0.06   0.01   0.02   3.96   0.18   0.90   0.97   0.95   0.94   5.14   0.21   0.76   0.26   3.00   0.00   -999.25 -1.73  1882.20 0.01   37.60  11.00  0.11   0.44   
1833564.40 401996.65 -6383.85 "15/11/2015" 2.00   1833564.40 401996.65 -6383.85 4.39   0.00   4.82   0.00   0.93   2361.61 80.36  72.08  56.33  0.07   -0.65  -0.76  0.99   0.12   -0.01  0.39   3.68   0.11   0.89   0.96   0.92   0.91   4.02   0.13   0.54   0.23   3.00   0.00   -999.25 -2.15  443.58 0.00   17.07  11.00  0.27   0.37   
1833403.49 402121.90 -6374.00 "15/11/2015" 3.00   1833403.49 402121.90 -6374.00 2.43   0.00   2.69   0.00   0.75   2225.69 317.17 78.65  56.01  -1.00  -0.05  0.00   -0.04  0.68   0.73   0.34   3.22   0.04   0.81   0.85   0.86   0.78   2.18   0.05   0.24   0.20   3.00   0.00   -999.25 -2.14  453.62 0.00   24.05  11.00  0.10   0.60   
1833546.87 402127.00 -6358.05 "15/11/2015" 4.00   1833546.87 402127.00 -6358.05 4.30   0.00   4.60   0.00   1.75   2228.20 103.66 77.33  55.40  -0.99  -0.12  -0.00  -0.09  0.70   0.71   0.52   3.69   0.10   0.84   0.95   0.91   0.88   4.21   0.13   0.58   0.22   3.00   0.00   -999.25 -2.28  278.57 0.00   12.66  11.00  0.42   0.52   
1833401.02 402123.55 -6352.02 "15/11/2015" 5.00   1833401.02 402123.55 -6352.02 4.03   0.00   4.36   0.00   0.79   2217.60 281.53 77.34  55.38  -1.00  -0.05  -0.00  -0.04  0.71   0.71   0.92   3.54   0.10   0.83   0.91   0.87   0.83   3.59   0.13   0.43   0.29   3.00   0.00   -999.25 -2.18  391.89 0.00   17.79  11.00  0.21   0.54   
1833203.55 402008.06 -6284.67 "15/11/2015" 6.00   1833203.55 402008.06 -6284.67 2.48   0.00   2.60   0.00   0.79   2309.77 350.94 88.89  67.44  -1.00  0.04   -0.00  -0.04  -0.99  -0.11  0.15   3.18   0.02   0.81   0.84   0.93   0.82   1.81   0.03   0.19   0.17   3.00   0.00   -999.25 -2.09  540.55 0.00   18.47  11.00  0.26   0.63   
1833536.65 402151.26 -6361.62 "15/11/2015" 7.00   1833536.65 402151.26 -6361.62 2.71   0.00   3.07   0.00   1.21   2205.01 305.90 78.14  55.88  -0.99  -0.12  0.00   -0.08  0.68   0.73   0.16   3.32   0.05   0.78   0.84   0.89   0.80   2.59   0.07   0.31   0.20   3.00   0.00   -999.25 -2.20  374.04 0.00   18.28  11.00  0.19   0.84   
1833459.08 402155.12 -6351.00 "15/11/2015" 8.00   1833459.08 402155.12 -6351.00 2.41   0.00   2.85   0.00   1.24   2190.87 312.75 76.87  55.31  -1.00  -0.08  -0.00  -0.06  0.70   0.71   0.52   3.29   0.04   0.79   0.85   0.86   0.79   2.51   0.06   0.31   0.19   3.00   0.00   -999.25 -2.23  327.65 0.00   18.77  11.00  0.15   0.64   
1833545.18 402077.20 -6354.07 "15/11/2015" 9.00   1833545.18 402077.20 -6354.07 3.45   0.00   4.30   0.00   1.64   2274.29 77.66  73.12  55.41  -0.05  0.70   0.71   0.99   0.10   -0.02  0.49   3.59   0.07   0.80   0.97   0.91   0.90   4.34   0.09   0.47   0.21   3.00   0.00   -999.25 -2.27  291.32 0.00   10.82  11.00  0.70   0.43   
1833558.20 402080.66 -6383.61 "15/11/2015" 10.00  1833558.20 402080.66 -6383.61 3.61   0.00   4.10   0.00   0.86   2280.95 209.04 78.91  56.16  -0.99  -0.12  -0.00  -0.08  0.66   0.75   0.66   3.48   0.09   0.89   0.91   0.83   0.81   3.37   0.11   0.40   0.27   3.00   0.00   -999.25 -2.00  750.06 0.00   29.28  11.00  0.09   0.29   
1833453.17 402104.25 -6291.66 "15/11/2015" 11.00  1833453.17 402104.25 -6291.66 3.13   0.00   3.33   0.00   1.18   2222.97 192.04 171.61 116.47 -1.00  -0.08  -0.00  0.08   -0.99  -0.11  0.85   3.00   0.01   0.75   0.81   0.87   0.76   1.19   0.01   0.14   0.09   3.00   0.00   -999.25 -2.11  505.76 0.00   23.30  11.00  0.12   0.37   
1833605.59 402156.55 -6371.38 "15/11/2015" 13.00  1833605.59 402156.55 -6371.38 4.59   0.00   5.04   0.00   0.81   2211.68 103.45 78.33  55.95  -0.99  -0.15  0.00   -0.10  0.68   0.73   0.25   3.54   0.12   0.90   0.90   0.82   0.80   3.71   0.15   0.44   0.30   3.00   0.00   -999.25 -2.07  586.25 0.00   21.16  11.00  0.19   0.45   
1832876.48 402016.12 -6363.81 "15/11/2015" 14.00  1832876.48 402016.12 -6363.81 1.80   0.00   2.24   0.00   0.55   2357.47 116.69 80.45  56.24  -0.98  0.18   0.01   0.12   0.64   0.76   0.99   2.98   0.02   0.68   0.72   0.72   0.63   1.78   0.03   0.18   0.18   3.00   0.00   -999.25 -2.42  175.41 0.00   9.50   11.00  0.62   0.49   
1833650.77 402126.36 -6264.48 "15/11/2015" 15.00  1833650.77 402126.36 -6264.48 3.97   0.00   4.23   0.00   0.87   2218.33 174.59 69.44  58.26  -0.99  -0.17  -0.00  -0.12  0.68   -0.72  0.29   3.46   0.07   0.82   0.92   0.90   0.86   3.03   0.09   0.37   0.24   3.00   0.00   -999.25 -2.12  492.53 0.00   18.39  11.00  0.24   0.30   
1833568.87 402127.68 -6359.47 "15/11/2015" 16.00  1833568.87 402127.68 -6359.47 3.77   0.00   4.12   0.00   1.40   2230.61 125.27 77.63  55.42  -0.99  -0.14  -0.00  -0.10  0.70   0.71   0.38   3.54   0.07   0.89   0.93   0.92   0.88   3.71   0.09   0.44   0.21   3.00   0.00   -999.25 -2.22  350.23 0.00   14.19  11.00  0.37   0.54   
1832444.39 402315.61 -6076.88 "15/11/2015" 17.00  1832444.39 402315.61 -6076.88 8.98   0.00   9.44   0.00   0.51   2136.96 68.52  62.98  21.66  -0.40  -0.92  -0.00  0.92   -0.40  -0.00  0.56   3.75   0.22   0.87   0.95   0.94   0.91   6.04   0.26   0.69   0.36   3.00   0.00   -999.25 -1.59  3062.10 0.01   25.55  11.00  0.56   0.08   
1833490.57 402204.71 -6351.38 "15/11/2015" 18.00  1833490.57 402204.71 -6351.38 2.16   0.00   2.53   0.00   0.98   2146.44 407.04 76.70  55.26  -1.00  -0.10  -0.00  -0.07  0.71   0.70   0.36   3.14   0.03   0.77   0.82   0.88   0.75   1.98   0.04   0.23   0.16   3.00   0.00   -999.25 -2.30  260.00 0.00   18.54  11.00  0.12   0.46   
1833544.55 402178.07 -6309.39 "15/11/2015" 19.00  1833544.55 402178.07 -6309.39 2.21   0.00   2.51   0.00   1.22   2165.63 105.32 65.48  44.75  -0.99  -0.12  0.00   0.12   -0.96  -0.26  0.94   3.11   0.03   0.78   0.82   0.81   0.69   2.07   0.04   0.22   0.20   3.00   0.00   -999.25 -2.12  495.83 0.00   20.85  10.00  0.17   0.95   
1833565.63 402260.67 -6315.16 "15/11/2015" 21.00  1833565.63 402260.67 -6315.16 1.91   0.00   2.15   0.00   1.06   2091.25 359.36 76.28  48.74  -0.99  -0.14  -0.00  0.14   -0.97  -0.20  0.75   3.11   0.02   0.73   0.78   0.86   0.72   1.94   0.04   0.22   0.17   3.00   0.00   -999.25 -2.20  372.41 0.00   19.39  11.00  0.16   0.76   
1833211.11 402071.86 -6330.28 "15/11/2015" 20.00  1833211.11 402071.86 -6330.28 2.28   0.00   2.63   0.00   0.76   2259.68 433.73 65.87  44.80  -1.00  0.03   -0.00  -0.03  -0.96  -0.26  0.06   3.11   0.03   0.71   0.76   0.80   0.67   2.20   0.05   0.26   0.18   3.00   0.00   -999.25 -2.27  293.12 0.00   14.62  11.00  0.28   0.64   
1833670.10 402252.96 -6298.44 "15/11/2015" 23.00  1833670.10 402252.96 -6298.44 3.47   0.00   3.61   0.00   0.68   2110.23 191.13 63.63  46.74  -0.98  -0.19  -0.00  0.19   -0.97  -0.13  0.16   3.40   0.05   0.86   0.91   0.92   0.87   2.65   0.07   0.28   0.25   3.00   0.00   -999.25 -2.04  648.87 0.00   20.09  11.00  0.24   0.63   
1833687.86 402217.35 -6346.80 "15/11/2015" 24.00  1833687.86 402217.35 -6346.80 2.20   0.00   2.45   0.00   1.06   2160.69 286.84 77.09  55.27  -0.98  -0.20  0.00   -0.14  0.70   0.70   0.10   3.18   0.03   0.79   0.82   0.90   0.80   1.94   0.04   0.25   0.14   3.00   0.00   -999.25 -2.30  263.00 0.00   15.31  10.00  0.22   0.42   
1832980.67 402133.75 -6358.77 "15/11/2015" 25.00  1832980.67 402133.75 -6358.77 2.45   0.00   2.99   0.00   0.50   2228.33 259.36 77.50  55.40  -0.99  0.14   -0.00  0.10   0.70   0.71   0.25   3.18   0.04   0.75   0.76   0.83   0.70   2.38   0.06   0.21   0.27   3.00   0.00   -999.25 -2.23  337.19 0.00   17.20  11.00  0.20   0.41   
1833116.06 402154.37 -6286.71 "15/11/2015" 26.00  1833116.06 402154.37 -6286.71 2.15   0.00   2.39   0.00   0.96   2174.06 421.85 63.42  47.02  -1.00  0.08   0.00   -0.08  -0.99  -0.13  0.12   3.06   0.02   0.77   0.78   0.75   0.66   1.99   0.04   0.23   0.17   3.00   0.00   -999.25 -2.00  741.68 0.00   27.56  11.00  0.11   0.54   
1833241.95 402107.87 -6375.89 "15/11/2015" 27.00  1833241.95 402107.87 -6375.89 1.75   0.00   2.03   0.00   0.75   2237.18 244.59 82.43  59.58  -1.00  0.02   -0.00  0.01   0.68   0.74   0.21   2.97   0.01   0.69   0.70   0.82   0.64   1.68   0.03   0.18   0.16   3.00   0.00   -999.25 -2.10  518.99 0.00   29.56  11.00  0.06   0.86   
1833229.44 402055.31 -6345.72 "15/11/2015" 28.00  1833229.44 402055.31 -6345.72 1.78   0.00   2.06   0.00   1.06   2279.26 297.40 77.56  55.34  -1.00  0.03   0.00   0.02   0.70   0.72   0.13   3.03   0.02   0.72   0.76   0.82   0.69   1.81   0.03   0.24   0.12   3.00   0.00   -999.25 -2.29  271.54 0.00   13.72  11.00  0.32   0.35   
1833551.93 402189.58 -6361.18 "15/11/2015" 29.00  1833551.93 402189.58 -6361.18 6.93   0.00   7.35   0.00   1.00   2170.32 77.66  77.28  55.79  -0.18  0.67   0.72   0.98   0.19   0.06   0.14   4.04   0.23   0.88   0.97   0.90   0.89   6.93   0.29   0.82   0.33   3.00   0.00   -999.25 -2.00  741.63 0.00   15.67  11.00  0.59   0.65   
1833236.86 402045.83 -6362.59 "15/11/2015" 30.00  1833236.86 402045.83 -6362.59 2.19   0.00   2.51   0.00   0.68   2292.87 417.40 83.59  58.89  -1.00  0.02   0.00   0.02   0.67   0.75   0.45   3.14   0.02   0.71   0.76   0.85   0.74   2.01   0.04   0.22   0.18   3.00   0.00   -999.25 -2.31  250.65 0.00   11.70  10.00  0.48   0.37   
1833286.75 402053.59 -6416.99 "15/11/2015" 31.00  1833286.75 402053.59 -6416.99 2.62   0.00   3.12   0.00   0.54   2300.77 491.26 72.15  63.76  -1.00  0.01   -0.00  -0.00  -0.17  0.99   0.69   3.11   0.03   0.72   0.73   0.82   0.66   2.24   0.05   0.22   0.22   3.00   0.00   -999.25 -2.01  703.88 0.00   27.86  11.00  0.10   0.39   
1833639.17 401983.05 -6369.36 "15/11/2015" 33.00  1833639.17 401983.05 -6369.36 2.40   0.00   2.69   0.00   1.00   2380.40 142.03 80.64  56.27  -0.99  -0.15  0.00   -0.10  0.64   0.77   0.92   3.21   0.03   0.74   0.83   0.84   0.78   2.19   0.04   0.30   0.14   3.00   0.00   -999.25 -2.11  507.43 0.00   22.34  10.00  0.14   0.31   
1833587.37 402314.86 -6230.99 "15/11/2015" 34.00  1833587.37 402314.86 -6230.99 1.98   0.00   2.24   0.00   0.83   2019.94 220.65 66.19  62.98  -0.99  -0.16  -0.00  0.03   -0.20  0.98   0.91   3.02   0.02   0.78   0.79   0.77   0.69   1.82   0.03   0.21   0.16   3.00   0.00   -999.25 -2.14  448.53 0.00   21.14  10.00  0.14   0.44   
1833323.42 402188.92 -6366.12 "15/11/2015" 35.00  1833323.42 402188.92 -6366.12 2.15   0.00   2.58   0.00   0.80   2156.68 430.42 77.54  55.75  -1.00  -0.02  0.00   -0.01  0.70   0.72   0.82   2.98   0.02   0.69   0.71   0.71   0.58   2.02   0.04   0.22   0.18   3.00   0.00   -999.25 -2.29  274.16 0.00   15.82  11.00  0.21   0.51   
1833359.23 402039.21 -6236.28 "15/11/2015" 38.00  1833359.23 402039.21 -6236.28 2.12   0.00   2.53   0.00   0.87   2267.56 284.08 71.36  62.42  -1.00  -0.03  -0.00  0.01   -0.26  0.96   0.23   2.97   0.02   0.70   0.72   0.81   0.63   1.96   0.04   0.22   0.17   3.00   0.00   -999.25 -2.11  503.22 0.00   17.42  11.00  0.29   0.52   
1833283.02 402036.12 -6285.17 "15/11/2015" 39.00  1833283.02 402036.12 -6285.17 3.38   0.00   3.88   0.00   1.25   2281.14 342.29 63.32  47.38  -1.00  0.00   0.00   -0.00  -0.99  -0.13  0.93   3.46   0.05   0.81   0.92   0.91   0.87   2.97   0.07   0.42   0.18   3.00   0.00   -999.25 -2.11  500.68 0.00   18.55  11.00  0.24   0.29   
1833799.17 401984.53 -6424.27 "15/11/2015" 40.00  1833799.17 401984.53 -6424.27 3.60   0.00   3.96   0.00   1.52   2423.20 105.06 73.48  58.52  -0.98  -0.22  0.00   -0.14  0.64   0.76   0.37   3.56   0.07   0.82   0.95   0.91   0.88   3.41   0.09   0.51   0.17   3.00   0.00   -999.25 -2.23  338.02 0.00   14.14  11.00  0.36   0.38   
1833070.16 401929.03 -6366.67 "15/11/2015" 41.00  1833070.16 401929.03 -6366.67 1.94   0.00   2.37   0.00   0.96   2415.59 336.24 81.01  56.37  -1.00  0.10   0.00   0.06   0.63   0.77   0.23   2.96   0.02   0.62   0.68   0.80   0.60   1.79   0.03   0.20   0.16   3.00   0.00   -999.25 -2.27  294.32 0.00   15.31  11.00  0.25   0.62   
1833806.95 401918.87 -6193.57 "15/11/2015" 43.00  1833806.95 401918.87 -6193.57 1.87   0.00   2.14   0.00   1.03   2430.74 285.35 80.81  47.12  -0.98  -0.22  0.00   0.22   -0.97  0.11   0.68   2.88   0.02   0.77   0.72   0.84   0.68   1.77   0.03   0.23   0.13   3.00   0.00   -999.25 -2.11  501.05 0.00   14.92  11.00  0.46   0.35   
1833815.62 402099.82 -6299.55 "15/11/2015" 44.00  1833815.62 402099.82 -6299.55 1.83   0.00   2.22   0.00   1.37   2284.80 357.89 97.89  60.37  -0.97  -0.24  -0.00  0.24   -0.95  -0.21  0.78   2.99   0.02   0.60   0.67   0.76   0.60   1.92   0.03   0.25   0.13   3.00   0.00   -999.25 -2.29  267.76 0.00   11.73  11.00  0.50   0.91   
1833454.80 402307.14 -6255.13 "15/11/2015" 45.00  1833454.80 402307.14 -6255.13 2.69   0.00   2.89   0.00   0.96   2018.36 176.50 67.10  58.37  -1.00  -0.09  0.00   -0.07  0.79   -0.61  0.72   3.20   0.04   0.79   0.82   0.90   0.79   2.20   0.05   0.21   0.23   3.00   0.00   -999.25 -2.26  298.71 0.00   12.89  11.00  0.42   0.55   
1833216.58 402045.31 -6182.08 "15/11/2015" 46.00  1833216.58 402045.31 -6182.08 2.50   0.00   2.76   0.00   0.71   2249.87 295.63 63.73  42.04  -1.00  0.04   -0.00  -0.03  -0.99  0.14   0.69   3.22   0.03   0.80   0.86   0.84   0.78   2.24   0.05   0.25   0.20   3.00   0.00   -999.25 -1.84  1296.01 0.00   44.21  10.00  0.05   0.21   
1833151.79 402059.62 -6336.87 "15/11/2015" 47.00  1833151.79 402059.62 -6336.87 3.59   0.00   4.22   0.00   0.52   2276.04 211.75 77.59  55.33  -1.00  0.06   0.00   0.04   0.69   0.72   0.94   3.29   0.06   0.83   0.80   0.76   0.69   3.01   0.09   0.35   0.25   3.00   0.00   -999.25 -2.22  348.71 0.00   14.78  11.00  0.33   0.21   
1833351.64 401834.47 -6400.56 "15/11/2015" 48.00  1833351.64 401834.47 -6400.56 1.68   0.00   2.04   0.00   1.38   2506.69 427.59 76.17  63.37  -1.00  -0.03  0.00   0.00   -0.11  0.99   0.80   2.99   0.01   0.68   0.73   0.80   0.65   1.70   0.03   0.22   0.12   3.00   0.00   -999.25 -2.10  524.45 0.00   23.46  11.00  0.12   0.56   
1833798.61 402245.97 -6355.02 "15/11/2015" 50.00  1833798.61 402245.97 -6355.02 3.73   0.00   4.11   0.00   2.41   2159.72 98.33  71.67  70.63  0.17   -0.69  -0.70  0.97   0.23   0.02   0.20   3.43   0.05   0.89   0.97   0.94   0.93   2.52   0.05   0.33   0.18   3.00   0.00   -999.25 -1.84  1287.12 0.01   33.08  11.00  0.11   0.74   
1833841.36 401899.50 -6356.64 "15/11/2015" 51.00  1833841.36 401899.50 -6356.64 2.05   0.00   2.48   0.00   1.59   2493.51 356.32 83.65  59.16  -0.97  -0.23  -0.00  -0.16  0.67   0.72   0.87   3.31   0.03   0.77   0.89   0.86   0.82   2.46   0.05   0.36   0.13   3.00   0.00   -999.25 -2.23  327.11 0.00   16.33  10.00  0.23   0.60   
1833736.10 402030.98 -6330.35 "15/11/2015" 52.00  1833736.10 402030.98 -6330.35 2.22   3.00   2.44   0.00   0.81   2340.89 219.75 30.64  27.79  0.98   0.20   -0.00  -0.16  0.77   0.61   0.72   3.16   0.02   0.83   0.83   0.91   0.79   1.84   0.03   0.19   0.18   3.00   0.00   -999.25 -2.21  360.13 0.00   15.56  11.00  0.29   0.35   
1833786.78 401932.62 -6376.44 "15/11/2015" 53.00  1833786.78 401932.62 -6376.44 3.56   0.00   4.07   0.00   1.68   2455.93 120.07 81.69  56.44  -0.98  -0.21  0.00   -0.13  0.62   0.78   0.84   3.65   0.08   0.81   0.94   0.91   0.88   3.95   0.10   0.60   0.16   3.00   0.00   -999.25 -2.21  360.46 0.00   14.61  11.00  0.35   0.40   
1833268.08 401928.55 -6307.78 "15/11/2015" 55.00  1833268.08 401928.55 -6307.78 4.57   3.00   5.01   0.00   0.77   2391.03 150.86 39.67  36.91  1.00   -0.01  0.00   0.01   0.98   -0.22  0.93   2.44   0.00   0.84   0.93   0.93   0.89   3.60   0.12   0.48   0.22   3.00   0.00   -999.25 -2.07  573.35 0.00   11.80  11.00  1.06   0.20   
1833848.30 401943.03 -6296.18 "15/11/2015" 56.00  1833848.30 401943.03 -6296.18 2.32   0.00   2.64   0.00   1.79   2439.13 151.65 75.52  55.77  -0.97  -0.24  -0.00  0.24   -0.96  -0.16  0.19   3.28   0.03   0.87   0.94   0.90   0.87   2.05   0.03   0.29   0.12   3.00   0.00   -999.25 -1.97  827.53 0.00   24.08  11.00  0.18   0.50   
1833641.71 401851.41 -6242.88 "15/11/2015" 58.00  1833641.71 401851.41 -6242.88 1.78   0.00   2.11   0.00   1.66   2476.36 193.22 94.68  74.98  -0.99  -0.14  0.00   -0.11  0.77   -0.63  0.77   3.15   0.02   0.81   0.90   0.83   0.78   1.82   0.03   0.25   0.12   3.00   0.00   -999.25 -2.02  691.22 0.00   22.50  11.00  0.18   0.67   
1833851.55 402036.22 -6378.38 "15/11/2015" 59.00  1833851.55 402036.22 -6378.38 2.72   0.00   3.10   0.00   1.72   2373.68 115.77 80.83  56.32  -0.97  -0.25  0.00   -0.16  0.63   0.76   0.92   3.41   0.05   0.83   0.91   0.93   0.87   2.73   0.06   0.38   0.16   3.00   0.00   -999.25 -2.32  245.29 0.00   12.17  11.00  0.41   0.50   
1833487.83 401879.04 -6414.67 "15/11/2015" 60.00  1833487.83 401879.04 -6414.67 2.22   0.00   2.59   0.00   0.56   2475.02 277.26 75.49  63.52  -1.00  -0.09  -0.00  0.01   -0.11  0.99   0.96   3.12   0.02   0.82   0.82   0.84   0.73   1.94   0.04   0.20   0.19   3.00   0.00   -999.25 -2.22  345.42 0.00   15.00  11.00  0.31   0.29   
1833309.66 402227.16 -6293.46 "15/11/2015" 61.00  1833309.66 402227.16 -6293.46 1.87   0.00   2.17   0.00   0.80   2098.99 189.62 69.31  51.38  -1.00  -0.01  -0.00  0.01   -1.00  -0.10  0.18   3.08   0.02   0.73   0.80   0.80   0.72   1.81   0.03   0.19   0.17   3.00   0.00   -999.25 -2.31  256.03 0.00   13.28  11.00  0.33   0.53   
1833181.43 401863.56 -6322.27 "15/11/2015" 63.00  1833181.43 401863.56 -6322.27 1.75   0.00   2.01   0.00   1.00   2459.85 382.96 65.62  44.64  -1.00  0.05   0.00   -0.04  -0.96  -0.27  0.28   3.00   0.01   0.61   0.79   0.81   0.68   1.59   0.03   0.18   0.14   3.00   0.00   -999.25 -2.26  301.24 0.00   12.48  11.00  0.47   0.48   
1833855.20 401808.53 -6200.19 "15/11/2015" 64.00  1833855.20 401808.53 -6200.19 2.23   0.00   2.58   0.00   0.95   2548.10 527.46 67.87  42.18  -0.97  -0.22  0.00   0.22   -0.97  0.13   0.87   2.98   0.02   0.80   0.84   0.86   0.78   2.05   0.04   0.26   0.15   3.00   0.00   -999.25 -1.85  1226.43 0.00   30.62  11.00  0.13   0.30   
1833613.94 401841.81 -6424.13 "15/11/2015" 65.00  1833613.94 401841.81 -6424.13 2.24   0.00   2.44   0.00   0.92   2526.40 380.00 74.61  58.73  -0.99  -0.13  0.00   -0.08  0.61   0.79   0.66   3.17   0.02   0.77   0.82   0.91   0.79   1.90   0.04   0.24   0.14   3.00   0.00   -999.25 -2.35  221.11 0.00   10.42  11.00  0.59   0.39   
1833483.23 402140.22 -6348.57 "15/11/2015" 66.00  1833483.23 402140.22 -6348.57 2.35   0.00   2.65   0.00   0.91   2206.39 174.94 90.06  64.43  -1.00  -0.09  -0.00  -0.06  0.71   0.71   0.40   3.19   0.03   0.82   0.82   0.89   0.79   2.08   0.04   0.22   0.19   3.00   0.00   -999.25 -2.21  362.44 0.00   17.92  11.00  0.19   0.61   
1832505.60 402309.53 -6052.64 "15/11/2015" 67.00  1832505.60 402309.53 -6052.64 5.49   0.00   6.47   0.00   1.02   2115.10 96.10  65.33  43.25  -0.93  0.38   -0.00  -0.37  -0.91  -0.18  0.36   3.90   0.20   0.82   0.94   0.92   0.89   6.54   0.23   0.71   0.30   3.00   0.00   -999.25 -1.89  1097.13 0.00   16.79  11.00  0.70   0.14   
1833155.55 401922.47 -6344.22 "15/11/2015" 68.00  1833155.55 401922.47 -6344.22 8.35   0.00   8.72   0.00   0.71   2409.75 78.03  69.13  55.30  0.05   0.68   0.73   1.00   -0.06  -0.00  0.40   3.77   0.15   0.97   0.97   0.90   0.89   5.09   0.17   0.56   0.34   3.00   0.00   -999.25 -2.01  723.64 0.00   12.71  11.00  1.07   0.13   
1833241.73 401922.25 -6325.98 "15/11/2015" 69.00  1833241.73 401922.25 -6325.98 5.22   0.00   5.53   0.00   0.65   2402.05 114.29 65.63  44.72  -1.00  0.02   -0.00  -0.02  -0.96  -0.27  0.84   3.65   0.11   0.93   0.95   0.90   0.88   4.11   0.13   0.49   0.28   3.00   0.00   -999.25 -2.18  394.99 0.00   13.67  11.00  0.47   0.15   
1833819.99 401907.14 -6285.28 "15/11/2015" 70.00  1833819.99 401907.14 -6285.28 2.33   0.00   2.45   0.00   0.95   2464.25 108.08 68.85  51.12  -0.98  -0.22  -0.00  0.22   -0.96  -0.16  0.04   3.22   0.03   0.89   0.91   0.84   0.81   2.04   0.04   0.24   0.17   3.00   0.00   -999.25 -2.04  654.08 0.00   24.64  11.00  0.13   0.33   
1833824.54 401906.28 -6401.30 "15/11/2015" 71.00  1833824.54 401906.28 -6401.30 3.31   0.00   3.71   0.00   0.76   2495.30 196.14 75.97  63.33  -0.98  -0.22  0.00   0.03   -0.11  0.99   0.72   3.40   0.06   0.82   0.94   0.88   0.85   2.74   0.07   0.35   0.20   3.00   0.00   -999.25 -2.25  305.46 0.00   12.55  11.00  0.47   0.32   
1833206.95 402077.98 -6363.30 "15/11/2015" 72.00  1833206.95 402077.98 -6363.30 4.24   0.00   4.54   0.00   1.16   2263.13 79.04  75.57  56.00  -0.02  0.67   0.74   1.00   -0.00  0.03   0.32   3.56   0.08   0.85   0.95   0.93   0.90   3.30   0.10   0.42   0.24   3.00   0.00   -999.25 -1.91  1006.42 0.00   27.18  11.00  0.15   0.70   
1833295.64 402181.91 -6230.75 "15/11/2015" 73.00  1833295.64 402181.91 -6230.75 2.03   0.00   2.60   0.00   0.56   2126.46 200.32 68.63  62.66  -1.00  -0.00  -0.00  -0.00  -0.24  0.97   0.06   2.92   0.02   0.76   0.71   0.75   0.57   1.90   0.04   0.17   0.21   3.00   0.00   -999.25 -2.23  338.04 0.00   18.86  11.00  0.15   0.45   
1833426.71 402308.48 -6028.55 "15/11/2015" 74.00  1833426.71 402308.48 -6028.55 3.46   3.00   3.77   0.00   0.38   1966.72 138.69 30.85  16.90  1.00   0.07   0.00   -0.07  0.98   0.17   0.86   3.33   0.05   0.88   0.91   0.85   0.81   2.59   0.06   0.25   0.27   3.00   0.00   -999.25 -1.82  1376.91 0.00   33.48  11.00  0.11   0.25   
1833692.17 401994.02 -6413.03 "15/11/2015" 75.00  1833692.17 401994.02 -6413.03 2.03   0.00   2.47   0.00   0.29   2390.73 372.61 206.79 183.30 -0.98  -0.17  -0.00  0.01   -0.08  1.00   0.00   2.95   0.01   0.75   0.70   0.84   0.67   1.39   0.02   0.15   0.13   3.00   0.00   -999.25 -2.26  303.84 0.00   13.85  11.00  0.35   0.16   
1834078.47 402069.49 -6302.60 "15/11/2015" 76.00  1834078.47 402069.49 -6302.60 2.58   0.00   2.74   0.00   1.47   2387.68 102.21 70.39  47.05  -0.94  -0.33  0.00   0.32   -0.92  -0.23  0.77   3.40   0.05   0.80   0.92   0.90   0.86   2.67   0.06   0.37   0.17   3.00   0.00   -999.25 -2.00  742.24 0.00   22.16  11.00  0.21   0.55   
1833916.44 402044.79 -6356.94 "15/11/2015" 77.00  1833916.44 402044.79 -6356.94 2.01   0.00   2.27   0.00   1.08   2376.12 213.15 118.08 83.36  -0.96  -0.27  -0.00  -0.20  0.70   0.68   0.87   2.98   0.01   0.66   0.68   0.80   0.64   1.70   0.03   0.19   0.15   3.00   0.00   -999.25 -2.17  408.00 0.00   21.36  11.00  0.13   0.75   
1833813.71 401898.92 -6416.48 "15/11/2015" 78.00  1833813.71 401898.92 -6416.48 2.08   0.00   2.32   0.00   1.16   2504.10 328.01 76.03  63.55  -0.98  -0.22  -0.00  0.02   -0.11  0.99   0.84   3.17   0.02   0.73   0.89   0.87   0.80   1.85   0.03   0.25   0.12   3.00   0.00   -999.25 -2.25  308.26 0.00   16.66  11.00  0.20   0.53   
1834037.85 402084.96 -6284.76 "15/11/2015" 79.00  1834037.85 402084.96 -6284.76 2.45   0.00   2.90   0.00   2.67   2356.04 172.54 76.02  57.51  -0.94  -0.33  -0.00  0.33   -0.94  -0.11  0.87   3.48   0.05   0.73   0.92   0.92   0.88   3.02   0.07   0.47   0.13   3.00   0.00   -999.25 -2.04  632.43 0.00   18.46  11.00  0.31   0.76   
1833675.08 401896.63 -6405.04 "15/11/2015" 80.00  1833675.08 401896.63 -6405.04 3.16   0.00   3.58   0.00   0.81   2477.71 211.29 75.62  63.35  -0.99  -0.16  -0.00  0.02   -0.12  0.99   0.64   3.37   0.05   0.88   0.91   0.88   0.83   2.71   0.07   0.35   0.20   3.00   0.00   -999.25 -2.05  614.74 0.00   21.72  11.00  0.18   0.36   
1833218.81 402212.67 -6234.55 "15/11/2015" 82.00  1833218.81 402212.67 -6234.55 1.77   0.00   2.11   0.00   0.36   2098.71 124.62 117.53 101.70 1.00   -0.02  -0.01  0.00   -0.26  0.96   0.36   2.85   0.01   0.71   0.68   0.76   0.57   1.60   0.03   0.14   0.18   3.00   0.00   -999.25 -1.97  819.99 0.00   34.99  10.00  0.06   0.32   
1833499.18 402615.29 -6276.51 "15/11/2015" 83.00  1833499.18 402615.29 -6276.51 2.54   3.00   2.44   0.00   1.00   1736.14 113.68 37.31  17.74  0.99   0.13   0.00   -0.13  0.99   0.09   0.94   2.76   0.02   0.86   0.85   0.80   0.74   2.16   0.05   0.20   0.23   3.00   0.00   -999.25 -2.21  350.99 0.00   17.89  11.00  0.19   0.47   
1833420.09 402002.48 -6305.87 "15/11/2015" 84.00  1833420.09 402002.48 -6305.87 2.65   0.00   2.87   0.00   0.95   2322.62 141.86 65.37  44.76  -1.00  -0.06  0.00   0.05   -0.96  -0.27  0.95   3.20   0.03   0.87   0.86   0.80   0.75   2.24   0.05   0.29   0.16   3.00   0.00   -999.25 -2.24  323.38 0.00   14.43  11.00  0.33   0.28   
1833510.63 401901.82 -6244.96 "15/11/2015" 87.00  1833510.63 401901.82 -6244.96 1.71   0.00   2.02   0.00   0.76   2412.53 431.19 97.51  82.41  -1.00  -0.10  0.00   0.07   -0.70  0.71   0.42   2.81   0.01   0.61   0.59   0.84   0.54   1.41   0.02   0.15   0.13   3.00   0.00   -999.25 -1.87  1138.48 0.00   33.72  11.00  0.09   0.50   
1833775.70 402042.36 -6368.16 "15/11/2015" 89.00  1833775.70 402042.36 -6368.16 1.85   0.00   2.02   0.00   0.89   2348.23 359.59 81.91  57.66  -0.98  -0.22  0.00   -0.14  0.63   0.76   0.59   3.05   0.02   0.71   0.74   0.85   0.70   1.74   0.03   0.19   0.16   3.00   0.00   -999.25 -2.26  303.68 0.00   19.53  9.00   0.12   0.52   
1833497.99 402176.46 -6361.90 "15/11/2015" 92.00  1833497.99 402176.46 -6361.90 4.22   0.00   4.51   0.00   0.62   2177.12 201.23 79.21  56.50  -0.99  -0.10  0.00   -0.07  0.69   0.72   0.53   3.59   0.12   0.80   0.89   0.91   0.86   3.69   0.15   0.42   0.31   3.00   0.00   -999.25 -2.02  676.17 0.00   18.81  11.00  0.31   0.87   
1833429.75 402170.14 -6258.22 "15/11/2015" 94.00  1833429.75 402170.14 -6258.22 2.98   0.00   3.18   0.00   0.63   2149.27 316.59 97.99  81.31  -1.00  -0.07  0.00   0.05   -0.67  0.74   0.72   3.24   0.04   0.85   0.85   0.90   0.81   2.31   0.05   0.27   0.20   3.00   0.00   -999.25 -2.01  714.07 0.00   18.61  11.00  0.34   0.47   
1833477.59 402327.58 -6306.39 "15/11/2015" 95.00  1833477.59 402327.58 -6306.39 2.13   0.00   2.34   0.00   0.81   2015.13 353.15 75.91  48.56  -1.00  -0.10  0.00   0.10   -0.97  -0.21  0.26   3.10   0.03   0.80   0.73   0.82   0.71   1.95   0.04   0.20   0.19   3.00   0.00   -999.25 -2.23  328.81 0.00   16.44  10.00  0.22   0.80   
1833243.21 402017.61 -6165.29 "15/11/2015" 96.00  1833243.21 402017.61 -6165.29 2.28   0.00   2.73   0.00   0.56   2272.91 105.25 94.28  87.50  -1.00  0.01   -0.01  -0.01  -0.99  0.13   0.54   2.78   0.01   0.64   0.57   0.80   0.53   1.77   0.03   0.20   0.16   3.00   0.00   -999.25 -1.87  1157.51 0.00   33.97  11.00  0.09   0.26   
1833980.37 402349.10 -6351.49 "15/11/2015" 97.00  1833980.37 402349.10 -6351.49 2.31   3.00   2.20   0.00   1.43   2115.78 207.24 32.19  23.59  0.94   0.34   -0.00  -0.31  0.84   0.45   0.51   3.01   0.02   0.79   0.73   0.75   0.63   1.96   0.04   0.25   0.14   3.00   0.00   -999.25 -2.21  357.52 0.00   21.75  11.00  0.11   0.64   
1834015.57 402108.70 -6351.89 "15/11/2015" 99.00  1834015.57 402108.70 -6351.89 1.88   0.00   2.19   0.00   0.62   2344.48 209.33 81.24  57.74  -0.95  -0.32  -0.00  -0.22  0.66   0.72   0.78   3.06   0.02   0.78   0.75   0.86   0.69   1.88   0.04   0.19   0.19   3.00   0.00   -999.25 -2.39  193.36 0.00   11.11  11.00  0.43   0.30   
1833017.74 401877.65 -6366.43 "15/11/2015" 100.00 1833017.74 401877.65 -6366.43 5.80   0.00   6.17   0.00   0.77   2470.05 121.41 81.79  56.37  -0.99  0.11   0.00   0.07   0.62   0.78   0.83   3.76   0.15   0.87   0.95   0.87   0.85   5.03   0.18   0.60   0.31   3.00   0.00   -999.25 -2.16  428.87 0.00   11.77  11.00  0.80   0.20   
1832449.27 402345.68 -6098.63 "15/11/2015" 101.00 1832449.27 402345.68 -6098.63 4.24   0.00   4.54   0.00   0.51   2111.71 86.83  69.08  48.40  -0.92  0.40   0.00   -0.40  -0.92  -0.02  0.13   3.49   0.08   0.84   0.93   0.94   0.90   2.94   0.09   0.29   0.30   3.00   0.00   -999.25 -1.81  1408.30 0.00   30.62  11.00  0.15   0.15   
1833316.89 402271.37 -6184.15 "15/11/2015" 102.00 1833316.89 402271.37 -6184.15 1.85   0.00   2.11   0.00   0.98   2028.73 199.79 122.69 99.80  -1.00  -0.01  0.00   0.01   -0.95  0.32   0.41   3.02   0.02   0.83   0.74   0.80   0.70   1.70   0.03   0.18   0.16   3.00   0.00   -999.25 -1.93  944.50 0.00   29.93  11.00  0.11   0.66   
1834152.45 402167.82 -6425.87 "15/11/2015" 103.00 1834152.45 402167.82 -6425.87 2.23   3.00   2.50   0.00   1.17   2358.90 210.30 32.71  28.17  0.92   0.38   -0.00  -0.24  0.59   0.77   0.88   3.13   0.03   0.74   0.81   0.83   0.72   2.04   0.04   0.26   0.14   3.00   0.00   -999.25 -2.24  326.88 0.00   16.22  11.00  0.23   0.45   
1833429.30 402552.74 -6248.51 "15/11/2015" 104.00 1833429.30 402552.74 -6248.51 1.96   0.00   2.18   0.00   0.94   1779.61 221.34 120.85 105.72 -1.00  -0.09  0.00   0.08   -0.92  0.38   0.81   3.19   0.02   0.72   0.91   0.91   0.88   1.60   0.03   0.16   0.16   3.00   0.00   -999.25 -1.96  857.73 0.00   23.87  11.00  0.19   0.78   
1833734.83 402232.74 -6370.49 "15/11/2015" 105.00 1833734.83 402232.74 -6370.49 2.98   0.00   3.21   0.00   0.90   2162.51 286.90 77.52  55.79  -0.98  -0.22  -0.00  -0.15  0.68   0.72   0.61   3.32   0.06   0.85   0.88   0.82   0.77   2.75   0.08   0.29   0.26   3.00   0.00   -999.25 -2.15  436.97 0.00   21.83  11.00  0.13   0.81   
1833394.15 402233.89 -6336.58 "15/11/2015" 106.00 1833394.15 402233.89 -6336.58 1.80   0.00   2.17   0.00   0.69   2107.33 436.03 78.28  56.51  -1.00  -0.05  0.00   -0.04  0.73   0.69   0.45   2.95   0.02   0.83   0.72   0.71   0.59   1.80   0.03   0.18   0.18   3.00   0.00   -999.25 -2.15  440.89 0.00   21.84  11.00  0.13   0.75   
1833460.53 402513.06 -6265.19 "15/11/2015" 107.00 1833460.53 402513.06 -6265.19 2.20   0.00   2.02   0.00   0.83   1825.01 221.82 168.51 87.54  -1.00  -0.09  -0.00  0.09   -0.96  -0.25  0.48   3.02   0.01   0.71   0.80   0.80   0.71   1.58   0.02   0.14   0.17   3.00   0.00   -999.25 -1.83  1316.34 0.00   37.05  11.00  0.08   0.72   
1833564.80 402097.66 -6341.41 "15/11/2015" 108.00 1833564.80 402097.66 -6341.41 2.14   0.00   2.36   0.00   0.91   2253.58 207.49 85.49  60.90  -0.99  -0.13  0.00   -0.09  0.70   0.71   0.91   3.11   0.03   0.81   0.82   0.81   0.72   2.10   0.04   0.25   0.17   3.00   0.00   -999.25 -2.17  412.63 0.00   17.94  11.00  0.22   0.91   
1833832.98 402167.38 -6346.16 "15/11/2015" 109.00 1833832.98 402167.38 -6346.16 1.72   0.00   2.19   0.00   1.38   2238.28 417.10 77.60  55.34  -0.97  -0.26  0.00   -0.18  0.68   0.71   0.32   3.17   0.03   0.77   0.86   0.87   0.78   2.02   0.04   0.28   0.12   3.00   0.00   -999.25 -2.38  199.02 0.00   14.39  10.00  0.20   0.43   
1833201.53 401842.87 -6208.07 "15/11/2015" 110.00 1833201.53 401842.87 -6208.07 2.50   0.00   2.63   0.00   0.58   2453.77 262.65 81.08  52.86  -1.00  0.04   0.00   -0.04  -0.99  0.15   0.81   3.22   0.03   0.78   0.86   0.90   0.82   2.08   0.04   0.22   0.19   3.00   0.00   -999.25 -2.15  438.17 0.00   15.16  10.00  0.38   0.20   
1833568.51 402361.97 -6222.58 "15/11/2015" 111.00 1833568.51 402361.97 -6222.58 2.04   0.00   2.79   0.00   0.77   1970.03 345.52 70.10  65.44  -0.99  -0.15  0.00   0.04   -0.26  0.97   0.85   2.83   0.02   0.64   0.51   0.76   0.48   1.84   0.04   0.20   0.17   3.00   0.00   -999.25 -1.67  2329.11 0.01   54.65  11.00  0.04   0.31   
1833383.72 402541.07 -6134.84 "15/11/2015" 112.00 1833383.72 402541.07 -6134.84 2.48   0.00   3.75   0.00   0.15   1757.34 310.87 146.05 111.41 -1.00  -0.05  0.00   0.05   -0.95  0.31   0.89   2.52   0.01   0.80   0.70   0.59   0.44   1.49   0.02   0.15   0.15   3.00   0.00   -999.25 -1.75  1756.90 0.00   37.30  11.00  0.10   0.14   
1833683.86 402244.56 -6280.53 "15/11/2015" 114.00 1833683.86 402244.56 -6280.53 5.73   3.00   7.03   0.00   0.17   2091.49 159.60 29.62  21.93  0.98   0.19   0.00   -0.19  0.97   0.14   0.53   3.47   0.11   0.84   0.82   0.87   0.76   4.87   0.14   0.31   0.40   3.00   0.00   -999.25 -2.06  606.59 0.00   15.65  11.00  0.48   0.11   
1833396.82 402405.80 -6249.45 "15/11/2015" 115.00 1833396.82 402405.80 -6249.45 2.85   0.00   3.14   0.00   1.26   1918.09 459.99 66.68  58.72  -1.00  -0.06  -0.00  0.05   -0.87  0.48   0.30   3.09   0.03   0.73   0.73   0.75   0.62   2.42   0.06   0.28   0.21   3.00   0.00   -999.25 -1.91  1021.06 0.00   22.39  11.00  0.28   0.61   
1833903.93 401904.25 -6306.16 "15/11/2015" 116.00 1833903.93 401904.25 -6306.16 1.76   0.00   2.04   0.00   1.01   2491.28 224.03 73.82  47.68  -0.97  -0.25  0.00   0.24   -0.95  -0.22  0.72   2.98   0.02   0.78   0.71   0.81   0.65   1.62   0.03   0.19   0.14   3.00   0.00   -999.25 -1.72  1952.20 0.01   54.49  11.00  0.04   0.41   
1833825.85 402225.88 -6158.30 "15/11/2015" 117.00 1833825.85 402225.88 -6158.30 5.21   0.00   5.43   0.00   0.90   2135.82 64.22  63.07  50.96  -0.99  -0.12  -0.00  0.12   -0.99  0.05   0.78   3.66   0.14   0.93   0.96   0.90   0.88   4.09   0.17   0.52   0.30   3.00   0.00   -999.25 -1.86  1182.50 0.00   22.56  11.00  0.31   0.20   
1833776.04 402270.44 -6193.78 "15/11/2015" 118.00 1833776.04 402270.44 -6193.78 2.17   0.00   2.59   0.00   0.71   2089.31 373.95 64.33  46.05  -0.97  -0.24  -0.00  0.23   -0.95  0.20   0.17   2.91   0.02   0.71   0.72   0.90   0.70   1.73   0.03   0.19   0.16   3.00   0.00   -999.25 -2.20  367.32 0.00   13.94  10.00  0.41   0.31   
1834055.85 401845.07 -6176.56 "15/11/2015" 119.00 1834055.85 401845.07 -6176.56 2.00   0.00   2.17   0.00   1.06   2561.53 471.20 68.92  41.21  -0.95  -0.30  0.00   0.30   -0.95  0.03   0.66   3.07   0.02   0.89   0.79   0.80   0.73   1.76   0.03   0.22   0.14   3.00   0.00   -999.25 -2.00  732.06 0.00   19.67  11.00  0.29   0.40   
1833840.52 401858.27 -6465.49 "15/11/2015" 120.00 1833840.52 401858.27 -6465.49 1.77   0.00   2.11   0.00   0.74   2561.78 334.55 74.43  22.62  -0.97  -0.23  -0.00  0.22   -0.97  -0.13  0.85   2.75   0.01   0.71   0.69   0.80   0.61   1.59   0.03   0.18   0.14   3.00   0.00   -999.25 -2.17  405.24 0.00   15.31  10.00  0.34   0.34   
1833795.81 402271.62 -6166.20 "15/11/2015" 121.00 1833795.81 402271.62 -6166.20 2.84   0.00   3.23   0.00   0.26   2086.79 465.09 63.30  52.21  -0.97  -0.25  -0.00  0.25   -0.96  0.09   0.80   3.08   0.03   0.83   0.79   0.88   0.74   2.11   0.04   0.22   0.20   3.00   0.00   -999.25 -1.98  787.76 0.00   21.05  11.00  0.26   0.15   
1833182.73 402024.06 -6128.63 "15/11/2015" 123.00 1833182.73 402024.06 -6128.63 2.25   0.00   2.69   0.00   0.75   2261.67 152.63 64.58  32.10  -1.00  0.05   -0.00  -0.05  -0.99  0.12   0.82   2.99   0.03   0.75   0.82   0.81   0.73   2.11   0.05   0.25   0.18   3.00   0.00   -999.25 -2.10  524.37 0.00   13.48  11.00  0.65   0.40   
1833375.44 401979.91 -6114.74 "15/11/2015" 124.00 1833375.44 401979.91 -6114.74 1.79   0.00   2.25   0.00   0.71   2301.81 464.83 65.83  44.89  -1.00  -0.03  -0.00  0.03   -1.00  -0.02  0.86   2.94   0.02   0.64   0.64   0.82   0.57   1.86   0.04   0.23   0.14   3.00   0.00   -999.25 -1.49  4257.98 0.01   56.75  11.00  0.07   0.32   
1833640.30 402197.65 -6326.50 "15/11/2015" 125.00 1833640.30 402197.65 -6326.50 1.79   0.00   2.09   0.00   1.43   2165.20 321.19 65.77  44.75  -0.99  -0.17  -0.00  0.17   -0.95  -0.26  0.13   2.95   0.02   0.66   0.67   0.80   0.59   1.81   0.03   0.22   0.14   3.00   0.00   -999.25 -2.10  522.10 0.00   25.10  11.00  0.10   0.83   
1833626.57 402188.82 -6277.81 "15/11/2015" 126.00 1833626.57 402188.82 -6277.81 2.57   0.00   3.06   0.00   0.91   2158.24 209.46 63.14  46.97  -0.99  -0.16  -0.00  0.16   -0.98  -0.13  0.08   3.22   0.06   0.94   0.82   0.75   0.70   2.61   0.07   0.33   0.19   3.00   0.00   -999.25 -2.16  428.77 0.00   17.93  11.00  0.23   0.43   
1833525.36 402099.75 -6356.93 "15/11/2015" 128.00 1833525.36 402099.75 -6356.93 3.42   0.00   4.15   0.00   1.37   2251.44 84.14  63.74  59.97  0.07   -0.70  -0.71  0.99   0.12   -0.02  0.65   3.49   0.08   0.79   0.89   0.88   0.82   4.62   0.10   0.46   0.21   3.00   0.00   -999.25 -2.25  313.98 0.00   13.59  11.00  0.38   0.35   
1833804.30 401831.81 -6450.20 "15/11/2015" 130.00 1833804.30 401831.81 -6450.20 2.29   0.00   2.61   0.00   1.27   2574.58 207.02 85.82  65.85  -0.98  -0.21  -0.00  -0.14  0.68   0.72   0.25   3.28   0.03   0.79   0.91   0.88   0.85   2.18   0.04   0.31   0.13   3.00   0.00   -999.25 -2.11  500.75 0.00   17.44  11.00  0.29   0.48   
1833490.00 401991.09 -6421.47 "15/11/2015" 131.00 1833490.00 401991.09 -6421.47 2.06   0.00   2.73   0.00   0.47   2370.29 444.84 78.80  63.83  -1.00  -0.09  0.00   -0.06  0.64   0.76   0.42   3.07   0.02   0.73   0.70   0.90   0.68   1.93   0.04   0.18   0.21   3.00   0.00   -999.25 -2.27  288.88 0.00   18.88  11.00  0.13   0.21   
1833309.55 401903.85 -6233.20 "15/11/2015" 132.00 1833309.55 401903.85 -6233.20 2.24   0.00   2.40   0.00   0.70   2397.86 183.55 117.21 99.61  -1.00  -0.00  -0.00  -0.00  -0.38  0.93   0.93   3.16   0.02   0.84   0.90   0.88   0.83   1.89   0.04   0.20   0.18   3.00   0.00   -999.25 -2.11  514.04 0.00   15.22  11.00  0.44   0.47   
1833854.18 402244.39 -6172.17 "15/11/2015" 134.00 1833854.18 402244.39 -6172.17 5.95   0.00   6.63   0.00   0.37   2128.60 122.54 63.31  51.18  -0.96  -0.28  -0.00  0.28   -0.96  0.08   0.19   3.68   0.18   0.86   0.88   0.90   0.83   4.66   0.22   0.46   0.42   3.00   0.00   -999.25 -1.71  2004.05 0.01   32.09  11.00  0.18   0.17   
1833579.11 402166.55 -6218.61 "15/11/2015" 135.00 1833579.11 402166.55 -6218.61 6.99   0.00   7.63   0.00   0.52   2158.12 117.15 69.28  62.47  -0.99  -0.14  0.00   0.03   -0.23  0.97   0.76   3.76   0.18   0.94   0.92   0.90   0.87   4.55   0.20   0.55   0.35   3.00   0.00   -999.25 -1.57  3254.52 0.01   43.94  11.00  0.12   0.25   
1833151.19 401981.71 -6305.41 "15/11/2015" 137.00 1833151.19 401981.71 -6305.41 2.56   0.00   2.82   0.00   0.72   2342.91 221.03 82.73  56.36  -1.00  0.06   0.00   -0.06  -0.96  -0.28  0.34   3.21   0.04   0.86   0.85   0.83   0.75   2.30   0.05   0.24   0.22   3.00   0.00   -999.25 -2.09  542.17 0.00   18.27  11.00  0.27   0.50   
1833438.22 402179.25 -6445.35 "15/11/2015" 139.00 1833438.22 402179.25 -6445.35 2.43   0.00   2.65   0.00   1.01   2195.74 87.80  72.16  68.83  0.06   -0.79  -0.61  1.00   0.05   0.03   0.10   3.36   0.04   0.91   0.96   0.93   0.91   2.24   0.05   0.26   0.19   3.00   0.00   -999.25 -2.04  633.08 0.00   14.78  11.00  0.60   0.60   
1833220.75 402259.56 -6260.53 "15/11/2015" 141.00 1833220.75 402259.56 -6260.53 4.01   0.00   4.85   0.00   0.30   2059.94 321.93 67.18  58.27  -1.00  0.03   0.00   0.02   0.77   -0.64  0.38   3.37   0.06   0.87   0.85   0.85   0.78   3.19   0.09   0.22   0.39   3.00   0.00   -999.25 -2.10  524.36 0.00   18.94  11.00  0.23   0.15   
1833582.44 402046.09 -6313.74 "15/11/2015" 142.00 1833582.44 402046.09 -6313.74 2.15   0.00   2.52   0.00   0.61   2297.63 343.87 65.37  44.78  -0.99  -0.13  -0.00  0.12   -0.96  -0.27  0.33   3.00   0.02   0.73   0.73   0.81   0.65   1.72   0.03   0.17   0.17   3.00   0.00   -999.25 -2.05  619.46 0.00   21.08  10.00  0.20   0.43   
1834109.57 402258.18 -6110.61 "15/11/2015" 143.00 1834109.57 402258.18 -6110.61 2.03   0.00   2.32   0.00   1.05   2185.84 255.63 79.27  57.82  -0.92  -0.38  0.00   0.38   -0.92  -0.01  0.73   3.02   0.02   0.75   0.76   0.82   0.67   1.73   0.03   0.17   0.17   3.00   0.00   -999.25 -1.83  1342.11 0.00   37.50  11.00  0.08   0.43   
1833658.70 402236.07 -6327.06 "15/11/2015" 145.00 1833658.70 402236.07 -6327.06 2.92   0.00   3.23   0.00   0.83   2132.17 182.77 65.78  44.72  -0.98  -0.18  -0.00  0.17   -0.95  -0.25  0.92   3.37   0.06   0.73   0.88   0.89   0.83   2.70   0.08   0.30   0.24   3.00   0.00   -999.25 -1.93  956.25 0.00   25.30  11.00  0.18   0.86   
1833333.24 402092.73 -6325.67 "15/11/2015" 146.00 1833333.24 402092.73 -6325.67 2.03   0.00   2.37   0.00   1.15   2237.45 217.53 76.68  51.79  -1.00  -0.02  -0.00  0.02   -0.97  -0.24  0.66   3.05   0.03   0.69   0.71   0.79   0.63   2.12   0.04   0.25   0.17   3.00   0.00   -999.25 -2.11  502.85 0.00   23.80  11.00  0.11   0.43   
1833676.02 402257.73 -6230.48 "15/11/2015" 147.00 1833676.02 402257.73 -6230.48 2.56   0.00   2.98   0.00   0.73   2089.10 266.97 67.80  62.81  -0.98  -0.19  -0.00  0.04   -0.23  0.97   0.81   3.23   0.04   0.77   0.81   0.89   0.77   2.44   0.06   0.29   0.20   3.00   0.00   -999.25 -2.24  319.75 0.00   13.36  11.00  0.41   0.38   
1833269.50 402213.82 -6083.48 "15/11/2015" 149.00 1833269.50 402213.82 -6083.48 2.70   0.00   3.20   0.00   0.54   2064.50 160.63 73.91  30.22  -1.00  0.01   0.00   -0.01  -1.00  0.03   0.22   3.17   0.04   0.77   0.89   0.93   0.86   2.44   0.06   0.22   0.26   3.00   0.00   -999.25 -1.53  3787.66 0.01   53.25  11.00  0.08   0.23   
1833814.37 402381.80 -6026.16 "15/11/2015" 150.00 1833814.37 402381.80 -6026.16 4.54   0.00   5.18   0.00   1.62   1960.89 90.99  74.53  35.39  -0.96  -0.28  -0.00  0.28   -0.94  -0.20  0.63   3.72   0.14   0.91   0.89   0.87   0.81   5.42   0.17   0.68   0.23   3.00   0.00   -999.25 -1.73  1875.24 0.01   30.64  11.00  0.20   0.33   
1833453.95 402139.49 -6313.78 "15/11/2015" 151.00 1833453.95 402139.49 -6313.78 1.84   0.00   2.05   0.00   1.37   2195.00 229.04 71.95  48.75  -1.00  -0.08  0.00   0.08   -0.96  -0.28  0.09   3.00   0.02   0.77   0.75   0.81   0.68   1.62   0.03   0.18   0.14   3.00   0.00   -999.25 -2.35  218.17 0.00   12.25  10.00  0.36   0.63   
1833361.40 402370.94 -6063.74 "15/11/2015" 152.00 1833361.40 402370.94 -6063.74 1.69   0.00   2.17   0.00   0.58   1907.68 239.80 78.19  23.39  -1.00  -0.05  -0.00  0.05   -1.00  -0.02  0.27   2.63   0.01   0.72   0.71   0.73   0.56   1.43   0.02   0.13   0.16   3.00   0.00   -999.25 -2.29  274.50 0.00   12.97  7.00   0.38   0.41   
1833950.41 402079.32 -6412.76 "15/11/2015" 153.00 1833950.41 402079.32 -6412.76 2.29   0.00   2.62   0.00   0.80   2369.26 418.47 73.50  63.63  -0.96  -0.29  -0.00  0.04   -0.14  0.99   0.31   3.09   0.03   0.77   0.77   0.78   0.67   2.12   0.05   0.23   0.20   3.00   0.00   -999.25 -2.28  283.83 0.00   14.74  11.00  0.27   0.43   
1833459.10 402083.94 -6195.52 "15/11/2015" 154.00 1833459.10 402083.94 -6195.52 2.06   0.00   2.34   0.00   0.53   2220.34 280.14 66.03  42.96  -1.00  -0.08  -0.00  0.08   -0.98  0.15   0.32   2.96   0.02   0.85   0.86   0.83   0.73   1.93   0.04   0.20   0.18   3.00   0.00   -999.25 -1.93  950.20 0.00   22.36  11.00  0.26   0.55   
1833891.62 402171.55 -6273.14 "15/11/2015" 155.00 1833891.62 402171.55 -6273.14 1.77   0.00   2.21   0.00   0.50   2230.13 168.18 83.85  63.32  -0.96  -0.28  0.00   0.27   -0.96  -0.11  0.30   2.95   0.02   0.75   0.69   0.78   0.60   1.74   0.03   0.17   0.18   3.00   0.00   -999.25 -2.18  400.10 0.00   15.57  11.00  0.32   0.28   
1833764.55 402167.79 -6275.71 "15/11/2015" 156.00 1833764.55 402167.79 -6275.71 2.85   0.00   3.32   0.00   0.45   2203.37 327.79 63.28  47.13  -0.97  -0.23  0.00   0.22   -0.97  -0.13  0.30   3.20   0.04   0.84   0.81   0.86   0.75   2.25   0.06   0.24   0.21   3.00   0.00   -999.25 -2.06  595.07 0.00   21.98  11.00  0.17   0.18   
1833544.95 401804.52 -6480.67 "15/11/2015" 157.00 1833544.95 401804.52 -6480.67 2.00   0.00   2.12   0.00   0.64   2570.27 428.59 129.88 29.85  -0.99  -0.10  -0.00  0.10   -0.98  -0.14  0.29   2.99   0.02   0.80   0.71   0.80   0.65   1.70   0.03   0.19   0.15   3.00   0.00   -999.25 -1.93  937.59 0.00   17.53  11.00  0.53   0.45   
1833842.84 402323.40 -6121.64 "15/11/2015" 158.00 1833842.84 402323.40 -6121.64 9.33   0.00   9.05   0.00   0.21   2040.81 118.88 67.36  40.81  -0.96  -0.28  -0.00  0.27   -0.94  0.18   0.99   3.76   0.16   0.96   0.96   0.91   0.89   5.66   0.18   0.41   0.45   3.00   0.00   -999.25 -1.64  2581.21 0.01   27.15  11.00  0.39   0.09   
1833799.97 402254.10 -6215.85 "15/11/2015" 159.00 1833799.97 402254.10 -6215.85 2.03   0.00   2.41   0.00   0.90   2115.51 368.06 73.08  72.25  -0.97  -0.24  0.00   -0.10  0.41   0.90   0.88   3.07   0.03   0.76   0.67   0.91   0.66   2.10   0.05   0.23   0.19   3.00   0.00   -999.25 -2.23  330.78 0.00   15.64  11.00  0.26   0.34   
1834024.42 402340.40 -6141.16 "15/11/2015" 160.00 1834024.42 402340.40 -6141.16 1.76   0.00   2.16   0.00   0.58   2085.71 208.79 64.79  36.50  -0.93  -0.36  0.00   0.36   -0.92  0.14   0.91   2.74   0.02   0.69   0.59   0.75   0.52   1.71   0.03   0.16   0.18   3.00   0.00   -999.25 -1.92  982.69 0.00   39.34  11.00  0.05   0.43   
1833878.19 401869.29 -6191.78 "15/11/2015" 161.00 1833878.19 401869.29 -6191.78 2.11   0.00   2.29   0.00   1.15   2493.77 501.65 81.07  37.49  -0.97  -0.24  -0.00  0.24   -0.97  0.07   0.20   3.03   0.02   0.82   0.87   0.86   0.77   2.01   0.04   0.26   0.15   3.00   0.00   -999.25 -2.08  567.09 0.00   17.22  11.00  0.34   0.38   
1833669.55 402106.93 -6286.91 "15/11/2015" 162.00 1833669.55 402106.93 -6286.91 2.80   0.00   3.02   0.00   1.53   2245.59 200.91 63.25  47.27  -0.98  -0.18  -0.00  0.17   -0.98  -0.13  0.75   3.33   0.04   0.83   0.92   0.90   0.86   2.32   0.05   0.28   0.18   3.00   0.00   -999.25 -2.18  395.11 0.00   16.38  11.00  0.27   0.61   
1833827.71 402270.68 -6115.26 "15/11/2015" 163.00 1833827.71 402270.68 -6115.26 5.16   0.00   5.53   0.00   0.78   2085.36 147.60 65.84  43.98  -0.97  -0.26  -0.00  0.26   -0.97  -0.04  0.93   3.64   0.13   0.87   0.88   0.85   0.80   4.38   0.16   0.52   0.32   3.00   0.00   -999.25 -1.73  1893.06 0.00   32.56  11.00  0.17   0.31   
1833874.41 402253.88 -6269.71 "15/11/2015" 164.00 1833874.41 402253.88 -6269.71 1.83   0.00   2.13   0.00   0.45   2148.13 272.78 68.64  58.22  -0.96  -0.28  -0.00  -0.20  0.69   -0.69  0.43   3.06   0.02   0.88   0.82   0.77   0.69   1.84   0.03   0.17   0.20   3.00   0.00   -999.25 -1.79  1543.30 0.01   42.69  10.00  0.06   0.24   
1833868.34 402308.20 -6093.80 "15/11/2015" 165.00 1833868.34 402308.20 -6093.80 14.95  0.00   14.61  0.00   0.54   2056.88 63.70  60.06  41.02  -0.30  0.95   0.05   -0.95  -0.30  -0.00  0.79   4.12   0.31   0.96   0.97   0.90   0.89   13.32  0.35   0.78   0.44   3.00   0.00   -999.25 -1.63  2685.65 0.01   21.27  11.00  0.85   0.10   
1833647.67 402047.06 -5946.70 "15/11/2015" 168.00 1833647.67 402047.06 -5946.70 1.67   0.00   2.07   0.00   1.33   2239.37 421.34 83.70  30.51  -0.99  -0.16  -0.00  0.16   -0.98  -0.11  0.99   2.87   0.02   0.71   0.67   0.78   0.55   1.70   0.03   0.20   0.14   3.00   0.00   -999.25 -2.24  318.83 0.00   16.08  11.00  0.23   0.46   
1833494.22 402201.94 -6152.82 "15/11/2015" 167.00 1833494.22 402201.94 -6152.82 1.73   0.00   2.21   0.00   0.46   2099.51 275.90 65.47  56.72  -0.99  -0.10  -0.00  0.10   -0.99  0.10   0.64   2.82   0.01   0.75   0.63   0.72   0.50   1.58   0.03   0.13   0.19   3.00   0.00   -999.25 -2.06  610.78 0.00   19.07  11.00  0.27   0.27   
1833772.22 402283.64 -6178.38 "15/11/2015" 166.00 1833772.22 402283.64 -6178.38 3.92   0.00   4.35   0.00   0.50   2072.46 287.21 63.41  52.66  -0.97  -0.24  0.00   0.24   -0.97  0.07   0.01   3.34   0.06   0.82   0.83   0.86   0.77   2.85   0.09   0.29   0.28   3.00   0.00   -999.25 -2.07  578.74 0.00   20.02  11.00  0.22   0.23   
1834347.58 402512.20 -6349.58 "15/11/2015" 169.00 1834347.58 402512.20 -6349.58 4.45   0.00   4.78   0.00   1.40   2127.17 96.10  76.37  55.22  -0.85  -0.52  -0.00  -0.37  0.61   0.70   0.68   3.74   0.12   0.87   0.96   0.93   0.92   4.19   0.16   0.55   0.29   3.00   0.00   -999.25 -1.93  925.19 0.00   31.27  11.00  0.09   0.44   
1834199.84 402036.02 -6053.43 "15/11/2015" 171.00 1834199.84 402036.02 -6053.43 2.14   0.00   2.70   0.00   0.56   2413.50 283.31 64.91  43.14  -0.92  -0.38  0.00   0.38   -0.91  -0.16  0.19   3.13   0.04   0.80   0.81   0.79   0.69   2.26   0.05   0.25   0.19   3.00   0.00   -999.25 -2.09  537.70 0.00   15.78  11.00  0.42   0.18   
1833996.68 402375.20 -6264.04 "15/11/2015" 173.00 1833996.68 402375.20 -6264.04 2.26   3.00   2.71   0.00   0.44   2073.13 204.36 29.82  22.56  0.94   0.35   -0.00  -0.35  0.91   0.21   0.82   3.06   0.03   0.81   0.78   0.81   0.67   2.04   0.05   0.18   0.23   3.00   0.00   -999.25 -2.34  229.23 0.00   13.03  11.00  0.31   0.25   
1833794.17 402330.68 -6147.39 "15/11/2015" 174.00 1833794.17 402330.68 -6147.39 2.77   0.00   3.67   0.00   0.17   2026.54 490.43 68.00  41.74  -0.97  -0.26  0.00   0.25   -0.95  0.20   0.79   3.14   0.03   0.77   0.75   0.76   0.64   2.47   0.06   0.18   0.31   3.00   0.00   -999.25 -1.62  2730.13 0.01   39.31  10.00  0.14   0.19   
1833692.77 402286.56 -6187.89 "15/11/2015" 175.00 1833692.77 402286.56 -6187.89 4.87   0.00   5.42   0.00   0.33   2054.74 280.78 64.33  46.91  -0.98  -0.20  -0.00  0.20   -0.96  0.20   0.45   3.42   0.08   0.85   0.87   0.91   0.83   3.27   0.11   0.28   0.37   3.00   0.00   -999.25 -1.88  1105.76 0.00   26.90  11.00  0.17   0.16   
1833396.38 402095.64 -6357.62 "15/11/2015" 177.00 1833396.38 402095.64 -6357.62 2.04   0.00   2.33   0.00   0.74   2245.69 193.36 137.55 95.50  -0.03  0.72   0.70   0.03   -0.70  0.72   0.61   3.00   0.02   0.79   0.80   0.84   0.71   1.47   0.02   0.16   0.13   3.00   0.00   -999.25 -1.74  1808.67 0.01   52.12  10.00  0.04   0.30   
1833527.97 402091.23 -6188.77 "15/11/2015" 178.00 1833527.97 402091.23 -6188.77 2.22   0.00   2.51   0.00   1.25   2218.16 147.60 83.82  63.40  -0.99  -0.11  -0.00  0.11   -0.96  0.25   0.76   3.18   0.03   0.83   0.93   0.91   0.87   1.94   0.04   0.22   0.17   3.00   0.00   -999.25 -1.99  760.17 0.00   18.57  10.00  0.36   0.60   
1832987.20 402233.87 -6053.55 "15/11/2015" 181.00 1832987.20 402233.87 -6053.55 6.00   0.00   6.36   0.00   0.29   2061.70 102.06 72.25  45.35  -0.99  0.15   -0.00  -0.15  -0.97  -0.18  0.46   3.72   0.12   0.86   0.96   0.92   0.90   4.76   0.15   0.43   0.39   3.00   0.00   -999.25 -1.76  1668.90 0.00   20.04  11.00  0.63   0.12   
1834160.76 401924.89 -6192.18 "15/11/2015" 183.00 1834160.76 401924.89 -6192.18 1.97   0.00   2.46   0.00   2.69   2524.11 126.15 77.51  41.78  -0.94  -0.35  -0.00  0.35   -0.93  0.10   0.67   3.24   0.03   0.82   0.92   0.90   0.87   2.82   0.05   0.39   0.13   3.00   0.00   -999.25 -1.95  873.52 0.00   24.48  11.00  0.18   0.64   
1834073.54 401865.66 -6284.36 "15/11/2015" 184.00 1834073.54 401865.66 -6284.36 1.90   0.00   2.13   0.00   2.43   2569.23 131.89 101.61 67.34  -0.95  -0.31  -0.00  0.30   -0.93  -0.21  0.01   3.27   0.03   0.81   0.93   0.88   0.85   2.11   0.04   0.30   0.12   3.00   0.00   -999.25 -2.16  424.73 0.00   16.05  11.00  0.31   0.61   
1833890.72 401910.85 -6184.16 "15/11/2015" 185.00 1833890.72 401910.85 -6184.16 1.74   0.00   2.11   0.00   2.31   2455.79 153.32 64.27  38.53  -0.97  -0.25  -0.00  0.25   -0.96  0.12   0.48   3.15   0.02   0.74   0.89   0.86   0.81   1.81   0.03   0.25   0.12   3.00   0.00   -999.25 -1.93  952.57 0.00   24.14  11.00  0.21   0.63   
1833246.62 402339.39 -6185.15 "15/11/2015" 186.00 1833246.62 402339.39 -6185.15 2.24   0.00   2.88   0.00   0.33   1963.08 413.77 76.19  65.88  -1.00  0.02   -0.00  -0.02  -0.85  0.52   0.71   3.04   0.03   0.73   0.71   0.79   0.61   2.28   0.05   0.17   0.29   3.00   0.00   -999.25 -2.10  527.35 0.00   19.87  11.00  0.20   0.30   
1833190.80 401992.85 -6147.53 "15/11/2015" 188.00 1833190.80 401992.85 -6147.53 2.57   0.00   3.08   0.00   0.92   2295.44 141.32 64.82  31.39  -1.00  0.04   0.00   -0.04  -0.99  0.12   0.72   3.39   0.06   0.71   0.90   0.88   0.84   2.80   0.07   0.34   0.21   3.00   0.00   -999.25 -1.96  841.17 0.00   19.44  11.00  0.35   0.32   
1832607.62 402129.45 -6360.35 "15/11/2015" 189.00 1832607.62 402129.45 -6360.35 1.64   3.00   2.17   0.00   1.50   2288.27 190.91 32.89  24.47  0.95   -0.31  -0.00  0.26   0.80   0.54   0.00   2.88   0.01   0.50   0.61   0.86   0.56   1.57   0.02   0.19   0.12   3.00   0.00   -999.25 -2.03  665.25 0.00   22.99  10.00  0.17   0.62   
1833232.30 401926.65 -6388.26 "15/11/2015" 190.00 1833232.30 401926.65 -6388.26 4.57   0.00   5.13   0.00   1.27   2414.55 200.37 81.45  56.49  -1.00  0.02   0.00   0.01   0.65   0.76   0.75   3.58   0.11   0.77   0.84   0.91   0.80   4.00   0.13   0.55   0.23   3.00   0.00   -999.25 -2.07  584.32 0.00   14.87  11.00  0.54   0.43   
1833229.36 401957.68 -6297.95 "15/11/2015" 191.00 1833229.36 401957.68 -6297.95 1.88   0.00   2.15   0.00   0.93   2361.04 265.62 191.41 125.97 -1.00  0.03   -0.00  -0.03  -0.99  -0.11  0.14   2.89   0.01   0.72   0.73   0.82   0.65   1.22   0.01   0.14   0.11   3.00   0.00   -999.25 -1.92  967.23 0.00   21.69  7.00   0.29   0.39   
1833293.37 401920.28 -6406.54 "15/11/2015" 193.00 1833293.37 401920.28 -6406.54 4.35   0.00   4.83   0.00   0.55   2425.14 98.66  74.62  63.44  -1.00  -0.00  -0.00  -0.00  -0.13  0.99   0.49   3.60   0.10   0.94   0.96   0.91   0.89   3.55   0.11   0.47   0.24   3.00   0.00   -999.25 -1.91  1009.91 0.00   17.82  11.00  0.54   0.33   
1833410.53 402033.28 -6416.82 "15/11/2015" 194.00 1833410.53 402033.28 -6416.82 3.69   0.00   4.04   0.00   0.47   2323.28 147.37 91.85  77.99  -1.00  -0.05  -0.01  0.00   -0.21  0.98   0.81   3.31   0.04   0.94   0.91   0.88   0.84   2.34   0.05   0.26   0.21   3.00   0.00   -999.25 -2.32  240.61 0.00   10.14  11.00  0.70   0.14   
1832999.80 401895.00 -6488.90 "15/11/2015" 196.00 1832999.80 401895.00 -6488.90 2.05   0.00   2.39   0.00   0.79   2490.62 254.01 76.13  22.12  -0.99  0.12   -0.00  -0.12  -0.98  -0.16  0.04   3.15   0.03   0.79   0.82   0.82   0.74   2.08   0.05   0.25   0.17   3.00   0.00   -999.25 -1.93  936.09 0.00   19.27  11.00  0.40   0.39   
1833252.62 401903.32 -6421.75 "15/11/2015" 198.00 1833252.62 401903.32 -6421.75 3.63   0.00   4.14   0.00   0.74   2446.00 175.74 74.08  58.73  -1.00  0.01   0.00   0.01   0.64   0.77   0.23   3.50   0.08   0.88   0.94   0.87   0.85   3.28   0.10   0.39   0.25   3.00   0.00   -999.25 -2.18  398.80 0.00   13.75  11.00  0.47   0.29   
1833697.06 402291.58 -6091.54 "15/11/2015" 199.00 1833697.06 402291.58 -6091.54 5.00   0.00   5.31   0.00   0.32   2030.90 102.84 63.72  40.95  -0.98  -0.20  0.00   0.20   -0.98  -0.05  0.26   3.49   0.08   0.93   0.92   0.88   0.85   3.32   0.10   0.28   0.37   3.00   0.00   -999.25 -1.86  1193.78 0.00   29.05  11.00  0.15   0.14   
1834079.55 402447.10 -6249.30 "15/11/2015" 200.00 1834079.55 402447.10 -6249.30 1.91   0.00   2.48   0.00   0.56   2035.28 453.06 66.74  58.21  -0.91  -0.41  0.00   -0.32  0.71   -0.63  0.11   2.89   0.02   0.62   0.63   0.80   0.55   1.72   0.03   0.16   0.18   3.00   0.00   -999.25 -2.12  485.78 0.00   25.96  9.00   0.08   0.35   
1833260.39 402157.32 -6425.07 "15/11/2015" 202.00 1833260.39 402157.32 -6425.07 2.34   0.00   2.71   0.00   0.70   2204.93 140.48 71.46  57.69  -1.00  0.01   0.00   0.01   0.75   0.66   0.37   3.15   0.03   0.75   0.83   0.86   0.76   2.00   0.04   0.19   0.20   3.00   0.00   -999.25 -2.20  367.90 0.00   18.40  11.00  0.18   0.68   
1832933.08 401956.65 -6366.83 "15/11/2015" 203.00 1832933.08 401956.65 -6366.83 2.22   0.00   2.68   0.00   0.71   2405.58 249.86 80.88  56.31  -0.99  0.15   0.00   0.10   0.63   0.77   0.48   3.07   0.03   0.61   0.72   0.84   0.66   2.06   0.05   0.22   0.19   3.00   0.00   -999.25 -2.34  229.55 0.00   11.57  10.00  0.45   0.44   
1833451.70 401989.62 -6268.02 "15/11/2015" 204.00 1833451.70 401989.62 -6268.02 1.96   0.00   2.14   0.00   1.07   2327.79 425.58 78.31  67.91  -1.00  -0.07  -0.00  -0.06  0.75   -0.65  0.24   3.03   0.02   0.75   0.79   0.79   0.69   1.74   0.03   0.21   0.14   3.00   0.00   -999.25 -1.65  2452.89 0.01   42.04  11.00  0.10   0.46   
1833268.63 401933.77 -6423.72 "15/11/2015" 205.00 1833268.63 401933.77 -6423.72 2.15   0.00   2.51   0.00   0.65   2417.24 291.40 75.46  60.26  -1.00  0.01   0.00   0.01   0.64   0.77   0.02   3.13   0.03   0.76   0.82   0.82   0.72   2.02   0.05   0.22   0.19   3.00   0.00   -999.25 -2.04  645.89 0.00   24.35  11.00  0.14   0.43   
1833921.11 402423.00 -6218.23 "15/11/2015" 206.00 1833921.11 402423.00 -6218.23 4.24   0.00   4.99   0.00   0.22   1993.01 149.67 136.73 132.16 0.07   -0.22  0.97   0.35   -0.91  -0.23  0.36   3.03   0.02   0.84   0.85   0.78   0.70   1.66   0.03   0.16   0.17   3.00   0.00   -999.25 -2.00  740.41 0.00   21.22  11.00  0.24   0.12   
1833016.13 401879.23 -6398.80 "15/11/2015" 207.00 1833016.13 401879.23 -6398.80 3.76   0.00   4.24   0.00   0.76   2477.41 212.58 75.63  63.27  -0.99  0.11   0.00   -0.01  -0.11  0.99   0.84   3.48   0.07   0.85   0.93   0.85   0.83   3.29   0.10   0.39   0.26   3.00   0.00   -999.25 -2.12  492.27 0.00   17.02  11.00  0.30   0.29   
1833265.47 402042.78 -6234.99 "15/11/2015" 209.00 1833265.47 402042.78 -6234.99 2.33   0.00   2.57   0.00   0.46   2262.81 97.64  85.52  69.85  -1.00  0.01   -0.00  -0.00  -0.28  0.96   0.33   3.15   0.03   0.82   0.87   0.88   0.81   1.93   0.04   0.19   0.20   3.00   0.00   -999.25 -2.03  671.02 0.00   20.08  11.00  0.25   0.22   
1833145.52 401959.86 -6205.42 "15/11/2015" 210.00 1833145.52 401959.86 -6205.42 1.86   0.00   2.10   0.00   0.93   2341.53 180.39 84.59  59.31  -1.00  0.06   0.00   -0.06  -0.98  0.20   0.08   3.04   0.01   0.67   0.84   0.84   0.77   1.56   0.02   0.17   0.14   3.00   0.00   -999.25 -2.01  705.94 0.00   29.71  10.00  0.08   0.44   
1832983.10 401921.98 -6278.25 "15/11/2015" 211.00 1832983.10 401921.98 -6278.25 2.40   0.00   2.70   0.00   0.67   2409.68 290.67 64.27  48.94  -0.99  0.13   0.00   -0.13  -0.98  -0.13  1.00   3.14   0.03   0.72   0.80   0.85   0.73   2.03   0.04   0.22   0.19   3.00   0.00   -999.25 -2.02  693.06 0.00   26.69  10.00  0.11   0.37   
1832844.78 401893.94 -6370.12 "15/11/2015" 213.00 1832844.78 401893.94 -6370.12 2.61   0.00   2.93   0.00   0.52   2480.47 234.89 81.94  56.59  -0.98  0.19   -0.00  0.12   0.61   0.78   0.76   3.22   0.04   0.86   0.87   0.83   0.75   2.32   0.06   0.23   0.23   3.00   0.00   -999.25 -1.69  2121.38 0.01   49.92  11.00  0.05   0.25   
1834187.27 402090.15 -6195.76 "15/11/2015" 212.00 1834187.27 402090.15 -6195.76 1.79   0.00   2.06   0.00   2.57   2383.64 115.00 101.88 74.47  -0.38  0.91   -0.16  -0.92  -0.38  -0.00  0.38   3.07   0.02   0.67   0.86   0.89   0.81   2.15   0.03   0.31   0.12   3.00   0.00   -999.25 -2.07  577.18 0.00   18.17  11.00  0.29   0.62   
1833300.82 401875.19 -6357.35 "15/11/2015" 214.00 1833300.82 401875.19 -6357.35 2.34   0.00   2.70   0.00   0.51   2455.17 359.68 82.96  58.49  -1.00  -0.00  -0.00  -0.00  0.70   0.72   0.87   3.08   0.02   0.82   0.79   0.85   0.70   1.89   0.04   0.20   0.18   3.00   0.00   -999.25 -2.11  499.81 0.00   19.39  10.00  0.21   0.33   
1833136.59 401980.19 -6392.29 "15/11/2015" 216.00 1833136.59 401980.19 -6392.29 3.22   0.00   3.69   0.00   0.85   2368.53 136.61 73.59  63.48  -1.00  0.07   0.00   -0.01  -0.14  0.99   0.67   3.46   0.06   0.87   0.92   0.93   0.88   2.90   0.08   0.35   0.23   3.00   0.00   -999.25 -2.16  420.44 0.00   16.96  11.00  0.26   0.25   
1833223.76 401849.96 -6338.14 "15/11/2015" 217.00 1833223.76 401849.96 -6338.14 1.91   0.00   2.10   0.00   0.86   2475.47 262.46 81.48  57.29  -1.00  0.03   0.00   0.02   0.69   0.73   0.34   2.94   0.02   0.75   0.74   0.73   0.59   1.73   0.03   0.20   0.15   3.00   0.00   -999.25 -2.33  238.14 0.00   10.63  10.00  0.60   0.38   
1833186.27 401892.47 -6364.92 "15/11/2015" 218.00 1833186.27 401892.47 -6364.92 4.69   0.00   5.02   0.00   0.59   2442.60 204.56 81.44  56.30  -1.00  0.04   0.00   0.03   0.63   0.78   0.59   3.57   0.09   0.87   0.91   0.93   0.87   3.66   0.11   0.38   0.32   3.00   0.00   -999.25 -2.12  484.06 0.00   17.46  11.00  0.28   0.23   
1833262.67 401956.66 -6272.75 "15/11/2015" 219.00 1833262.67 401956.66 -6272.75 3.18   0.00   3.54   0.00   0.89   2355.37 136.70 65.53  49.89  -1.00  0.01   0.00   -0.01  -0.99  -0.12  0.34   3.40   0.06   0.88   0.91   0.87   0.83   2.88   0.08   0.35   0.23   3.00   0.00   -999.25 -1.91  1011.20 0.00   32.66  10.00  0.09   0.31   
1832981.41 402056.70 -6342.82 "15/11/2015" 221.00 1832981.41 402056.70 -6342.82 2.20   0.00   2.56   0.00   0.78   2297.00 359.21 77.60  55.35  -0.99  0.14   0.00   0.10   0.69   0.72   0.83   3.06   0.03   0.77   0.76   0.79   0.69   1.97   0.04   0.23   0.16   3.00   0.00   -999.25 -2.19  384.88 0.00   16.99  11.00  0.24   0.35   
1832992.37 401873.58 -6243.03 "15/11/2015" 222.00 1832992.37 401873.58 -6243.03 3.42   0.00   3.48   0.00   0.67   2447.46 166.13 135.78 105.10 -0.99  0.12   0.00   -0.07  -0.65  0.75   0.16   3.23   0.03   0.89   0.91   0.91   0.86   1.85   0.03   0.22   0.15   3.00   0.00   -999.25 -2.07  575.54 0.00   17.15  10.00  0.35   0.22   
1833344.69 402045.71 -6183.95 "15/11/2015" 223.00 1833344.69 402045.71 -6183.95 2.80   0.00   3.15   0.00   0.60   2249.40 179.80 69.88  51.74  -1.00  -0.03  -0.00  0.03   -0.97  0.23   0.48   3.34   0.05   0.86   0.92   0.89   0.87   2.46   0.06   0.28   0.21   3.00   0.00   -999.25 -2.09  532.32 0.00   18.31  11.00  0.26   0.23   
1833572.14 402503.82 -5986.33 "15/11/2015" 224.00 1833572.14 402503.82 -5986.33 2.35   0.00   3.00   0.00   0.40   1784.98 508.43 65.68  34.13  -0.99  -0.16  0.00   0.16   -0.97  -0.16  0.53   2.95   0.02   0.73   0.69   0.70   0.55   2.15   0.05   0.18   0.25   3.00   0.00   -999.25 -2.31  250.58 0.00   14.59  11.00  0.25   0.30   
1834108.47 402129.24 -6324.68 "15/11/2015" 225.00 1834108.47 402129.24 -6324.68 2.21   0.00   2.50   0.00   2.07   2349.29 507.22 65.40  44.76  -0.93  -0.36  -0.00  0.34   -0.90  -0.27  0.55   3.23   0.03   0.77   0.83   0.84   0.74   2.42   0.05   0.34   0.14   3.00   0.00   -999.25 -1.94  896.34 0.00   34.76  11.00  0.06   0.64   
1833959.59 402218.28 -6325.94 "15/11/2015" 227.00 1833959.59 402218.28 -6325.94 1.76   0.00   2.04   0.00   0.76   2220.31 299.01 65.74  44.77  -0.95  -0.31  0.00   0.30   -0.92  -0.26  0.33   3.03   0.02   0.80   0.85   0.77   0.68   1.74   0.03   0.17   0.18   3.00   0.00   -999.25 -2.22  349.91 0.00   19.47  11.00  0.14   0.43   
1833215.77 401986.10 -5895.61 "15/11/2015" 228.00 1833215.77 401986.10 -5895.61 1.98   3.00   2.17   0.00   1.09   2267.66 189.29 34.87  9.94   1.00   -0.03  0.00   0.03   0.99   0.10   0.18   3.08   0.02   0.73   0.76   0.85   0.69   1.95   0.04   0.25   0.13   3.00   0.00   -999.25 -1.92  977.69 0.00   31.36  9.00   0.10   0.50   
1834032.83 401989.52 -6205.40 "15/11/2015" 229.00 1834032.83 401989.52 -6205.40 2.01   0.00   2.36   0.00   1.84   2425.13 258.84 81.11  58.61  -0.95  -0.32  -0.00  0.31   -0.92  0.22   0.12   3.14   0.03   0.79   0.85   0.80   0.74   2.34   0.04   0.30   0.14   3.00   0.00   -999.25 -1.53  3769.44 0.01   61.88  11.00  0.05   0.49   
1833223.58 402262.86 -6189.18 "15/11/2015" 230.00 1833223.58 402262.86 -6189.18 3.23   0.00   4.30   0.00   0.20   2039.01 280.60 64.38  47.29  -1.00  0.03   -0.00  -0.03  -0.98  0.21   0.59   3.08   0.04   0.75   0.67   0.80   0.62   3.11   0.07   0.19   0.35   3.00   0.00   -999.25 -2.11  497.27 0.00   15.96  11.00  0.37   0.38   
1833704.84 402038.12 -6371.89 "15/11/2015" 232.00 1833704.84 402038.12 -6371.89 3.33   3.00   3.69   0.00   0.49   2339.62 113.09 50.70  24.01  0.98   0.19   0.00   -0.12  0.65   0.75   0.26   3.36   0.06   0.89   0.89   0.86   0.82   2.72   0.07   0.24   0.30   3.00   0.00   -999.25 -2.32  241.40 0.00   11.51  11.00  0.48   0.19   
1834134.24 402485.29 -6269.99 "15/11/2015" 233.00 1834134.24 402485.29 -6269.99 2.24   0.00   2.91   0.00   0.37   2029.39 160.59 67.81  59.39  -0.90  -0.44  -0.00  0.35   -0.73  0.59   0.09   3.08   0.03   0.74   0.74   0.75   0.63   2.25   0.05   0.19   0.26   3.00   0.00   -999.25 -2.33  234.70 0.00   12.54  10.00  0.36   0.22   
1834147.99 402363.02 -6323.48 "15/11/2015" 235.00 1834147.99 402363.02 -6323.48 3.33   0.00   3.93   0.00   0.49   2156.19 219.59 65.72  44.74  -0.91  -0.42  -0.00  0.40   -0.88  -0.26  0.31   3.37   0.07   0.86   0.82   0.83   0.74   3.25   0.11   0.30   0.33   3.00   0.00   -999.25 -2.11  504.95 0.00   22.08  11.00  0.14   0.24   
1833808.18 402339.33 -6246.93 "15/11/2015" 236.00 1833808.18 402339.33 -6246.93 1.85   3.00   2.12   0.00   0.81   2045.37 148.52 30.08  24.75  0.96   0.26   -0.00  -0.25  0.92   0.31   0.54   3.06   0.02   0.77   0.82   0.84   0.72   1.76   0.03   0.19   0.16   3.00   0.00   -999.25 -1.99  770.82 0.00   34.85  11.00  0.06   0.38   
1832901.23 401879.30 -6295.88 "15/11/2015" 238.00 1832901.23 401879.30 -6295.88 4.25   0.00   4.51   0.00   0.56   2466.48 78.25  75.26  55.91  -0.99  0.16   -0.00  -0.15  -0.98  -0.11  0.17   3.47   0.07   0.92   0.96   0.92   0.91   2.81   0.08   0.34   0.23   3.00   0.00   -999.25 -2.10  531.73 0.00   11.48  11.00  1.07   0.20   
1833047.97 401976.72 -6181.82 "15/11/2015" 239.00 1833047.97 401976.72 -6181.82 2.56   0.00   2.98   0.00   0.32   2328.30 86.37  68.21  49.31  -0.10  -0.99  0.10   0.99   -0.10  -0.00  0.15   3.19   0.04   0.86   0.80   0.83   0.75   2.18   0.05   0.19   0.25   3.00   0.00   -999.25 -2.00  732.50 0.00   15.83  11.00  0.56   0.18   
1832942.93 402069.02 -6103.86 "15/11/2015" 243.00 1832942.93 402069.02 -6103.86 1.79   0.00   2.32   0.00   0.57   2237.41 208.98 67.54  47.04  -0.99  0.16   -0.00  -0.16  -0.99  -0.01  0.75   3.04   0.02   0.62   0.80   0.76   0.65   1.96   0.04   0.20   0.19   3.00   0.00   -999.25 -2.06  601.43 0.00   18.33  10.00  0.30   0.23   
1833112.66 402028.72 -6272.06 "15/11/2015" 242.00 1833112.66 402028.72 -6272.06 2.56   0.00   2.82   0.00   0.62   2291.85 334.36 151.28 114.58 -1.00  0.08   0.00   -0.08  -0.99  -0.12  0.10   2.97   0.01   0.79   0.78   0.81   0.69   1.39   0.02   0.17   0.11   3.00   0.00   -999.25 -2.12  494.15 0.00   19.57  10.00  0.20   0.29   
1833417.03 401880.97 -6409.01 "15/11/2015" 244.00 1833417.03 401880.97 -6409.01 2.69   0.00   3.08   0.00   0.71   2466.89 319.42 78.05  67.33  -1.00  -0.06  0.00   0.00   -0.07  1.00   0.89   3.19   0.02   0.80   0.85   0.83   0.77   2.10   0.04   0.23   0.19   3.00   0.00   -999.25 -2.17  404.47 0.00   17.69  11.00  0.22   0.39   
1832998.00 402390.91 -6251.61 "15/11/2015" 246.00 1832998.00 402390.91 -6251.61 1.83   0.00   2.41   0.00   0.66   1951.72 325.98 67.77  59.03  -0.99  0.16   0.00   0.13   0.81   -0.58  0.64   2.92   0.01   0.69   0.71   0.75   0.60   1.70   0.03   0.17   0.17   3.00   0.00   -999.25 -2.15  443.61 0.00   21.19  11.00  0.14   0.38   
1833409.99 402015.81 -6318.75 "15/11/2015" 247.00 1833409.99 402015.81 -6318.75 4.67   0.00   4.89   0.00   0.40   2312.50 134.16 69.59  47.37  -1.00  -0.05  0.00   0.05   -0.96  -0.28  0.59   3.50   0.07   0.88   0.91   0.95   0.89   3.04   0.09   0.37   0.24   3.00   0.00   -999.25 -1.64  2587.48 0.01   37.41  11.00  0.15   0.26   
1833689.77 402356.24 -5991.63 "15/11/2015" 248.00 1833689.77 402356.24 -5991.63 3.94   0.00   4.35   0.00   0.29   1950.76 145.20 65.98  34.92  -0.98  -0.21  -0.00  0.20   -0.97  -0.16  0.54   3.30   0.05   0.92   0.88   0.85   0.81   2.61   0.06   0.22   0.27   3.00   0.00   -999.25 -2.23  335.89 0.00   12.30  11.00  0.55   0.14   
1833518.84 402324.63 -5998.73 "15/11/2015" 249.00 1833518.84 402324.63 -5998.73 2.39   0.00   2.87   0.00   0.40   1954.98 256.76 65.69  34.46  -0.99  -0.12  -0.00  0.12   -0.98  -0.16  0.68   3.18   0.03   0.81   0.79   0.88   0.74   2.18   0.05   0.20   0.24   3.00   0.00   -999.25 -2.33  238.35 0.00   12.50  10.00  0.37   0.26   
1834164.16 401833.59 -6435.19 "15/11/2015" 250.00 1834164.16 401833.59 -6435.19 1.79   0.00   2.10   0.00   1.85   2664.34 242.99 115.10 77.87  -0.94  -0.34  -0.00  0.28   -0.78  -0.56  0.56   3.04   0.02   0.60   0.75   0.78   0.67   1.86   0.03   0.27   0.11   3.00   0.00   -999.25 -1.83  1308.46 0.00   33.25  9.00   0.11   0.75   
1833016.49 402125.54 -6302.05 "15/11/2015" 251.00 1833016.49 402125.54 -6302.05 1.73   0.00   2.33   0.00   0.68   2215.83 133.10 65.23  44.77  -0.99  0.13   0.00   -0.12  -0.96  -0.26  0.56   2.85   0.01   0.69   0.57   0.75   0.52   1.67   0.03   0.17   0.17   3.00   0.00   -999.25 -2.06  607.30 0.00   27.65  11.00  0.09   0.56   
1833930.18 402205.76 -6311.17 "15/11/2015" 252.00 1833930.18 402205.76 -6311.17 4.73   0.00   5.47   0.00   0.39   2219.09 229.18 65.60  44.77  -0.95  -0.30  0.00   0.29   -0.92  -0.26  0.16   3.50   0.11   0.83   0.84   0.89   0.77   3.83   0.15   0.39   0.34   3.00   0.00   -999.25 -2.21  357.97 0.00   11.22  11.00  0.77   0.18   
1833404.20 402405.01 -6166.39 "15/11/2015" 253.00 1833404.20 402405.01 -6166.39 1.83   0.00   2.20   0.00   0.37   1897.95 297.31 150.16 105.90 -1.00  -0.06  0.00   0.06   -1.00  -0.03  0.78   2.70   0.01   0.77   0.59   0.67   0.50   1.31   0.02   0.14   0.13   3.00   0.00   -999.25 -2.23  327.17 0.00   14.89  11.00  0.30   0.27   
1833532.26 402321.85 -6233.55 "15/11/2015" 254.00 1833532.26 402321.85 -6233.55 1.79   0.00   2.39   0.00   0.51   2006.49 108.86 79.77  71.96  -0.99  -0.13  -0.00  0.12   -0.94  -0.32  0.17   2.82   0.01   0.71   0.65   0.66   0.49   1.84   0.03   0.17   0.20   3.00   0.00   -999.25 -2.17  407.65 0.00   20.28  10.00  0.15   0.32   
1833691.95 402586.92 -6230.40 "15/11/2015" 255.00 1833691.95 402586.92 -6230.40 2.35   0.00   3.26   0.00   0.25   1782.25 456.57 63.81  60.15  -0.97  -0.24  0.00   0.23   -0.94  -0.25  0.98   3.08   0.02   0.79   0.73   0.77   0.62   2.45   0.05   0.15   0.34   3.00   0.00   -999.25 -2.26  298.42 0.00   17.08  11.00  0.18   0.16   
1833706.98 402172.48 -6262.62 "15/11/2015" 256.00 1833706.98 402172.48 -6262.62 2.13   0.00   2.43   0.00   0.74   2183.91 139.37 69.08  58.21  -0.98  -0.19  -0.00  -0.14  0.69   -0.71  0.83   3.09   0.02   0.78   0.77   0.88   0.73   1.87   0.04   0.20   0.18   3.00   0.00   -999.25 -2.13  479.29 0.00   22.93  10.00  0.12   0.46   
1832388.20 402332.11 -6050.52 "15/11/2015" 257.00 1832388.20 402332.11 -6050.52 8.57   0.00   8.88   0.00   0.63   2140.79 65.31  62.79  43.28  -0.40  -0.90  -0.18  0.91   -0.40  0.01   0.25   4.07   0.26   0.83   0.98   0.94   0.94   7.60   0.30   0.74   0.39   3.00   0.00   -999.25 -1.30  8326.40 0.02   46.62  11.00  0.25   0.15   
1833873.84 402506.82 -6211.62 "15/11/2015" 258.00 1833873.84 402506.82 -6211.62 2.69   0.00   3.73   0.00   0.27   1899.85 256.19 63.42  63.12  -0.95  -0.32  0.00   0.08   -0.25  0.96   0.04   3.08   0.03   0.77   0.67   0.72   0.59   2.61   0.06   0.18   0.31   3.00   0.00   -999.25 -2.20  370.33 0.00   15.89  11.00  0.28   0.34   
1834138.35 401971.42 -6203.33 "15/11/2015" 261.00 1834138.35 401971.42 -6203.33 2.22   0.00   2.52   0.00   2.04   2475.77 108.13 89.70  67.38  -0.94  -0.35  0.00   0.34   -0.91  0.23   0.08   3.09   0.03   0.87   0.94   0.86   0.85   2.35   0.04   0.34   0.13   3.00   0.00   -999.25 -1.83  1351.35 0.00   36.36  10.00  0.09   0.50   
1834126.80 402461.04 -6297.29 "15/11/2015" 262.00 1834126.80 402461.04 -6297.29 3.47   0.00   3.83   0.00   0.72   2054.92 276.58 63.50  46.49  -0.91  -0.42  -0.00  0.42   -0.90  -0.12  0.50   3.46   0.08   0.90   0.89   0.93   0.86   3.02   0.09   0.34   0.26   3.00   0.00   -999.25 -2.16  424.14 0.00   18.84  10.00  0.19   0.18   
1833717.58 402370.91 -6195.37 "15/11/2015" 263.00 1833717.58 402370.91 -6195.37 1.74   0.00   2.17   0.00   1.05   1981.51 293.63 64.40  48.85  -0.98  -0.22  0.00   0.21   -0.95  0.23   0.20   2.66   0.01   0.68   0.57   0.71   0.46   1.76   0.04   0.20   0.16   3.00   0.00   -999.25 -2.09  543.98 0.00   25.48  11.00  0.10   0.59   
1833337.49 401914.17 -6499.82 "15/11/2015" 265.00 1833337.49 401914.17 -6499.82 1.73   0.00   2.37   0.00   0.47   2459.52 490.17 82.67  24.10  -1.00  -0.02  0.00   0.02   -0.99  -0.16  0.20   3.00   0.02   0.65   0.67   0.83   0.62   1.90   0.04   0.19   0.19   3.00   0.00   -999.25 -1.60  2960.12 0.01   47.01  11.00  0.09   0.31   
1833808.94 402803.89 -6203.62 "15/11/2015" 266.00 1833808.94 402803.89 -6203.62 2.07   3.00   2.27   0.00   0.63   1607.81 95.42  29.07  4.47   0.94   0.34   0.00   -0.34  0.94   -0.03  0.94   2.90   0.01   0.81   0.81   0.67   0.62   1.63   0.03   0.14   0.18   3.00   0.00   -999.25 -2.31  256.95 0.00   19.32  10.00  0.11   0.41   
1833749.66 402220.08 -6263.55 "15/11/2015" 267.00 1833749.66 402220.08 -6263.55 2.16   0.00   2.96   0.00   0.33   2147.77 320.38 68.60  58.28  -0.98  -0.22  -0.00  -0.16  0.70   -0.69  0.60   3.12   0.03   0.82   0.76   0.81   0.67   2.33   0.05   0.18   0.28   3.00   0.00   -999.25 -2.20  374.18 0.00   15.81  11.00  0.29   0.23   
1833774.94 402327.02 -6262.57 "15/11/2015" 268.00 1833774.94 402327.02 -6262.57 1.83   0.00   2.11   0.00   0.48   2052.80 177.27 92.62  79.32  -0.97  -0.24  -0.00  0.22   -0.87  0.44   0.08   2.81   0.01   0.63   0.61   0.79   0.52   1.56   0.02   0.13   0.18   3.00   0.00   -999.25 -2.18  390.72 0.00   18.50  11.00  0.19   0.39   
1834186.53 402239.73 -6292.77 "15/11/2015" 270.00 1834186.53 402239.73 -6292.77 3.75   0.00   4.23   0.00   1.46   2271.57 108.98 63.37  47.34  -0.91  -0.41  0.00   0.41   -0.90  -0.13  0.21   3.71   0.09   0.73   0.95   0.92   0.90   4.05   0.14   0.56   0.24   3.00   0.00   -999.25 -1.85  1256.27 0.00   24.55  11.00  0.26   0.34   
1834181.38 402036.95 -6187.51 "15/11/2015" 272.00 1834181.38 402036.95 -6187.51 2.71   0.00   3.25   0.00   3.08   2428.07 106.73 65.69  41.17  -0.93  -0.38  -0.00  0.37   -0.92  0.15   0.57   3.47   0.04   0.73   0.95   0.90   0.88   3.36   0.07   0.52   0.15   3.00   0.00   -999.25 -1.91  993.88 0.00   22.23  11.00  0.27   0.54   
1833983.29 402296.32 -6309.00 "15/11/2015" 271.00 1833983.29 402296.32 -6309.00 4.33   3.00   5.15   0.00   0.38   2152.09 164.68 29.61  23.47  0.94   0.34   0.00   -0.33  0.93   0.13   0.02   3.40   0.09   0.82   0.82   0.85   0.74   3.34   0.12   0.30   0.37   3.00   0.00   -999.25 -1.99  761.06 0.00   17.89  11.00  0.40   0.21   
1832961.21 402245.62 -6227.64 "15/11/2015" 273.00 1832961.21 402245.62 -6227.64 1.88   0.00   2.41   0.00   0.45   2089.73 124.55 82.66  70.96  -0.99  0.16   -0.00  -0.05  -0.27  0.96   0.21   2.84   0.01   0.75   0.61   0.74   0.53   1.70   0.03   0.15   0.19   3.00   0.00   -999.25 -2.11  500.60 0.00   23.65  11.00  0.11   0.33   
1834026.31 401956.08 -6287.70 "15/11/2015" 274.00 1834026.31 401956.08 -6287.70 2.46   0.00   2.71   0.00   1.17   2471.96 214.30 132.55 96.08  -0.95  -0.31  -0.00  0.31   -0.95  -0.10  0.62   3.05   0.01   0.86   0.85   0.86   0.79   1.34   0.02   0.15   0.12   3.00   0.00   -999.25 -2.00  741.46 0.00   25.58  11.00  0.13   0.41   
1834049.64 402369.07 -6260.64 "15/11/2015" 278.00 1834049.64 402369.07 -6260.64 1.82   0.00   2.13   0.00   1.25   2096.41 217.03 74.48  65.99  -0.93  -0.37  -0.00  0.32   -0.80  0.50   0.50   3.12   0.03   0.81   0.80   0.82   0.71   2.11   0.04   0.26   0.17   3.00   0.00   -999.25 -2.31  250.16 0.00   12.29  10.00  0.41   0.50   
1834334.85 402327.11 -6412.52 "15/11/2015" 282.00 1834334.85 402327.11 -6412.52 1.87   0.00   2.35   0.00   0.69   2292.92 177.22 72.04  63.61  -0.88  -0.48  -0.00  0.08   -0.15  0.98   0.01   2.84   0.01   0.69   0.62   0.73   0.49   1.75   0.03   0.17   0.18   3.00   0.00   -999.25 -2.00  725.94 0.00   27.13  10.00  0.11   0.41   
1834126.13 402231.16 -6282.29 "15/11/2015" 283.00 1834126.13 402231.16 -6282.29 1.89   0.00   2.31   0.00   1.29   2253.39 496.84 65.62  48.90  -0.92  -0.39  0.00   0.38   -0.91  -0.14  0.57   3.21   0.03   0.71   0.83   0.92   0.81   2.02   0.04   0.25   0.15   3.00   0.00   -999.25 -2.40  188.62 0.00   9.25   11.00  0.72   0.47   
1834216.33 402253.91 -6224.51 "15/11/2015" 284.00 1834216.33 402253.91 -6224.51 2.95   0.00   3.22   0.00   1.56   2254.76 115.26 97.42  70.99  0.12   -0.27  0.96   0.40   -0.87  -0.29  0.15   3.31   0.03   0.84   0.94   0.93   0.90   2.17   0.04   0.27   0.16   3.00   0.00   -999.25 -1.99  754.36 0.00   22.79  11.00  0.19   0.30   
1833115.75 401998.74 -6071.82 "15/11/2015" 285.00 1833115.75 401998.74 -6071.82 2.01   0.00   2.44   0.00   0.66   2281.12 66.53  63.75  20.57  -1.00  0.04   -0.00  -0.04  -1.00  0.01   0.11   2.81   0.02   0.82   0.76   0.79   0.68   2.02   0.05   0.23   0.17   3.00   0.00   -999.25 -1.91  1019.41 0.00   30.93  10.00  0.10   0.21   
1834217.89 401998.41 -6290.75 "15/11/2015" 286.00 1834217.89 401998.41 -6290.75 1.75   0.00   2.05   0.00   0.78   2498.28 266.95 131.83 93.84  -0.92  -0.38  0.00   0.38   -0.92  -0.11  0.42   2.80   0.01   0.62   0.64   0.73   0.53   1.32   0.02   0.15   0.12   3.00   0.00   -999.25 -2.19  378.53 0.00   13.25  11.00  0.49   0.44   
1834181.48 402003.15 -6212.00 "15/11/2015" 289.00 1834181.48 402003.15 -6212.00 2.06   0.00   2.26   0.00   1.42   2463.69 164.78 89.74  71.81  -0.93  -0.37  -0.00  0.11   -0.28  0.95   0.64   3.28   0.03   0.83   0.92   0.87   0.83   2.22   0.04   0.29   0.16   3.00   0.00   -999.25 -2.06  607.72 0.00   22.88  10.00  0.15   0.50   
1834214.29 402353.62 -6225.79 "15/11/2015" 292.00 1834214.29 402353.62 -6225.79 1.81   0.00   2.06   0.00   1.56   2166.62 181.20 88.06  73.76  -0.90  -0.45  0.00   0.12   -0.24  0.96   0.46   3.13   0.04   0.72   0.79   0.85   0.74   2.05   0.05   0.26   0.15   3.00   0.00   -999.25 -2.13  477.30 0.00   23.59  11.00  0.11   0.54   
1833727.86 402306.21 -6024.85 "15/11/2015" 293.00 1833727.86 402306.21 -6024.85 4.52   0.00   5.09   0.00   0.21   2012.05 223.64 71.24  36.87  -0.98  -0.22  -0.00  0.21   -0.95  -0.22  0.42   3.41   0.06   0.85   0.87   0.94   0.85   2.93   0.07   0.22   0.34   3.00   0.00   -999.25 -2.14  448.61 0.00   14.56  11.00  0.44   0.11   
1833829.14 402370.43 -6179.86 "15/11/2015" 294.00 1833829.14 402370.43 -6179.86 1.75   3.00   2.16   0.00   0.66   1984.77 174.07 29.85  24.87  0.96   0.28   -0.00  -0.27  0.94   0.20   0.08   2.83   0.02   0.66   0.63   0.73   0.49   1.68   0.03   0.18   0.16   3.00   0.00   -999.25 -2.09  541.61 0.00   22.68  11.00  0.14   0.36   
1833820.10 402229.16 -6241.30 "15/11/2015" 296.00 1833820.10 402229.16 -6241.30 1.97   0.00   2.39   0.00   0.46   2149.96 319.17 86.38  71.51  -0.97  -0.25  0.00   -0.18  0.71   -0.68  0.23   2.95   0.02   0.73   0.63   0.81   0.58   1.84   0.03   0.17   0.20   3.00   0.00   -999.25 -2.12  489.86 0.00   19.20  11.00  0.21   0.39   
1833985.54 402234.12 -6266.38 "15/11/2015" 297.00 1833985.54 402234.12 -6266.38 2.17   3.00   2.52   0.00   0.54   2175.49 231.30 29.73  23.09  0.94   0.33   0.00   -0.32  0.92   0.22   0.48   2.95   0.02   0.75   0.73   0.76   0.58   1.89   0.04   0.18   0.19   3.00   0.00   -999.25 -2.03  656.91 0.00   22.35  11.00  0.18   0.35   
1833257.42 401932.98 -6235.30 "15/11/2015" 298.00 1833257.42 401932.98 -6235.30 1.84   0.00   2.24   0.00   0.73   2370.00 454.18 73.24  62.51  -1.00  0.02   -0.00  -0.01  -0.28  0.96   0.22   2.86   0.01   0.67   0.63   0.78   0.58   1.63   0.03   0.18   0.15   3.00   0.00   -999.25 -2.12  482.30 0.00   18.63  11.00  0.23   0.48   
1833346.70 402237.35 -6074.94 "15/11/2015" 299.00 1833346.70 402237.35 -6074.94 2.01   0.00   2.13   0.00   0.66   2040.56 63.77  59.31  22.03  -0.02  1.00   -0.00  -1.00  -0.02  -0.00  0.93   2.67   0.01   0.74   0.68   0.74   0.56   1.59   0.03   0.15   0.17   3.00   0.00   -999.25 -2.04  635.40 0.00   26.88  10.00  0.10   0.54   
1833302.56 401980.60 -6218.20 "15/11/2015" 300.00 1833302.56 401980.60 -6218.20 1.72   0.00   2.15   0.00   0.68   2319.63 545.36 83.40  69.84  -1.00  -0.01  0.00   0.01   -0.27  0.96   0.84   2.93   0.02   0.74   0.71   0.79   0.63   1.57   0.03   0.18   0.14   3.00   0.00   -999.25 -2.21  361.96 0.00   14.00  11.00  0.40   0.36   
1833649.23 401684.85 -6467.03 "15/11/2015" 301.00 1833649.23 401684.85 -6467.03 2.39   3.00   2.49   0.00   0.85   2666.22 209.22 33.50  21.62  0.99   0.14   0.00   -0.13  0.89   0.44   0.33   3.12   0.02   0.87   0.89   0.86   0.79   1.92   0.03   0.26   0.13   3.00   0.00   -999.25 -1.99  763.53 0.00   22.80  11.00  0.20   0.33   
1833425.56 402253.86 -6101.68 "15/11/2015" 303.00 1833425.56 402253.86 -6101.68 2.09   0.00   2.66   0.00   0.31   2032.98 252.66 239.55 77.39  -1.00  -0.08  -0.00  -0.08  0.98   0.17   0.64   2.90   0.02   0.73   0.61   0.67   0.48   2.18   0.04   0.16   0.26   3.00   0.00   -999.25 -2.06  593.39 0.00   23.00  11.00  0.15   0.48   
1833448.67 402119.73 -6271.52 "15/11/2015" 305.00 1833448.67 402119.73 -6271.52 1.85   0.00   2.16   0.00   0.62   2202.59 269.78 82.99  56.65  -1.00  -0.07  0.00   0.07   -0.99  -0.11  0.36   2.92   0.01   0.80   0.74   0.74   0.60   1.57   0.02   0.16   0.15   3.00   0.00   -999.25 -2.35  222.97 0.00   11.14  10.00  0.49   0.33   
1834535.29 402329.33 -6174.50 "15/11/2015" 306.00 1834535.29 402329.33 -6174.50 3.12   0.00   4.02   0.00   2.00   2331.21 81.13  63.15  46.10  -0.83  -0.55  0.00   0.55   -0.83  0.06   0.88   3.76   0.12   0.73   0.97   0.91   0.90   5.07   0.16   0.64   0.24   3.00   0.00   -999.25 -1.97  828.43 0.00   16.74  11.00  0.54   0.27   
1833402.84 402022.15 -6111.52 "15/11/2015" 307.00 1833402.84 402022.15 -6111.52 2.40   0.00   2.57   0.00   1.10   2260.90 146.97 63.73  41.49  -1.00  -0.05  -0.00  0.05   -1.00  -0.04  0.27   3.18   0.03   0.84   0.83   0.84   0.76   2.08   0.04   0.24   0.17   3.00   0.00   -999.25 -2.15  433.67 0.00   20.55  11.00  0.15   0.49   
1834067.21 402016.68 -6189.76 "15/11/2015" 308.00 1834067.21 402016.68 -6189.76 1.97   0.00   2.58   0.00   3.70   2407.66 129.33 70.79  45.70  -0.94  -0.33  -0.00  0.32   -0.93  0.15   0.24   3.27   0.03   0.73   0.94   0.87   0.85   2.70   0.05   0.40   0.13   3.00   0.00   -999.25 -1.97  827.25 0.00   22.96  11.00  0.21   0.88   
1833386.55 401822.83 -6401.89 "15/11/2015" 309.00 1833386.55 401822.83 -6401.89 9.86   0.00   10.21  0.00   0.35   2519.36 76.39  71.67  63.41  -0.01  -0.11  0.99   1.00   0.04   0.01   0.62   3.91   0.21   0.91   0.98   0.92   0.91   5.37   0.24   0.55   0.45   3.00   0.00   -999.25 -1.56  3355.68 0.02   30.68  11.00  0.35   0.32   
1832881.16 401845.05 -6286.35 "15/11/2015" 310.00 1832881.16 401845.05 -6286.35 2.19   0.00   2.54   0.00   0.49   2500.36 365.76 112.10 78.20  -0.99  0.17   0.00   -0.17  -0.98  -0.11  0.57   2.89   0.02   0.77   0.57   0.75   0.55   1.71   0.03   0.18   0.16   3.00   0.00   -999.25 -2.13  468.28 0.00   16.25  10.00  0.33   0.43   
1833529.24 401941.43 -6409.36 "15/11/2015" 311.00 1833529.24 401941.43 -6409.36 3.59   0.00   4.00   0.00   0.73   2417.67 164.53 74.45  63.51  -0.99  -0.10  -0.00  0.01   -0.13  0.99   0.39   3.28   0.04   0.85   0.83   0.82   0.76   2.60   0.06   0.30   0.22   3.00   0.00   -999.25 -2.00  746.59 0.00   24.47  11.00  0.15   0.36   
1833268.75 401877.57 -6465.53 "15/11/2015" 314.00 1833268.75 401877.57 -6465.53 11.32  0.00   11.40  0.00   0.39   2483.32 74.15  70.24  24.09  0.04   -0.99  -0.13  -1.00  -0.04  -0.01  0.52   3.96   0.31   0.94   0.98   0.92   0.91   6.45   0.36   0.75   0.47   3.00   0.00   -999.25 -1.28  8981.46 0.03   28.04  11.00  1.24   0.73   
1834156.64 401853.87 -6256.13 "15/11/2015" 315.00 1834156.64 401853.87 -6256.13 2.13   0.00   2.57   0.00   2.32   2600.65 128.51 111.61 97.48  0.22   -0.61  0.76   0.94   0.34   0.00   0.65   3.29   0.03   0.87   0.96   0.91   0.90   2.42   0.04   0.33   0.11   3.00   0.00   -999.25 -2.04  649.90 0.00   18.30  11.00  0.32   0.40   
1834031.17 402120.71 -6162.03 "15/11/2015" 316.00 1834031.17 402120.71 -6162.03 2.12   0.00   2.73   0.00   3.36   2294.27 114.23 69.91  47.71  -0.94  -0.33  -0.00  0.33   -0.94  0.04   0.11   3.35   0.04   0.64   0.92   0.90   0.86   2.88   0.07   0.43   0.13   3.00   0.00   -999.25 -2.02  701.52 0.00   19.87  11.00  0.27   0.86   
1833345.46 401844.72 -6406.16 "15/11/2015" 317.00 1833345.46 401844.72 -6406.16 8.51   0.00   9.00   0.00   0.38   2498.22 75.99  73.57  63.34  0.01   -0.11  0.99   1.00   0.02   -0.01  0.50   3.94   0.20   0.90   0.97   0.94   0.92   5.21   0.23   0.59   0.42   3.00   0.00   -999.25 -1.36  6664.28 0.03   48.39  11.00  0.18   0.66   
1833989.90 402665.30 -6186.39 "15/11/2015" 318.00 1833989.90 402665.30 -6186.39 1.63   0.00   2.11   0.00   0.70   1791.21 121.79 90.16  82.69  -0.92  -0.39  -0.00  0.21   -0.49  0.85   0.52   2.72   0.01   0.50   0.43   0.85   0.43   1.59   0.02   0.14   0.17   3.00   0.00   -999.25 -2.39  193.10 0.00   12.31  10.00  0.31   0.71   
1833955.96 401979.32 -6191.18 "15/11/2015" 320.00 1833955.96 401979.32 -6191.18 1.91   0.00   2.24   0.00   1.62   2409.41 204.42 77.42  51.80  -0.96  -0.28  0.00   0.28   -0.95  0.15   0.48   3.09   0.02   0.75   0.87   0.85   0.79   2.14   0.04   0.29   0.14   3.00   0.00   -999.25 -2.09  536.49 0.00   15.14  11.00  0.47   0.45   
1833346.37 401848.85 -6403.58 "15/11/2015" 319.00 1833346.37 401848.85 -6403.58 3.75   0.00   4.05   0.00   0.81   2493.56 108.46 75.93  63.28  -1.00  -0.02  -0.00  0.00   -0.12  0.99   0.00   3.40   0.06   0.84   0.87   0.90   0.84   2.79   0.08   0.33   0.22   3.00   0.00   -999.25 -2.06  610.58 0.00   22.16  11.00  0.17   0.31   
1834014.38 402401.97 -6054.46 "15/11/2015" 321.00 1834014.38 402401.97 -6054.46 3.47   3.00   4.62   0.00   0.15   2009.68 164.25 30.65  17.44  0.93   0.37   -0.00  -0.36  0.92   0.16   0.45   3.21   0.04   0.86   0.79   0.77   0.66   3.56   0.07   0.18   0.36   3.00   0.00   -999.25 -1.92  965.42 0.00   25.21  11.00  0.18   0.13   
1834075.29 401988.75 -6210.30 "15/11/2015" 322.00 1834075.29 401988.75 -6210.30 2.18   0.00   2.47   0.00   1.72   2440.19 234.16 69.91  47.09  -0.94  -0.33  0.00   0.33   -0.93  0.18   0.38   3.25   0.03   0.78   0.89   0.84   0.80   2.25   0.04   0.31   0.14   3.00   0.00   -999.25 -2.12  496.51 0.00   19.32  11.00  0.21   0.32   
1833425.53 401896.47 -6403.32 "15/11/2015" 323.00 1833425.53 401896.47 -6403.32 8.93   0.00   9.37   0.00   0.63   2450.90 89.62  75.13  63.38  -1.00  -0.06  -0.00  0.01   -0.12  0.99   0.35   4.05   0.26   0.89   0.97   0.90   0.88   6.95   0.31   0.76   0.41   3.00   0.00   -999.25 -1.84  1264.18 0.01   16.31  11.00  0.89   0.49   
1833428.73 402013.31 -6353.33 "15/11/2015" 324.00 1833428.73 402013.31 -6353.33 1.71   3.00   2.26   0.00   0.58   2299.86 222.32 32.49  24.25  1.00   0.06   -0.00  -0.05  0.86   0.51   0.73   2.70   0.01   0.60   0.58   0.64   0.40   1.59   0.03   0.14   0.18   3.00   0.00   -999.25 -2.33  238.18 0.00   14.55  10.00  0.23   0.47   
1834142.87 402112.71 -6439.64 "15/11/2015" 325.00 1834142.87 402112.71 -6439.64 2.59   0.00   2.76   0.00   1.24   2408.26 137.37 73.41  58.55  -0.93  -0.37  -0.00  -0.25  0.62   0.75   0.93   3.40   0.04   0.88   0.95   0.92   0.89   2.55   0.06   0.33   0.18   3.00   0.00   -999.25 -2.10  518.84 0.00   17.84  11.00  0.28   0.37   
1834188.16 402032.32 -6357.42 "15/11/2015" 326.00 1834188.16 402032.32 -6357.42 2.77   0.00   3.11   0.00   1.82   2473.17 188.85 89.37  63.39  -0.92  -0.38  -0.00  -0.27  0.65   0.71   0.80   3.48   0.05   0.82   0.94   0.90   0.87   3.01   0.07   0.44   0.16   3.00   0.00   -999.25 -2.17  412.57 0.00   16.52  11.00  0.28   0.48   
1832958.57 402522.82 -6138.97 "15/11/2015" 327.00 1832958.57 402522.82 -6138.97 2.46   3.00   2.83   0.00   0.53   1783.25 136.47 29.89  4.80   0.98   -0.19  0.00   0.19   0.98   -0.03  0.71   2.93   0.03   0.83   0.77   0.78   0.69   1.97   0.04   0.20   0.19   3.00   0.00   -999.25 -2.08  558.20 0.00   26.37  11.00  0.09   0.21   
1833840.03 402545.10 -6131.29 "15/11/2015" 328.00 1833840.03 402545.10 -6131.29 1.83   0.00   2.58   0.00   0.36   1834.80 497.64 64.76  43.60  -0.95  -0.31  -0.00  0.30   -0.94  0.17   0.07   2.76   0.02   0.70   0.64   0.70   0.51   2.03   0.04   0.16   0.24   3.00   0.00   -999.25 -2.01  703.60 0.00   28.40  11.00  0.09   0.39   
1833374.69 401914.01 -6410.54 "15/11/2015" 330.00 1833374.69 401914.01 -6410.54 4.59   0.00   4.92   0.00   0.87   2433.80 96.42  74.77  63.39  -1.00  -0.03  -0.01  -0.00  -0.13  0.99   0.51   3.58   0.08   0.85   0.95   0.90   0.87   3.56   0.11   0.45   0.26   3.00   0.00   -999.25 -1.89  1063.18 0.00   29.85  11.00  0.12   0.33   
1833992.25 401983.69 -6266.87 "15/11/2015" 331.00 1833992.25 401983.69 -6266.87 2.36   0.00   2.50   0.00   0.92   2431.58 177.64 138.08 75.44  0.19   -0.64  0.75   0.21   -0.72  -0.67  0.71   2.98   0.01   0.77   0.75   0.89   0.72   1.29   0.02   0.13   0.13   3.00   0.00   -999.25 -1.57  3305.49 0.01   54.95  11.00  0.06   0.37   
1833591.18 402134.62 -6164.19 "15/11/2015" 333.00 1833591.18 402134.62 -6164.19 7.90   0.00   8.29   0.00   0.34   2178.73 159.28 63.12  49.89  -0.99  -0.14  0.00   0.14   -0.99  0.06   0.79   3.82   0.24   0.93   0.93   0.89   0.86   5.36   0.30   0.62   0.44   3.00   0.00   -999.25 -1.69  2192.48 0.01   24.74  11.00  0.44   0.17   
1833447.88 401894.74 -6398.54 "15/11/2015" 339.00 1833447.88 401894.74 -6398.54 7.59   0.00   8.16   0.00   0.89   2452.57 94.10  75.15  63.52  -1.00  -0.07  0.01   0.01   -0.11  0.99   0.90   3.94   0.21   0.88   0.96   0.93   0.92   5.17   0.25   0.68   0.35   3.00   0.00   -999.25 -1.81  1424.16 0.01   22.83  11.00  0.36   0.64   
1834010.14 401910.11 -6365.64 "15/11/2015" 338.00 1834010.14 401910.11 -6365.64 3.72   0.00   3.92   0.00   1.00   2528.74 87.28  84.50  58.31  0.96   0.27   -0.02  -0.15  0.59   0.80   0.32   3.51   0.06   0.90   0.97   0.92   0.91   3.00   0.07   0.41   0.19   3.00   0.00   -999.25 -2.10  523.46 0.00   16.42  11.00  0.36   0.30   
1834137.57 402126.00 -6322.99 "15/11/2015" 340.00 1834137.57 402126.00 -6322.99 2.23   0.00   2.52   0.00   2.00   2362.07 136.43 65.56  44.74  -0.93  -0.37  -0.00  0.36   -0.89  -0.27  0.41   3.27   0.04   0.81   0.86   0.87   0.79   2.42   0.05   0.34   0.15   3.00   0.00   -999.25 -2.22  344.99 0.00   17.88  10.00  0.18   0.54   
1833829.90 402325.81 -6287.43 "15/11/2015" 342.00 1833829.90 402325.81 -6287.43 1.72   0.00   2.12   0.00   0.68   2074.32 351.28 87.32  60.53  -0.96  -0.28  0.00   0.28   -0.95  -0.11  0.51   2.86   0.01   0.74   0.64   0.76   0.56   1.52   0.02   0.16   0.15   3.00   0.00   -999.25 -2.34  226.76 0.00   14.49  10.00  0.23   0.55   
1833328.25 402302.38 -6013.70 "15/11/2015" 343.00 1833328.25 402302.38 -6013.70 2.51   0.00   3.44   0.00   0.23   1966.00 290.95 69.00  35.06  -1.00  -0.02  0.00   0.02   -0.98  -0.22  0.52   2.97   0.02   0.73   0.68   0.76   0.57   2.28   0.05   0.17   0.28   3.00   0.00   -999.25 -1.57  3296.97 0.01   56.27  11.00  0.06   0.28   
1834057.81 402016.53 -6267.85 "15/11/2015" 344.00 1834057.81 402016.53 -6267.85 2.03   0.00   2.21   0.00   1.18   2421.30 185.50 137.59 108.18 -0.94  -0.33  0.00   0.23   -0.66  0.71   0.48   3.02   0.01   0.82   0.83   0.84   0.76   1.30   0.02   0.14   0.12   3.00   0.00   -999.25 -2.16  430.30 0.00   16.33  11.00  0.30   0.52   
1833646.70 402162.75 -6248.67 "15/11/2015" 345.00 1833646.70 402162.75 -6248.67 3.93   0.00   4.33   0.00   0.75   2179.02 121.25 69.04  58.15  -0.99  -0.16  -0.00  -0.11  0.69   -0.71  0.14   3.53   0.09   0.93   0.94   0.89   0.86   3.39   0.11   0.47   0.21   3.00   0.00   -999.25 -1.90  1028.43 0.00   26.37  11.00  0.17   0.14   
1834023.49 402041.28 -6354.59 "15/11/2015" 346.00 1834023.49 402041.28 -6354.59 1.68   3.00   2.15   0.00   0.56   2384.73 121.55 32.71  24.51  0.95   0.32   0.00   -0.27  0.80   0.54   0.77   2.77   0.01   0.59   0.52   0.80   0.44   1.68   0.03   0.15   0.19   3.00   0.00   -999.25 -2.36  213.61 0.00   12.23  11.00  0.35   0.43   
1834481.49 402397.13 -6324.11 "15/11/2015" 348.00 1834481.49 402397.13 -6324.11 1.87   3.00   2.02   0.00   1.41   2281.89 170.77 30.30  27.70  0.84   0.54   0.00   -0.46  0.72   0.52   0.84   3.00   0.02   0.76   0.68   0.85   0.63   1.83   0.03   0.23   0.14   3.00   0.00   -999.25 -2.38  196.38 0.00   9.55   11.00  0.69   0.54   
1833410.89 402193.76 -6268.18 "15/11/2015" 349.00 1833410.89 402193.76 -6268.18 1.77   0.00   2.31   0.00   0.52   2127.85 68.09  64.90  58.29  -0.07  0.72   -0.69  1.00   0.08   -0.02  0.50   2.88   0.01   0.69   0.67   0.71   0.53   1.77   0.03   0.16   0.19   3.00   0.00   -999.25 -2.34  231.15 0.00   13.94  11.00  0.26   0.30   
1833471.56 402110.17 -6298.63 "15/11/2015" 350.00 1833471.56 402110.17 -6298.63 2.59   0.00   3.12   0.00   0.49   2220.52 382.42 63.55  47.17  -1.00  -0.09  -0.00  0.09   -0.99  -0.13  0.67   3.29   0.05   0.89   0.85   0.88   0.80   2.46   0.07   0.23   0.26   3.00   0.00   -999.25 -2.20  366.33 0.00   18.97  11.00  0.16   0.30   
1834533.05 402350.94 -6432.60 "15/11/2015" 351.00 1834533.05 402350.94 -6432.60 1.99   0.00   2.37   0.00   0.86   2376.74 443.57 72.98  58.46  -0.84  -0.55  -0.00  -0.37  0.57   0.74   0.61   3.10   0.03   0.79   0.70   0.82   0.65   2.21   0.05   0.24   0.20   3.00   0.00   -999.25 -2.14  453.85 0.00   17.40  11.00  0.26   0.42   
1833224.62 402115.28 -6197.73 "15/11/2015" 352.00 1833224.62 402115.28 -6197.73 1.73   0.00   2.04   0.00   0.51   2184.62 304.55 199.99 136.55 -1.00  0.03   0.00   -0.03  -0.99  -0.15  0.53   2.50   0.01   0.62   0.51   0.66   0.39   1.43   0.02   0.13   0.16   3.00   0.00   -999.25 -1.82  1355.01 0.00   41.64  10.00  0.06   0.45   
1833931.24 402227.73 -6416.97 "15/11/2015" 353.00 1833931.24 402227.73 -6416.97 2.50   0.00   2.68   0.00   0.97   2230.09 128.54 70.76  63.74  -0.95  -0.30  -0.00  0.06   -0.20  0.98   0.62   3.23   0.03   0.86   0.89   0.88   0.84   1.97   0.04   0.21   0.18   3.00   0.00   -999.25 -2.17  413.19 0.00   23.08  11.00  0.10   0.42   
1833971.69 402277.19 -6256.57 "15/11/2015" 354.00 1833971.69 402277.19 -6256.57 2.40   0.00   2.90   0.00   0.38   2152.03 227.22 68.69  58.19  -0.95  -0.32  -0.00  -0.23  0.68   -0.70  0.66   3.17   0.03   0.83   0.83   0.88   0.77   2.19   0.05   0.21   0.23   3.00   0.00   -999.25 -2.17  404.17 0.00   22.15  11.00  0.11   0.19   
1833594.99 402390.58 -6300.08 "15/11/2015" 355.00 1833594.99 402390.58 -6300.08 4.27   3.00   4.82   0.00   0.62   1968.20 149.43 30.42  23.23  0.99   0.16   -0.00  -0.16  0.94   0.29   0.67   3.52   0.08   0.89   0.88   0.95   0.87   3.23   0.10   0.26   0.38   3.00   0.00   -999.25 -2.02  696.46 0.00   20.13  11.00  0.26   0.18   
1834007.29 401942.14 -6192.80 "15/11/2015" 356.00 1834007.29 401942.14 -6192.80 2.11   0.00   2.37   0.00   1.88   2459.23 244.46 63.66  37.36  -0.95  -0.30  -0.00  0.30   -0.95  0.12   0.86   3.10   0.02   0.71   0.90   0.92   0.85   1.97   0.03   0.27   0.13   3.00   0.00   -999.25 -1.93  932.44 0.00   27.12  11.00  0.14   0.70   
1833308.76 401877.50 -6400.82 "15/11/2015" 358.00 1833308.76 401877.50 -6400.82 5.36   0.00   5.97   0.00   0.40   2464.68 216.95 75.36  63.51  -1.00  -0.01  0.00   0.00   -0.11  0.99   0.75   3.50   0.10   0.87   0.90   0.80   0.77   3.73   0.14   0.32   0.41   3.00   0.00   -999.25 -1.75  1746.37 0.01   35.83  11.00  0.12   0.36   
1833554.10 402333.42 -6238.58 "15/11/2015" 359.00 1833554.10 402333.42 -6238.58 1.66   3.00   2.02   0.00   0.67   1975.81 169.74 29.82  22.01  0.99   0.14   -0.00  -0.13  0.97   -0.20  0.33   2.72   0.01   0.67   0.58   0.62   0.43   1.46   0.02   0.15   0.14   3.00   0.00   -999.25 -1.63  2675.42 0.01   73.39  11.00  0.02   0.47   
1834295.46 402240.45 -6362.45 "15/11/2015" 360.00 1834295.46 402240.45 -6362.45 2.64   0.00   3.06   0.00   0.61   2334.44 336.83 87.31  62.15  -0.89  -0.45  0.00   -0.30  0.59   0.75   0.37   3.16   0.05   0.78   0.73   0.79   0.67   2.44   0.07   0.25   0.24   3.00   0.00   -999.25 -2.41  178.28 0.00   8.99   11.00  0.74   0.26   
1833607.98 402262.80 -6251.08 "15/11/2015" 361.00 1833607.98 402262.80 -6251.08 2.25   0.00   2.61   0.00   0.50   2077.90 322.25 69.33  59.18  -0.99  -0.16  0.00   -0.11  0.73   -0.68  0.20   3.06   0.03   0.80   0.79   0.77   0.68   2.02   0.04   0.20   0.21   3.00   0.00   -999.25 -1.96  844.03 0.00   29.74  11.00  0.10   0.50   
1834526.38 402349.20 -6390.24 "15/11/2015" 362.00 1834526.38 402349.20 -6390.24 3.77   0.00   4.47   0.00   0.60   2362.24 160.17 80.23  56.30  -0.84  -0.55  -0.00  -0.36  0.54   0.76   0.98   3.48   0.11   0.81   0.84   0.87   0.78   3.60   0.13   0.34   0.36   3.00   0.00   -999.25 -2.29  267.83 0.00   12.78  11.00  0.39   0.28   
1833391.29 402015.93 -6328.54 "15/11/2015" 363.00 1833391.29 402015.93 -6328.54 2.92   0.00   3.32   0.00   0.69   2314.05 250.43 65.83  44.78  -1.00  -0.05  -0.00  0.05   -0.96  -0.26  0.67   3.22   0.04   0.74   0.85   0.86   0.76   2.32   0.06   0.25   0.21   3.00   0.00   -999.25 -2.08  568.51 0.00   26.70  11.00  0.09   0.30   
1833966.76 402192.73 -6274.63 "15/11/2015" 364.00 1833966.76 402192.73 -6274.63 4.50   0.00   5.10   0.00   0.46   2232.48 167.48 63.28  47.23  -0.95  -0.32  0.00   0.31   -0.94  -0.13  0.59   3.42   0.08   0.89   0.87   0.85   0.80   3.08   0.10   0.34   0.28   3.00   0.00   -999.25 -2.04  654.33 0.00   17.85  11.00  0.35   0.22   
1833854.61 402181.70 -6246.19 "15/11/2015" 365.00 1833854.61 402181.70 -6246.19 6.62   0.00   8.17   0.00   0.19   2204.31 369.98 69.38  58.19  -0.97  -0.26  0.00   0.18   -0.67  0.72   0.25   3.48   0.14   0.80   0.78   0.82   0.69   5.34   0.18   0.37   0.42   3.00   0.00   -999.25 -2.04  642.81 0.00   15.56  11.00  0.52   0.13   
1833411.34 402006.40 -6362.89 "15/11/2015" 366.00 1833411.34 402006.40 -6362.89 4.25   0.00   4.43   0.00   0.82   2333.46 150.49 79.85  56.15  -1.00  -0.05  0.00   -0.03  0.65   0.76   0.71   3.53   0.08   0.86   0.94   0.93   0.89   3.16   0.10   0.37   0.26   3.00   0.00   -999.25 -2.10  515.34 0.00   19.50  11.00  0.21   0.73   
1834502.11 402313.93 -6359.61 "15/11/2015" 367.00 1834502.11 402313.93 -6359.61 2.22   0.00   2.59   0.00   1.51   2369.70 100.51 78.10  55.35  -0.84  -0.54  -0.00  -0.38  0.58   0.72   0.02   3.25   0.04   0.82   0.87   0.76   0.74   2.56   0.06   0.36   0.15   3.00   0.00   -999.25 -2.12  496.06 0.00   25.03  11.00  0.10   0.52   
1833315.71 402060.89 -6063.66 "15/11/2015" 371.00 1833315.71 402060.89 -6063.66 9.50   0.00   9.83   0.00   0.27   2212.07 64.86  63.79  20.98  -1.00  -0.10  0.00   0.10   -1.00  0.00   0.01   3.79   0.25   0.96   0.99   0.94   0.93   6.74   0.32   0.71   0.45   3.00   0.00   -999.25 -1.64  2536.35 0.01   20.93  11.00  0.84   0.21   
