# Petrel Points with attributes
# Unit in X and Y direction: ftUS
# Unit in depth: ft
VERSION 1
BEGIN HEADER
X
Y
Z
DATE,Time
DOUBLE,Event ID
DOUBLE,X(easting)
DOUBLE,Y(northing)
DOUBLE,Z(elevation)
DOUBLE,Detection SNR
DOUBLE,Event type
DOUBLE,Location SNR
DOUBLE,NOISE_LEVEL_ACC
DOUBLE,PSH_AMPL_RATIO
DOUBLE,QC Distance
DOUBLE,QC_EIGVAL_MAX
DOUBLE,QC_EIGVAL_MID
DOUBLE,QC_EIGVAL_MIN
DOUBLE,QC_EIGVEC_MAX_E
DOUBLE,QC_EIGVEC_MAX_N
DOUBLE,QC_EIGVEC_MAX_U
DOUBLE,QC_EIGVEC_MID_E
DOUBLE,QC_EIGVEC_MID_N
DOUBLE,QC_EIGVEC_MID_U
DOUBLE,QC_LOC_T0
DOUBLE,QI_CONFIDENCE
DOUBLE,QI_DATA_LOCATION
DOUBLE,QI_ORTHOGONALITY
DOUBLE,QI_POLARIZATION_AZM
DOUBLE,QI_POLARIZATION_INC
DOUBLE,QI_POLARIZATION_RESIDUAL
DOUBLE,QI_SNR
DOUBLE,QI_TRACEDATA
DOUBLE,QI_TRACEDATA_P
DOUBLE,QI_TRACEDATA_S
DOUBLE,SP_COMPONENTS_USED
DOUBLE,SP_ENERGY
DOUBLE,SP_LOCAL_MAGNITUDE
DOUBLE,SP_MAGNITUDE
DOUBLE,SP_MOMENT
DOUBLE,SP_POTENCY
DOUBLE,SP_RADIUS
DOUBLE,SP_RECEIVERS_USED
DOUBLE,SP_STRESS_DROP
DOUBLE,SVSH_AMPL_RATIO
END HEADER
1829928.04 405304.87 -5856.65 "9/11/2015" 1.00   1829928.04 405304.87 -5856.65 2.46   3.00   2.30   0.00   3.05   3526.38 200.91 87.28  50.05  0.30   0.95   0.00   0.82   -0.26  0.52   0.28   2.34   0.02   0.81   0.93   0.85   0.83   3.17   0.07   0.49   0.14   3.00   0.00   -999.25 -1.71  2034.27 0.01   23.85  11.00  0.46   0.55   
1831176.56 405291.01 -6281.75 "9/11/2015" 3.00   1831176.56 405291.01 -6281.75 6.00   0.00   6.44   0.00   0.90   2423.20 88.50  70.15  59.56  -0.87  0.45   -0.22  -0.46  -0.89  -0.00  0.23   3.57   0.09   0.93   0.98   0.90   0.90   3.47   0.11   0.36   0.32   3.00   0.00   -999.25 -1.73  1855.78 0.01   29.50  11.00  0.22   0.28   
1831411.77 405466.50 -6240.77 "9/11/2015" 4.00   1831411.77 405466.50 -6240.77 2.27   0.00   3.22   0.00   0.27   2299.31 216.90 102.89 26.72  -0.55  -0.84  -0.00  0.84   -0.55  0.06   0.72   2.79   0.01   0.73   0.63   0.67   0.51   1.60   0.03   0.15   0.17   3.00   0.00   -999.25 -2.24  317.76 0.00   15.16  10.00  0.28   0.16   
1831774.28 405636.42 -6100.20 "9/11/2015" 5.00   1831774.28 405636.42 -6100.20 2.71   0.00   3.56   0.00   0.19   2091.40 382.64 93.92  21.52  -0.68  -0.74  -0.00  0.74   -0.68  -0.02  0.04   3.12   0.04   0.75   0.70   0.78   0.58   2.96   0.07   0.17   0.37   3.00   0.00   -999.25 -2.25  316.98 0.00   14.48  11.00  0.32   0.11   
1831034.15 405165.38 -6341.77 "9/11/2015" 6.00   1831034.15 405165.38 -6341.77 1.80   0.00   2.13   0.00   0.78   2513.59 128.91 127.75 49.20  -0.65  0.67   -0.36  0.67   0.73   0.15   0.62   2.84   0.02   0.59   0.55   0.88   0.54   1.74   0.04   0.18   0.17   3.00   0.00   -999.25 -2.29  272.21 0.00   16.84  10.00  0.17   0.41   
1831292.30 405705.48 -6276.60 "9/11/2015" 7.00   1831292.30 405705.48 -6276.60 2.49   0.00   2.92   0.00   0.38   2535.54 400.31 70.30  45.95  -0.59  -0.81  -0.00  0.79   -0.58  0.18   0.25   3.07   0.03   0.85   0.81   0.74   0.66   2.04   0.04   0.23   0.18   3.00   0.00   -999.25 -2.20  368.74 0.00   13.95  11.00  0.41   0.25   
1831197.19 405391.13 -6086.28 "9/11/2015" 8.00   1831197.19 405391.13 -6086.28 5.22   0.00   5.97   0.00   1.86   2412.95 86.18  75.44  21.52  -0.47  -0.88  0.00   0.88   -0.47  -0.02  0.08   3.72   0.16   0.87   0.97   0.91   0.89   5.73   0.19   0.72   0.25   3.00   0.00   -999.25 -1.66  2374.32 0.01   30.19  11.00  0.26   0.65   
1831421.41 405506.49 -6291.92 "9/11/2015" 10.00  1831421.41 405506.49 -6291.92 2.27   0.00   2.77   0.00   0.54   2325.10 328.86 72.16  45.68  -0.56  -0.83  0.00   0.80   -0.55  0.24   0.36   3.05   0.02   0.77   0.76   0.82   0.66   1.95   0.04   0.19   0.20   3.00   0.00   -999.25 -1.97  808.65 0.00   30.26  11.00  0.09   0.43   
1831133.22 405245.01 -6299.01 "9/11/2015" 11.00  1831133.22 405245.01 -6299.01 1.66   3.00   2.22   0.00   0.67   2445.93 264.11 33.64  19.49  0.42   0.91   0.00   0.88   -0.41  0.22   0.71   2.72   0.01   0.61   0.58   0.78   0.52   1.75   0.03   0.19   0.16   3.00   0.00   -999.25 -1.80  1484.66 0.01   38.00  11.00  0.08   0.43   
1831173.13 405351.70 -6255.10 "9/11/2015" 12.00  1831173.13 405351.70 -6255.10 1.98   0.00   2.46   0.00   0.61   2446.97 168.86 70.34  45.72  -0.46  -0.89  0.00   0.87   -0.46  0.18   0.54   2.80   0.02   0.70   0.58   0.73   0.45   1.76   0.03   0.17   0.18   3.00   0.00   -999.25 -2.10  525.60 0.00   20.29  11.00  0.19   0.41   
1831593.94 405423.94 -6302.05 "9/11/2015" 13.00  1831593.94 405423.94 -6302.05 2.26   3.00   2.09   0.00   0.68   2145.20 227.26 54.73  23.04  0.57   0.82   0.00   0.79   -0.55  0.29   0.90   2.06   0.00   0.83   0.81   0.88   0.75   1.96   0.04   0.20   0.19   3.00   0.00   -999.25 -1.93  944.82 0.00   38.77  11.00  0.05   0.31   
1831101.89 405361.73 -6181.42 "9/11/2015" 14.00  1831101.89 405361.73 -6181.42 2.52   0.00   2.90   0.00   0.93   2498.54 458.35 95.30  11.25  -0.45  -0.89  0.00   0.89   -0.45  0.03   0.54   3.00   0.02   0.82   0.79   0.80   0.70   2.11   0.04   0.26   0.17   3.00   0.00   -999.25 -1.94  903.33 0.00   27.10  10.00  0.14   0.25   
1831150.03 405514.21 -6173.22 "9/11/2015" 15.00  1831150.03 405514.21 -6173.22 2.40   0.00   2.52   0.00   0.64   2527.95 291.92 98.12  10.11  -0.51  -0.86  -0.00  0.86   -0.51  0.02   0.60   2.83   0.02   0.76   0.81   0.84   0.71   1.93   0.04   0.19   0.20   3.00   0.00   -999.25 -1.75  1777.93 0.00   30.73  11.00  0.19   0.36   
1831525.46 405266.11 -6261.31 "9/11/2015" 16.00  1831525.46 405266.11 -6261.31 1.97   0.00   2.40   0.00   0.87   2108.48 174.69 71.09  44.28  -0.50  -0.87  0.00   0.85   -0.49  0.17   0.23   3.03   0.02   0.73   0.81   0.79   0.70   1.87   0.03   0.19   0.18   3.00   0.00   -999.25 -2.20  373.70 0.00   18.62  9.00   0.18   0.38   
1831579.69 405547.00 -6211.86 "9/11/2015" 17.00  1831579.69 405547.00 -6211.86 2.42   3.00   2.58   0.00   0.76   2204.16 212.99 31.99  21.55  0.61   0.80   -0.00  0.79   -0.60  0.12   0.70   2.96   0.02   0.72   0.73   0.79   0.63   1.83   0.03   0.18   0.19   3.00   0.00   -999.25 -1.70  2107.67 0.01   52.35  11.00  0.04   0.35   
1831249.92 405378.49 -6216.40 "9/11/2015" 18.00  1831249.92 405378.49 -6216.40 2.39   0.00   2.80   0.00   0.78   2385.06 418.56 68.41  31.84  -0.49  -0.87  0.00   0.87   -0.49  -0.00  0.13   3.02   0.03   0.78   0.71   0.81   0.63   2.03   0.04   0.23   0.17   3.00   0.00   -999.25 -1.56  3395.50 0.01   61.03  11.00  0.05   0.33   
1831107.10 405212.04 -6260.04 "9/11/2015" 19.00  1831107.10 405212.04 -6260.04 2.74   0.00   3.21   0.00   0.74   2446.89 241.26 70.37  45.71  -0.41  -0.91  0.00   0.90   -0.40  0.18   0.57   3.19   0.04   0.78   0.84   0.89   0.80   2.29   0.05   0.25   0.21   3.00   0.00   -999.25 -2.28  276.28 0.00   12.67  11.00  0.41   0.34   
1831674.22 405713.89 -6223.09 "9/11/2015" 21.00  1831674.22 405713.89 -6223.09 1.91   0.00   2.25   0.00   0.54   2239.99 363.59 77.46  18.66  -0.68  -0.74  -0.00  0.74   -0.68  0.06   0.31   2.86   0.01   0.72   0.70   0.71   0.53   1.69   0.03   0.16   0.18   3.00   0.00   -999.25 -2.19  383.71 0.00   17.12  11.00  0.23   0.33   
1831669.46 405423.32 -6263.42 "9/11/2015" 23.00  1831669.46 405423.32 -6263.42 3.42   3.00   3.18   0.00   0.58   2075.21 211.67 34.05  18.83  0.59   0.81   0.00   0.79   -0.57  0.23   0.92   2.99   0.03   0.77   0.70   0.72   0.56   2.31   0.05   0.17   0.29   3.00   0.00   -999.25 -2.16  424.29 0.00   18.57  11.00  0.20   0.28   
1831384.21 405235.12 -6261.90 "9/11/2015" 24.00  1831384.21 405235.12 -6261.90 2.69   3.00   3.20   0.00   1.48   2214.07 128.80 34.31  19.41  0.46   0.89   -0.00  0.86   -0.45  0.26   0.90   2.78   0.03   0.75   0.76   0.87   0.71   2.55   0.07   0.27   0.24   3.00   0.00   -999.25 -2.19  381.26 0.00   15.26  11.00  0.33   0.42   
1831053.29 405307.80 -6194.32 "9/11/2015" 25.00  1831053.29 405307.80 -6194.32 3.52   0.00   3.91   0.00   0.88   2520.37 276.71 68.01  31.58  -0.43  -0.90  -0.00  0.90   -0.43  -0.01  0.25   3.42   0.06   0.89   0.90   0.86   0.80   3.22   0.09   0.44   0.20   3.00   0.00   -999.25 -1.66  2396.07 0.01   25.57  11.00  0.44   0.32   
1831381.72 405281.34 -6172.69 "9/11/2015" 26.00  1831381.72 405281.34 -6172.69 4.68   0.00   4.91   0.00   1.59   2217.23 177.99 113.38 14.78  -0.47  -0.88  0.00   0.88   -0.47  0.03   0.42   3.21   0.07   0.88   0.92   0.86   0.83   3.14   0.10   0.35   0.28   3.00   0.00   -999.25 -1.72  1969.32 0.01   25.24  11.00  0.37   0.37   
1831458.20 405436.17 -6279.25 "9/11/2015" 28.00  1831458.20 405436.17 -6279.25 2.21   0.00   2.46   0.00   1.02   2254.60 290.62 74.65  46.49  -0.54  -0.84  -0.00  0.83   -0.53  0.18   0.77   3.14   0.03   0.75   0.82   0.82   0.71   2.12   0.05   0.24   0.19   3.00   0.00   -999.25 -2.36  216.73 0.00   11.40  11.00  0.44   0.60   
1831204.74 405264.31 -6207.05 "9/11/2015" 29.00  1831204.74 405264.31 -6207.05 2.10   0.00   2.28   0.00   1.12   2370.63 535.94 83.63  37.76  -0.44  -0.90  0.00   0.90   -0.44  0.01   0.99   2.91   0.01   0.71   0.75   0.83   0.67   1.80   0.03   0.20   0.16   3.00   0.00   -999.25 -2.00  749.27 0.00   30.01  10.00  0.08   0.59   
1831065.36 405298.09 -6191.00 "9/11/2015" 31.00  1831065.36 405298.09 -6191.00 2.83   0.00   3.21   0.00   0.61   2504.95 290.25 67.88  31.61  -0.43  -0.90  -0.00  0.90   -0.43  -0.00  0.31   3.19   0.04   0.88   0.90   0.78   0.74   2.25   0.05   0.22   0.23   3.00   0.00   -999.25 -1.93  933.17 0.00   24.82  11.00  0.19   0.27   
1831180.21 405461.58 -6207.76 "9/11/2015" 32.00  1831180.21 405461.58 -6207.76 5.00   0.00   5.35   0.00   0.54   2482.80 131.33 68.11  31.66  -0.50  -0.87  0.00   0.87   -0.50  -0.00  0.94   3.40   0.07   0.90   0.91   0.81   0.78   3.79   0.13   0.35   0.39   3.00   0.00   -999.25 -1.98  791.32 0.00   21.88  11.00  0.23   0.26   
1831491.27 405474.41 -6240.09 "9/11/2015" 33.00  1831491.27 405474.41 -6240.09 3.20   0.00   3.73   0.00   0.35   2239.05 193.23 71.03  17.00  -0.56  -0.83  0.00   0.82   -0.56  0.06   0.24   3.25   0.05   0.89   0.86   0.83   0.77   2.71   0.07   0.20   0.33   3.00   0.00   -999.25 -2.12  494.64 0.00   20.56  11.00  0.17   0.22   
1831315.98 405371.56 -6100.99 "9/11/2015" 34.00  1831315.98 405371.56 -6100.99 24.46  0.00   25.68  0.00   0.42   2303.51 78.30  67.52  16.93  -0.87  0.50   0.01   -0.50  -0.87  -0.00  0.71   4.16   0.37   0.91   0.99   0.92   0.92   24.43  0.41   0.79   0.46   3.00   0.01   -999.25 -1.19  11977.03 0.04   22.95  11.00  3.01   0.23   
1831300.91 405371.00 -6062.49 "9/11/2015" 35.00  1831300.91 405371.00 -6062.49 1.95   3.00   2.13   0.00   0.80   2310.10 153.96 33.51  5.71   0.49   0.87   -0.00  0.87   -0.49  -0.06  0.84   2.57   0.01   0.67   0.54   0.72   0.45   1.76   0.03   0.17   0.18   3.00   0.00   -999.25 -2.04  632.25 0.00   25.22  11.00  0.12   0.45   
1831277.07 405201.62 -6162.28 "9/11/2015" 36.00  1831277.07 405201.62 -6162.28 3.08   3.00   2.71   0.00   0.77   2271.14 34.26  26.12  1.26   0.43   0.90   0.00   0.90   -0.43  0.01   0.86   2.80   0.01   0.72   0.72   0.83   0.64   1.77   0.03   0.15   0.21   3.00   0.00   -999.25 -1.83  1324.24 0.00   27.95  11.00  0.18   0.33   
1831220.25 405664.22 -6297.46 "9/11/2015" 38.00  1831220.25 405664.22 -6297.46 3.25   3.00   2.43   0.00   1.77   2574.26 212.63 33.60  19.67  0.57   0.82   -0.00  0.80   -0.55  0.23   0.70   3.17   0.03   0.76   0.77   0.88   0.72   2.21   0.04   0.30   0.14   3.00   0.00   -999.25 -2.00  734.18 0.00   20.99  11.00  0.24   1.25   
1831433.90 405183.85 -6334.27 "9/11/2015" 39.00  1831433.90 405183.85 -6334.27 1.76   3.00   2.03   0.00   0.68   2168.05 178.95 40.86  9.99   0.45   0.89   0.00   0.88   -0.44  0.19   0.97   2.94   0.02   0.73   0.68   0.85   0.63   1.81   0.04   0.18   0.18   3.00   0.00   -999.25 -2.06  608.37 0.00   33.84  11.00  0.05   0.52   
1831519.93 405158.19 -6357.30 "9/11/2015" 40.00  1831519.93 405158.19 -6357.30 2.60   3.00   2.37   0.00   0.51   2090.49 248.18 69.83  30.02  0.46   0.89   -0.00  0.84   -0.43  0.33   0.07   2.26   0.03   0.80   0.70   0.74   0.57   3.02   0.10   0.27   0.25   3.00   0.00   -999.25 -2.06  605.25 0.00   36.43  11.00  0.04   0.18   
1831493.22 405535.68 -6289.69 "9/11/2015" 41.00  1831493.22 405535.68 -6289.69 2.66   0.00   3.33   0.00   0.46   2283.62 356.12 72.04  45.47  -0.58  -0.81  -0.00  0.79   -0.56  0.23   0.75   3.12   0.05   0.70   0.69   0.84   0.63   2.50   0.07   0.22   0.28   3.00   0.00   -999.25 -2.27  288.89 0.00   12.95  10.00  0.40   0.19   
1831304.27 404979.82 -6179.33 "9/11/2015" 44.00  1831304.27 404979.82 -6179.33 2.16   3.00   2.10   0.00   0.83   2165.62 173.58 65.52  26.82  0.35   0.94   0.00   0.93   -0.35  0.08   0.48   2.39   0.01   0.80   0.65   0.68   0.50   1.50   0.02   0.15   0.15   3.00   0.00   -999.25 -1.91  998.01 0.00   30.35  9.00   0.11   0.44   
1831180.46 405457.07 -6196.14 "9/11/2015" 45.00  1831180.46 405457.07 -6196.14 3.04   0.00   3.53   0.00   0.74   2478.10 304.88 67.98  31.66  -0.50  -0.87  0.00   0.87   -0.50  -0.00  0.97   3.12   0.04   0.79   0.81   0.82   0.70   2.32   0.06   0.25   0.21   3.00   0.00   -999.25 -2.03  666.37 0.00   20.36  11.00  0.24   0.35   
1831190.98 405394.14 -6181.03 "9/11/2015" 46.00  1831190.98 405394.14 -6181.03 2.48   0.00   2.95   0.00   1.22   2435.98 376.97 69.21  8.01   -0.48  -0.88  0.00   0.88   -0.48  0.03   0.56   3.10   0.03   0.84   0.87   0.81   0.76   2.38   0.05   0.29   0.18   3.00   0.00   -999.25 -1.59  3037.32 0.01   46.03  11.00  0.09   0.40   
1831232.79 405163.58 -6237.35 "9/11/2015" 47.00  1831232.79 405163.58 -6237.35 1.80   0.00   2.10   0.00   1.76   2310.68 362.18 77.64  19.70  -0.41  -0.91  0.00   0.91   -0.41  0.06   0.50   2.79   0.02   0.64   0.60   0.80   0.55   1.83   0.03   0.23   0.14   3.00   0.00   -999.25 -2.01  711.42 0.00   27.75  11.00  0.10   0.59   
1831155.09 405592.89 -6162.14 "9/11/2015" 48.00  1831155.09 405592.89 -6162.14 1.86   0.00   2.22   0.00   1.01   2562.19 223.64 108.46 12.27  -0.53  -0.85  -0.00  0.85   -0.53  0.03   0.82   3.02   0.02   0.76   0.76   0.83   0.68   1.79   0.03   0.19   0.17   3.00   0.00   -999.25 -1.66  2412.41 0.01   40.80  11.00  0.11   0.60   
1831600.62 405236.66 -6385.93 "9/11/2015" 50.00  1831600.62 405236.66 -6385.93 2.29   3.00   2.09   0.00   0.45   2068.34 185.02 56.16  24.58  0.51   0.86   0.00   0.81   -0.47  0.35   0.87   2.07   0.01   0.78   0.66   0.54   0.42   1.79   0.04   0.17   0.19   3.00   0.00   -999.25 -2.08  563.82 0.00   24.03  10.00  0.12   0.31   
1831665.09 405474.01 -6393.64 "9/11/2015" 49.00  1831665.09 405474.01 -6393.64 1.78   0.00   2.19   0.00   0.71   2145.15 363.21 96.42  50.22  -0.61  -0.80  -0.00  0.73   -0.55  0.40   0.13   3.04   0.03   0.77   0.71   0.83   0.64   2.02   0.04   0.20   0.21   3.00   0.00   -999.25 -1.99  771.53 0.00   35.80  11.00  0.05   0.44   
1831608.91 405341.55 -6345.69 "9/11/2015" 52.00  1831608.91 405341.55 -6345.69 2.76   3.00   2.06   0.00   0.44   2101.64 239.55 65.76  27.97  0.55   0.84   -0.00  0.80   -0.52  0.31   0.52   2.21   0.01   0.83   0.76   0.84   0.71   2.96   0.10   0.30   0.25   3.00   0.00   -999.25 -2.33  240.14 0.00   13.82  10.00  0.28   0.21   
1831481.57 405305.45 -6422.10 "9/11/2015" 53.00  1831481.57 405305.45 -6422.10 7.43   0.00   7.88   0.00   0.47   2210.16 94.95  80.70  53.24  0.51   0.86   0.00   0.78   -0.47  0.41   0.08   3.84   0.18   0.94   0.95   0.85   0.84   5.85   0.24   0.62   0.38   3.00   0.00   -999.25 -2.19  387.27 0.00   15.39  11.00  0.32   0.44   
1831467.25 405328.61 -6434.65 "9/11/2015" 54.00  1831467.25 405328.61 -6434.65 2.42   0.00   3.09   0.00   0.51   2237.02 190.42 84.26  48.53  -0.51  -0.86  0.00   0.79   -0.47  0.39   0.67   3.15   0.05   0.76   0.76   0.77   0.64   2.68   0.07   0.28   0.23   3.00   0.00   -999.25 -2.02  678.31 0.00   23.42  11.00  0.16   0.43   
1831750.29 405310.28 -6312.61 "9/11/2015" 56.00  1831750.29 405310.28 -6312.61 1.97   3.00   2.21   0.00   0.78   1963.12 145.43 34.17  19.40  0.57   0.82   -0.00  0.80   -0.56  0.22   0.06   2.76   0.03   0.75   0.67   0.67   0.54   1.90   0.05   0.21   0.17   3.00   0.00   -999.25 -2.38  199.45 0.00   12.69  9.00   0.30   0.37   
1831782.39 405468.26 -6382.20 "9/11/2015" 58.00  1831782.39 405468.26 -6382.20 3.38   3.00   3.00   0.00   0.47   2050.63 154.52 63.97  24.63  0.63   0.78   0.00   0.73   -0.59  0.34   0.90   2.33   0.03   0.76   0.69   0.74   0.59   3.00   0.09   0.27   0.22   3.00   0.00   -999.25 -2.35  221.96 0.00   13.47  10.00  0.28   0.22   
1832281.85 404387.89 -5693.20 "9/11/2015" 59.00  1832281.85 404387.89 -5693.20 11.10  3.00   15.28  0.00   2.75   1017.16 34.73  20.08  12.04  0.99   -0.14  0.00   0.14   0.99   0.00   0.96   3.60   0.12   0.86   0.96   0.54   0.45   37.06  0.46   1.00   0.46   3.00   0.00   -999.25 -1.65  2496.74 0.01   19.56  11.00  1.01   0.64   
1831691.54 405278.46 -6389.46 "9/11/2015" 60.00  1831691.54 405278.46 -6389.46 2.05   3.00   2.19   0.00   0.56   2017.09 205.32 69.03  25.30  0.54   0.84   0.00   0.79   -0.51  0.34   0.17   2.18   0.01   0.71   0.64   0.76   0.53   1.94   0.04   0.16   0.23   3.00   0.00   -999.25 -2.22  340.38 0.00   19.79  9.00   0.13   0.25   
1831485.63 405413.13 -6249.12 "9/11/2015" 61.00  1831485.63 405413.13 -6249.12 2.08   0.00   2.87   0.00   0.37   2212.77 378.46 78.29  20.51  -0.55  -0.84  0.00   0.84   -0.54  0.06   0.57   3.01   0.02   0.70   0.66   0.79   0.58   2.13   0.04   0.16   0.27   3.00   0.00   -999.25 -2.22  344.25 0.00   16.53  9.00   0.23   0.25   
1831377.80 405493.22 -6167.72 "9/11/2015" 62.00  1831377.80 405493.22 -6167.72 1.83   0.00   2.11   0.00   1.52   2326.03 231.50 98.06  11.13  -0.54  -0.84  0.00   0.84   -0.54  0.03   0.47   2.85   0.02   0.73   0.89   0.78   0.75   1.98   0.04   0.25   0.14   3.00   0.00   -999.25 -2.09  536.34 0.00   17.15  11.00  0.32   0.48   
1831230.28 405262.15 -6256.18 "9/11/2015" 63.00  1831230.28 405262.15 -6256.18 2.01   0.00   2.32   0.00   1.01   2358.00 296.32 70.41  45.43  -0.44  -0.90  0.00   0.88   -0.44  0.18   0.12   2.93   0.02   0.78   0.88   0.68   0.61   1.96   0.04   0.22   0.17   3.00   0.00   -999.25 -2.07  578.28 0.00   21.45  10.00  0.18   0.55   
1831614.53 405191.24 -6252.84 "9/11/2015" 64.00  1831614.53 405191.24 -6252.84 2.92   0.00   3.64   0.00   1.37   1995.80 172.75 71.36  43.60  -0.49  -0.87  0.00   0.86   -0.48  0.17   0.49   3.25   0.04   0.83   0.80   0.81   0.75   2.71   0.05   0.28   0.23   3.00   0.00   -999.25 -1.95  868.37 0.00   27.64  11.00  0.12   0.33   
1831319.69 405529.06 -6165.38 "9/11/2015" 65.00  1831319.69 405529.06 -6165.38 6.77   3.00   5.74   0.00   0.68   2392.59 139.38 34.57  11.22  0.55   0.84   0.00   0.83   -0.54  0.10   0.29   2.92   0.06   0.89   0.92   0.88   0.84   3.87   0.12   0.33   0.37   3.00   0.00   -999.25 -1.75  1755.79 0.00   24.93  11.00  0.34   0.17   
1831230.05 405505.02 -6105.78 "9/11/2015" 66.00  1831230.05 405505.02 -6105.78 1.69   0.00   2.05   0.00   1.10   2444.30 253.11 88.43  17.60  -0.53  -0.85  -0.00  0.85   -0.53  -0.02  0.29   2.71   0.01   0.66   0.49   0.72   0.45   1.53   0.03   0.17   0.13   3.00   0.00   -999.25 -1.79  1498.96 0.00   38.45  11.00  0.08   0.63   
1831170.64 405472.72 -6215.54 "9/11/2015" 67.00  1831170.64 405472.72 -6215.54 3.43   0.00   3.74   0.00   0.92   2497.92 80.50  68.10  31.63  -0.50  -0.87  0.00   0.87   -0.50  -0.01  0.27   3.43   0.07   0.87   0.90   0.93   0.87   2.98   0.09   0.36   0.23   3.00   0.00   -999.25 -1.73  1892.72 0.01   40.19  11.00  0.09   0.36   
1831896.37 405353.88 -6384.14 "9/11/2015" 68.00  1831896.37 405353.88 -6384.14 2.48   3.00   2.49   0.00   0.95   1900.18 206.38 39.03  20.93  0.62   0.78   0.00   0.73   -0.58  0.36   0.30   2.98   0.02   0.66   0.67   0.75   0.58   2.04   0.04   0.21   0.20   3.00   0.00   -999.25 -2.46  151.67 0.00   12.26  11.00  0.25   0.63   
1831182.40 405407.53 -6215.30 "9/11/2015" 70.00  1831182.40 405407.53 -6215.30 3.86   0.00   4.28   0.00   0.45   2456.41 212.87 68.13  31.71  -0.48  -0.88  0.00   0.88   -0.48  -0.00  0.13   3.38   0.06   0.89   0.90   0.88   0.83   2.89   0.08   0.24   0.34   3.00   0.00   -999.25 -1.96  849.89 0.00   27.72  11.00  0.12   0.28   
1831194.45 405493.19 -6195.48 "9/11/2015" 71.00  1831194.45 405493.19 -6195.48 4.02   0.00   4.66   0.00   0.66   2484.03 288.21 69.01  32.48  -0.51  -0.86  -0.00  0.86   -0.51  -0.01  0.92   3.30   0.06   0.85   0.83   0.81   0.72   3.13   0.10   0.31   0.32   3.00   0.00   -999.25 -1.77  1645.12 0.00   32.68  11.00  0.14   0.38   
1831159.13 405452.47 -6214.50 "9/11/2015" 74.00  1831159.13 405452.47 -6214.50 6.23   0.00   6.53   0.00   0.64   2497.63 186.06 68.23  31.63  -0.50  -0.87  -0.00  0.87   -0.50  -0.01  0.82   3.70   0.14   0.92   0.94   0.91   0.87   4.34   0.17   0.51   0.35   3.00   0.00   -999.25 -1.78  1577.46 0.01   25.29  11.00  0.30   0.25   
1831293.00 405480.41 -6238.56 "9/11/2015" 73.00  1831293.00 405480.41 -6238.56 2.44   3.00   2.65   0.00   0.98   2403.88 52.05  27.91  1.68   0.53   0.85   0.00   0.85   -0.53  0.01   0.10   2.76   0.02   0.79   0.74   0.81   0.68   1.89   0.03   0.22   0.16   3.00   0.00   -999.25 -2.02  698.30 0.00   21.69  11.00  0.21   0.57   
1831083.29 405488.46 -6082.39 "9/11/2015" 75.00  1831083.29 405488.46 -6082.39 2.66   0.00   3.16   0.00   1.54   2557.61 184.78 81.49  20.54  -0.49  -0.87  0.00   0.87   -0.49  -0.02  0.10   3.15   0.04   0.83   0.89   0.83   0.79   2.63   0.06   0.36   0.17   3.00   0.00   -999.25 -1.81  1399.36 0.00   30.94  11.00  0.14   0.69   
1830980.29 405743.90 -6562.66 "9/11/2015" 76.00  1830980.29 405743.90 -6562.66 2.24   3.00   2.73   0.00   0.77   2878.75 270.02 57.49  33.64  0.54   0.84   0.00   0.12   -0.08  0.99   0.74   3.05   0.04   0.77   0.71   0.77   0.61   2.20   0.06   0.23   0.21   3.00   0.00   -999.25 -1.67  2311.83 0.00   30.66  11.00  0.24   0.26   
1830389.05 404201.73 -6416.36 "9/11/2015" 78.00  1830389.05 404201.73 -6416.36 3.12   3.00   3.53   0.00   0.35   2982.90 101.81 39.15  23.94  -0.02  1.00   0.00   0.86   0.01   0.51   0.04   3.25   0.04   0.84   0.87   0.79   0.76   2.45   0.06   0.22   0.27   3.00   0.00   -999.25 -2.04  646.61 0.00   17.89  11.00  0.34   0.27   
1831120.72 405312.22 -6245.65 "9/11/2015" 79.00  1831120.72 405312.22 -6245.65 6.86   0.00   7.42   0.00   0.44   2473.12 124.93 78.91  19.14  -0.44  -0.90  0.00   0.90   -0.44  0.05   0.02   3.72   0.15   0.97   0.96   0.93   0.91   4.19   0.17   0.38   0.44   3.00   0.00   -999.25 -1.87  1150.32 0.00   25.28  11.00  0.22   0.16   
1831147.14 405452.81 -6163.42 "9/11/2015" 80.00  1831147.14 405452.81 -6163.42 2.99   0.00   3.33   0.00   1.30   2498.41 126.69 78.43  8.34   -0.49  -0.87  -0.00  0.87   -0.49  0.03   0.35   3.00   0.05   0.85   0.91   0.77   0.75   2.83   0.08   0.38   0.19   3.00   0.00   -999.25 -1.95  877.04 0.00   23.13  11.00  0.22   0.39   
1831027.70 405282.40 -6017.52 "9/11/2015" 81.00  1831027.70 405282.40 -6017.52 3.18   3.00   2.74   0.00   1.00   2505.36 176.36 88.93  52.83  0.42   0.91   0.00   0.85   -0.39  0.35   0.53   2.02   0.00   0.91   0.94   0.82   0.80   2.54   0.06   0.29   0.22   3.00   0.00   -999.25 -1.86  1204.41 0.00   27.88  11.00  0.17   0.40   
1831806.96 405837.97 -6069.67 "9/11/2015" 82.00  1831806.96 405837.97 -6069.67 4.34   3.00   5.01   0.00   0.25   2203.39 231.92 35.44  19.54  0.73   0.68   0.00   -0.65  0.70   -0.31  0.02   3.40   0.06   0.86   0.88   0.82   0.75   3.73   0.09   0.21   0.45   3.00   0.00   -999.25 -1.95  885.78 0.00   22.59  11.00  0.23   0.14   
1831126.66 405385.50 -6180.67 "9/11/2015" 83.00  1831126.66 405385.50 -6180.67 2.62   0.00   3.14   0.00   0.67   2487.55 359.77 72.60  8.52   -0.46  -0.89  0.00   0.89   -0.46  0.03   0.74   2.98   0.02   0.81   0.84   0.78   0.69   2.19   0.05   0.20   0.23   3.00   0.00   -999.25 -1.83  1326.43 0.00   27.56  11.00  0.19   0.40   
1831080.50 405292.06 -6267.93 "9/11/2015" 84.00  1831080.50 405292.06 -6267.93 3.28   0.00   3.90   0.00   0.70   2504.74 592.60 70.36  45.88  -0.42  -0.91  -0.00  0.89   -0.42  0.18   0.09   3.12   0.04   0.78   0.74   0.79   0.66   2.49   0.07   0.25   0.25   3.00   0.00   -999.25 -2.08  564.16 0.00   21.21  10.00  0.18   0.36   
1831127.94 405384.82 -6246.84 "9/11/2015" 85.00  1831127.94 405384.82 -6246.84 6.93   0.00   7.64   0.00   0.43   2499.29 105.14 74.99  17.58  -0.46  -0.89  0.00   0.89   -0.46  0.05   0.48   3.77   0.20   0.92   0.93   0.85   0.83   4.89   0.23   0.45   0.48   3.00   0.00   -999.25 -1.77  1622.87 0.01   27.57  11.00  0.24   0.20   
1831225.54 405420.79 -6252.16 "9/11/2015" 86.00  1831225.54 405420.79 -6252.16 6.81   0.00   8.31   0.00   0.32   2433.74 132.43 70.37  45.68  -0.50  -0.87  0.00   0.85   -0.49  0.18   0.96   3.94   0.21   0.80   0.94   0.93   0.90   6.04   0.28   0.48   0.57   3.00   0.00   -999.25 -1.86  1187.93 0.00   21.48  11.00  0.36   0.22   
1831053.76 405436.64 -6127.04 "9/11/2015" 87.00  1831053.76 405436.64 -6127.04 5.28   0.00   5.56   0.00   0.80   2565.33 138.64 88.72  16.73  -0.46  -0.89  0.00   0.89   -0.46  -0.01  0.27   3.51   0.10   0.95   0.94   0.88   0.86   3.41   0.12   0.33   0.33   3.00   0.00   -999.25 -1.82  1375.26 0.00   22.24  11.00  0.38   0.14   
1831069.70 405397.14 -6223.07 "9/11/2015" 88.00  1831069.70 405397.14 -6223.07 4.68   0.00   5.25   0.00   0.76   2550.53 156.13 70.08  15.18  -0.46  -0.89  -0.00  0.89   -0.46  0.05   0.83   3.62   0.12   0.90   0.94   0.93   0.90   3.63   0.14   0.44   0.29   3.00   0.00   -999.25 -1.85  1236.51 0.00   27.82  11.00  0.17   0.24   
1831055.43 405407.09 -6215.16 "9/11/2015" 90.00  1831055.43 405407.09 -6215.16 4.27   0.00   4.48   0.00   0.60   2565.89 199.92 78.76  37.68  -0.46  -0.89  0.00   0.89   -0.46  -0.03  0.33   3.39   0.06   0.94   0.95   0.91   0.89   2.67   0.07   0.27   0.27   3.00   0.00   -999.25 -1.95  877.94 0.00   28.02  11.00  0.12   0.18   
1831818.11 405281.95 -6379.19 "9/11/2015" 91.00  1831818.11 405281.95 -6379.19 2.82   3.00   2.89   0.00   0.47   1916.74 147.39 39.41  20.63  0.58   0.82   0.00   0.76   -0.54  0.37   0.27   3.25   0.05   0.82   0.82   0.86   0.75   2.53   0.06   0.19   0.32   3.00   0.00   -999.25 -2.37  207.48 0.00   17.27  11.00  0.12   0.40   
1831093.12 405351.03 -6274.25 "9/11/2015" 92.00  1831093.12 405351.03 -6274.25 6.34   0.00   7.12   0.00   0.74   2520.32 154.75 70.38  45.91  -0.45  -0.89  -0.00  0.88   -0.44  0.18   0.27   3.89   0.23   0.94   0.97   0.90   0.89   5.16   0.26   0.60   0.42   3.00   0.00   -999.25 -1.91  1008.21 0.00   23.84  11.00  0.23   0.26   
1830915.12 405132.08 -6047.60 "9/11/2015" 93.00  1830915.12 405132.08 -6047.60 2.53   0.00   2.83   0.00   0.94   2555.07 503.02 68.97  38.79  -0.35  -0.94  -0.00  0.93   -0.35  -0.04  0.21   3.11   0.02   0.71   0.82   0.86   0.74   1.99   0.04   0.21   0.19   3.00   0.00   -999.25 -2.01  705.22 0.00   20.62  11.00  0.24   0.34   
1830968.75 405338.67 -6123.92 "9/11/2015" 94.00  1830968.75 405338.67 -6123.92 2.53   0.00   2.81   0.00   0.90   2596.49 275.20 67.81  12.15  -0.42  -0.91  0.00   0.91   -0.42  -0.01  0.20   3.06   0.02   0.79   0.89   0.75   0.71   2.02   0.04   0.22   0.18   3.00   0.00   -999.25 -1.91  1007.58 0.00   24.12  11.00  0.22   0.34   
1831034.63 405342.69 -6096.51 "9/11/2015" 95.00  1831034.63 405342.69 -6096.51 2.78   0.00   3.07   0.00   0.78   2535.30 276.73 87.58  25.31  -0.44  -0.90  0.00   0.90   -0.44  -0.02  0.32   3.24   0.04   0.89   0.90   0.83   0.79   2.31   0.05   0.25   0.21   3.00   0.00   -999.25 -2.09  532.24 0.00   18.19  11.00  0.27   0.26   
1830935.25 405223.58 -6089.68 "9/11/2015" 96.00  1830935.25 405223.58 -6089.68 3.66   0.00   4.14   0.00   0.56   2575.54 216.93 73.38  19.99  -0.38  -0.92  0.00   0.92   -0.38  -0.02  0.12   3.18   0.05   0.83   0.85   0.79   0.72   2.88   0.08   0.27   0.30   3.00   0.00   -999.25 -1.94  900.50 0.00   22.50  11.00  0.24   0.14   
1831456.21 405562.10 -6200.22 "9/11/2015" 97.00  1831456.21 405562.10 -6200.22 2.50   0.00   2.86   0.00   0.39   2307.34 321.29 73.37  35.49  -0.59  -0.81  -0.00  0.81   -0.59  -0.02  0.28   3.04   0.03   0.81   0.78   0.79   0.68   2.22   0.05   0.18   0.26   3.00   0.00   -999.25 -1.92  972.87 0.00   28.90  11.00  0.12   0.21   
1830996.82 405162.67 -6050.11 "9/11/2015" 98.00  1830996.82 405162.67 -6050.11 2.57   0.00   2.79   0.00   0.87   2490.80 165.72 68.96  39.58  -0.38  -0.93  -0.00  0.93   -0.38  -0.03  0.27   3.11   0.02   0.81   0.85   0.85   0.74   1.94   0.04   0.23   0.16   3.00   0.00   -999.25 -1.77  1656.75 0.00   35.89  11.00  0.11   0.27   
1831272.44 405445.59 -6233.18 "9/11/2015" 99.00  1831272.44 405445.59 -6233.18 8.12   0.00   8.60   0.00   0.81   2402.24 172.11 70.37  16.01  -0.52  -0.86  -0.00  0.86   -0.52  0.05   0.39   4.06   0.35   0.91   0.95   0.94   0.92   7.55   0.40   0.75   0.49   3.00   0.00   -999.25 -1.65  2495.75 0.01   30.35  11.00  0.27   0.30   
1831092.83 405450.51 -6131.98 "9/11/2015" 100.00 1831092.83 405450.51 -6131.98 2.19   0.00   2.54   0.00   0.87   2538.72 408.14 74.72  18.39  -0.48  -0.88  -0.00  0.87   -0.48  -0.05  0.90   3.10   0.03   0.75   0.76   0.84   0.69   2.09   0.04   0.24   0.17   3.00   0.00   -999.25 -1.88  1126.86 0.00   24.06  11.00  0.25   0.38   
1831064.68 405380.42 -6078.16 "9/11/2015" 101.00 1831064.68 405380.42 -6078.16 2.27   0.00   2.61   0.00   0.61   2522.67 151.67 79.20  22.44  -0.46  -0.89  -0.00  0.89   -0.46  -0.03  0.18   2.98   0.02   0.78   0.85   0.78   0.71   1.87   0.03   0.19   0.19   3.00   0.00   -999.25 -1.82  1387.12 0.00   34.90  11.00  0.10   0.25   
1831256.25 405380.17 -6163.91 "9/11/2015" 102.00 1831256.25 405380.17 -6163.91 6.18   3.00   2.50   0.00   1.29   2370.02 39.26  35.05  1.34   0.49   0.87   0.00   0.87   -0.49  0.01   0.90   2.55   0.02   0.74   0.89   0.85   0.79   2.99   0.07   0.44   0.16   3.00   0.00   -999.25 -1.85  1232.64 0.00   23.38  11.00  0.29   0.40   
1831017.00 405357.70 -6147.80 "9/11/2015" 104.00 1831017.00 405357.70 -6147.80 2.83   0.00   2.95   0.00   0.66   2565.58 376.83 86.63  20.18  -0.44  -0.90  0.00   0.90   -0.44  -0.04  0.06   2.73   0.02   0.86   0.83   0.82   0.74   2.00   0.04   0.21   0.19   3.00   0.00   -999.25 -1.74  1835.13 0.00   35.97  10.00  0.12   0.33   
1831267.24 405709.87 -6049.08 "9/11/2015" 105.00 1831267.24 405709.87 -6049.08 4.60   3.00   5.07   0.00   0.31   2517.95 216.57 36.50  18.97  0.59   0.81   -0.00  0.77   -0.56  0.32   0.50   3.17   0.07   0.89   0.89   0.82   0.76   3.88   0.12   0.30   0.39   3.00   0.00   -999.25 -1.97  815.97 0.00   20.16  11.00  0.30   0.10   
1831403.99 405463.15 -6203.62 "9/11/2015" 106.00 1831403.99 405463.15 -6203.62 2.00   3.00   2.18   0.00   0.84   2295.75 122.09 31.62  7.71   0.54   0.84   0.00   0.84   -0.54  -0.03  0.69   2.82   0.01   0.66   0.66   0.79   0.59   1.74   0.03   0.19   0.16   3.00   0.00   -999.25 -1.99  766.57 0.00   27.91  11.00  0.11   0.43   
1831158.81 405374.30 -6066.95 "9/11/2015" 108.00 1831158.81 405374.30 -6066.95 2.21   3.00   2.35   0.00   0.90   2435.61 204.45 35.25  20.06  0.47   0.88   0.00   0.84   -0.44  0.32   0.61   3.08   0.02   0.78   0.82   0.85   0.73   1.78   0.03   0.19   0.16   3.00   0.00   -999.25 -1.97  816.38 0.00   27.68  11.00  0.12   0.42   
1831154.98 405263.38 -6230.78 "9/11/2015" 109.00 1831154.98 405263.38 -6230.78 1.82   0.00   2.13   0.00   0.76   2419.02 355.52 124.11 30.82  -0.43  -0.90  -0.00  0.90   -0.43  0.05   0.46   2.87   0.01   0.77   0.68   0.83   0.65   1.44   0.02   0.14   0.14   3.00   0.00   -999.25 -1.75  1729.72 0.01   52.34  11.00  0.04   0.51   
1831692.63 405545.11 -6221.65 "9/11/2015" 110.00 1831692.63 405545.11 -6221.65 2.47   3.00   2.45   0.00   0.63   2118.93 144.45 32.32  21.02  0.63   0.78   0.00   0.77   -0.62  0.16   0.02   2.96   0.02   0.73   0.71   0.75   0.60   1.81   0.03   0.16   0.21   3.00   0.00   -999.25 -2.18  391.09 0.00   20.83  11.00  0.13   0.41   
1831572.07 405352.28 -6287.10 "9/11/2015" 111.00 1831572.07 405352.28 -6287.10 2.25   3.00   2.62   0.00   2.50   2120.26 175.02 33.83  18.90  0.54   0.84   -0.00  0.82   -0.53  0.21   0.55   3.23   0.03   0.82   0.85   0.89   0.81   2.11   0.04   0.25   0.17   3.00   0.00   -999.25 -2.25  315.01 0.00   20.22  11.00  0.12   0.53   
1831396.22 405233.74 -6185.10 "9/11/2015" 112.00 1831396.22 405233.74 -6185.10 1.73   0.00   2.12   0.00   0.89   2185.44 142.63 86.73  9.76   -0.46  -0.89  0.00   0.89   -0.46  0.03   0.78   2.78   0.01   0.62   0.56   0.81   0.50   1.63   0.03   0.17   0.16   3.00   0.00   -999.25 -2.02  685.35 0.00   24.53  9.00   0.14   0.35   
1831378.85 405390.78 -6240.16 "9/11/2015" 113.00 1831378.85 405390.78 -6240.16 2.88   0.00   3.45   0.00   0.68   2287.29 335.07 72.39  17.49  -0.51  -0.86  0.00   0.86   -0.51  0.06   0.23   3.29   0.07   0.86   0.83   0.86   0.76   2.88   0.09   0.31   0.27   3.00   0.00   -999.25 -2.23  332.54 0.00   15.38  11.00  0.28   0.25   
1831241.34 405367.63 -6173.06 "9/11/2015" 114.00 1831241.34 405367.63 -6173.06 6.85   0.00   7.22   0.00   0.47   2378.61 313.65 87.54  10.60  -0.48  -0.88  0.00   0.88   -0.48  0.03   0.70   3.47   0.16   0.92   0.93   0.86   0.82   5.15   0.21   0.42   0.48   3.00   0.00   -999.25 -1.85  1247.55 0.00   19.93  11.00  0.48   0.13   
1831393.99 405627.01 -6238.64 "9/11/2015" 115.00 1831393.99 405627.01 -6238.64 8.35   0.00   9.71   0.00   0.26   2401.95 327.58 70.42  16.01  -0.59  -0.81  0.00   0.81   -0.58  0.06   0.10   3.75   0.20   0.91   0.91   0.90   0.84   6.78   0.24   0.46   0.52   3.00   0.00   -999.25 -1.98  787.51 0.00   17.07  11.00  0.48   0.08   
1831442.68 405497.37 -6206.31 "9/11/2015" 116.00 1831442.68 405497.37 -6206.31 2.89   3.00   2.46   0.00   3.88   2283.25 141.91 31.86  8.69   0.56   0.83   -0.00  0.83   -0.56  -0.05  0.13   3.07   0.01   0.59   0.84   0.80   0.73   1.97   0.03   0.27   0.12   3.00   0.00   -999.25 -1.95  878.35 0.00   27.25  11.00  0.13   1.91   
1830956.10 405129.47 -6255.97 "9/11/2015" 117.00 1830956.10 405129.47 -6255.97 2.95   0.00   3.34   0.00   0.56   2551.81 292.42 72.40  48.30  -0.36  -0.93  0.00   0.92   -0.35  0.17   0.94   3.18   0.04   0.87   0.88   0.86   0.79   2.36   0.06   0.22   0.25   3.00   0.00   -999.25 -2.08  568.12 0.00   22.20  11.00  0.16   0.25   
1831374.10 405528.60 -6242.50 "9/11/2015" 118.00 1831374.10 405528.60 -6242.50 2.79   3.00   3.34   0.00   0.45   2363.67 265.88 33.29  24.21  0.56   0.83   -0.00  0.83   -0.55  0.10   0.94   2.95   0.03   0.76   0.74   0.85   0.69   2.31   0.05   0.18   0.28   3.00   0.00   -999.25 -2.14  449.57 0.00   18.09  11.00  0.23   0.24   
1831107.07 405448.84 -6157.33 "9/11/2015" 119.00 1831107.07 405448.84 -6157.33 2.13   0.00   2.42   0.00   0.84   2529.89 241.16 68.01  16.46  -0.48  -0.88  0.00   0.88   -0.48  -0.04  0.00   3.05   0.03   0.77   0.77   0.82   0.67   1.94   0.04   0.21   0.18   3.00   0.00   -999.25 -1.86  1193.02 0.00   32.12  11.00  0.11   0.41   
1831161.12 405473.38 -6205.68 "9/11/2015" 120.00 1831161.12 405473.38 -6205.68 4.29   0.00   4.69   0.00   0.68   2504.39 139.02 68.04  31.61  -0.50  -0.87  0.00   0.87   -0.50  -0.01  0.97   3.29   0.07   0.87   0.88   0.85   0.78   3.19   0.10   0.34   0.29   3.00   0.00   -999.25 -1.98  782.16 0.00   18.19  11.00  0.39   0.26   
1830995.32 405586.82 -6179.05 "9/11/2015" 121.00 1830995.32 405586.82 -6179.05 3.61   0.00   3.68   0.00   1.03   2696.50 94.79  71.88  7.48   -0.51  -0.86  -0.00  0.86   -0.51  0.02   0.58   3.20   0.05   0.91   0.96   0.89   0.88   2.55   0.07   0.30   0.21   3.00   0.00   -999.25 -1.42  5428.75 0.01   55.00  11.00  0.10   0.32   
1831030.60 405632.29 -6059.73 "9/11/2015" 122.00 1831030.60 405632.29 -6059.73 2.32   0.00   2.56   0.00   0.61   2671.85 234.32 192.90 104.57 -0.53  -0.85  -0.00  0.85   -0.53  -0.05  0.07   2.74   0.02   0.81   0.66   0.73   0.59   1.63   0.03   0.16   0.16   3.00   0.00   -999.25 -1.96  860.49 0.00   21.95  11.00  0.25   0.28   
1831284.22 405479.76 -6207.71 "9/11/2015" 123.00 1831284.22 405479.76 -6207.71 2.27   0.00   2.78   0.00   1.52   2404.36 408.40 68.15  31.81  -0.53  -0.85  -0.00  0.85   -0.53  -0.00  0.36   2.87   0.02   0.67   0.62   0.86   0.59   1.97   0.04   0.24   0.16   3.00   0.00   -999.25 -2.07  573.88 0.00   19.63  11.00  0.23   0.53   
1831173.04 405293.09 -6210.59 "9/11/2015" 124.00 1831173.04 405293.09 -6210.59 7.57   0.00   8.42   0.00   0.69   2411.63 117.23 68.15  31.79  -0.44  -0.90  -0.00  0.90   -0.44  -0.00  0.68   3.90   0.23   0.92   0.96   0.95   0.93   6.07   0.28   0.55   0.50   3.00   0.00   -999.25 -1.89  1076.16 0.00   18.77  11.00  0.49   0.17   
1831154.85 405630.44 -6162.28 "9/11/2015" 125.00 1831154.85 405630.44 -6162.28 2.77   3.00   3.00   0.00   1.00   2582.35 27.84  21.14  0.92   0.54   0.84   0.00   0.84   -0.54  0.01   0.39   3.00   0.03   0.76   0.73   0.87   0.71   1.98   0.04   0.23   0.17   3.00   0.00   -999.25 -1.77  1609.10 0.00   37.79  11.00  0.09   0.33   
1831014.20 405248.53 -6192.44 "9/11/2015" 126.00 1831014.20 405248.53 -6192.44 3.10   0.00   3.24   0.00   0.73   2530.69 203.26 80.79  38.63  -0.41  -0.91  -0.00  0.91   -0.41  -0.03  0.77   3.24   0.03   0.85   0.88   0.88   0.81   2.18   0.05   0.23   0.20   3.00   0.00   -999.25 -1.69  2131.48 0.01   39.87  11.00  0.10   0.29   
1831091.28 405455.39 -6275.32 "9/11/2015" 127.00 1831091.28 405455.39 -6275.32 2.93   0.00   3.25   0.00   0.83   2569.62 342.84 70.30  46.02  -0.48  -0.87  -0.00  0.86   -0.48  0.18   0.26   3.25   0.04   0.84   0.82   0.90   0.79   2.38   0.06   0.27   0.20   3.00   0.00   -999.25 -2.04  644.50 0.00   23.15  11.00  0.16   0.35   
1831137.67 405563.09 -6158.89 "9/11/2015" 128.00 1831137.67 405563.09 -6158.89 3.50   0.00   3.33   0.00   0.58   2560.69 193.25 147.75 35.73  -0.52  -0.85  0.00   0.85   -0.52  -0.04  0.73   3.28   0.05   0.90   0.91   0.83   0.79   2.47   0.07   0.23   0.26   3.00   0.00   -999.25 -1.75  1740.52 0.00   28.69  11.00  0.22   0.24   
1831298.95 405663.43 -6260.34 "9/11/2015" 129.00 1831298.95 405663.43 -6260.34 4.98   0.00   5.63   0.00   0.74   2502.71 190.86 70.24  45.87  -0.58  -0.82  -0.00  0.80   -0.57  0.18   0.76   3.70   0.17   0.91   0.95   0.91   0.89   4.45   0.21   0.50   0.38   3.00   0.00   -999.25 -1.81  1412.89 0.01   29.06  11.00  0.17   0.34   
1831383.84 405432.77 -6209.40 "9/11/2015" 130.00 1831383.84 405432.77 -6209.40 6.22   0.00   6.59   0.00   1.28   2297.69 360.15 81.17  39.13  -0.52  -0.85  0.00   0.85   -0.52  -0.02  0.10   3.51   0.09   0.86   0.91   0.89   0.84   3.97   0.13   0.39   0.37   3.00   0.00   -999.25 -1.81  1411.58 0.00   19.61  11.00  0.57   0.31   
1831436.74 405697.00 -6111.06 "9/11/2015" 132.00 1831436.74 405697.00 -6111.06 2.14   3.00   2.21   0.00   1.48   2385.55 34.09  23.41  1.16   0.62   0.79   0.00   0.79   -0.62  -0.00  0.99   2.97   0.02   0.76   0.78   0.80   0.69   1.86   0.03   0.25   0.13   3.00   0.00   -999.25 -2.12  486.66 0.00   18.20  10.00  0.25   0.55   
1831208.82 405543.48 -6165.92 "9/11/2015" 131.00 1831208.82 405543.48 -6165.92 3.27   0.00   3.36   0.00   0.76   2492.21 195.41 87.20  10.39  -0.53  -0.85  -0.00  0.85   -0.53  0.02   0.10   3.02   0.05   0.88   0.94   0.83   0.81   2.57   0.07   0.28   0.24   3.00   0.00   -999.25 -1.97  816.99 0.00   19.26  11.00  0.35   0.30   
1831284.24 405566.87 -6164.92 "9/11/2015" 133.00 1831284.24 405566.87 -6164.92 2.87   0.00   3.12   0.00   1.27   2442.01 225.78 69.04  7.98   -0.55  -0.84  -0.00  0.84   -0.55  0.03   0.58   3.01   0.04   0.89   0.91   0.86   0.82   2.51   0.06   0.30   0.20   3.00   0.00   -999.25 -2.07  576.30 0.00   20.17  11.00  0.21   0.46   
1831642.95 405391.59 -6255.04 "9/11/2015" 134.00 1831642.95 405391.59 -6255.04 2.45   0.00   2.87   0.00   0.59   2076.12 177.58 74.83  47.55  -0.57  -0.82  0.00   0.81   -0.57  0.16   0.10   3.26   0.04   0.85   0.88   0.84   0.80   2.31   0.06   0.22   0.24   3.00   0.00   -999.25 -2.23  329.41 0.00   18.17  11.00  0.17   0.35   
1831680.77 405876.89 -6289.16 "9/11/2015" 135.00 1831680.77 405876.89 -6289.16 2.08   3.00   2.59   0.00   0.64   2360.69 222.98 33.67  19.36  0.71   0.70   -0.00  -0.68  0.69   -0.22  0.89   2.88   0.02   0.80   0.64   0.66   0.51   1.85   0.03   0.17   0.20   3.00   0.00   -999.25 -2.04  641.18 0.00   21.22  10.00  0.20   0.36   
1831297.22 405663.93 -6182.42 "9/11/2015" 136.00 1831297.22 405663.93 -6182.42 2.43   0.00   2.76   0.00   1.05   2488.66 200.13 70.78  7.96   -0.58  -0.82  0.00   0.82   -0.58  0.03   0.38   3.15   0.03   0.85   0.90   0.86   0.81   2.22   0.04   0.30   0.14   3.00   0.00   -999.25 -1.91  1011.12 0.00   22.40  11.00  0.27   0.38   
1831379.13 405729.26 -6186.00 "9/11/2015" 137.00 1831379.13 405729.26 -6186.00 2.41   0.00   2.81   0.00   1.07   2463.09 309.16 70.60  8.23   -0.61  -0.79  0.00   0.79   -0.61  0.03   0.42   3.15   0.03   0.79   0.89   0.82   0.77   2.08   0.04   0.25   0.17   3.00   0.00   -999.25 -1.95  887.65 0.00   23.19  11.00  0.22   0.38   
1831518.61 405528.98 -6069.74 "9/11/2015" 139.00 1831518.61 405528.98 -6069.74 2.46   3.00   2.57   0.00   0.51   2214.51 274.21 35.40  19.57  0.59   0.81   0.00   0.77   -0.56  0.31   0.07   2.93   0.02   0.80   0.73   0.69   0.58   1.76   0.03   0.16   0.19   3.00   0.00   -999.25 -2.06  599.08 0.00   25.98  10.00  0.10   0.21   
1831302.35 405419.18 -6244.91 "9/11/2015" 140.00 1831302.35 405419.18 -6244.91 3.28   0.00   3.79   0.00   0.60   2366.55 379.81 71.20  16.58  -0.51  -0.86  0.00   0.86   -0.51  0.05   0.61   3.37   0.07   0.88   0.87   0.90   0.83   2.75   0.08   0.27   0.28   3.00   0.00   -999.25 -2.06  588.29 0.00   20.72  11.00  0.20   0.34   
1831326.57 405580.73 -6091.00 "9/11/2015" 141.00 1831326.57 405580.73 -6091.00 2.79   3.00   2.61   0.00   1.53   2402.44 159.85 35.57  17.12  0.56   0.83   -0.00  0.81   -0.55  0.23   0.36   3.15   0.03   0.80   0.90   0.84   0.79   2.19   0.04   0.29   0.14   3.00   0.00   -999.25 -2.05  624.11 0.00   21.99  10.00  0.18   0.48   
1830935.40 405130.27 -6274.65 "9/11/2015" 142.00 1830935.40 405130.27 -6274.65 2.52   0.00   2.90   0.00   0.75   2574.99 251.41 70.21  46.04  -0.35  -0.94  -0.00  0.92   -0.34  0.18   0.58   3.19   0.03   0.77   0.81   0.86   0.76   2.23   0.05   0.25   0.20   3.00   0.00   -999.25 -2.17  404.43 0.00   16.87  11.00  0.26   0.39   
1831547.86 405429.36 -6228.09 "9/11/2015" 144.00 1831547.86 405429.36 -6228.09 5.76   3.00   4.44   0.00   1.46   2166.12 176.88 32.51  20.89  0.56   0.83   0.00   0.81   -0.55  0.18   0.59   3.27   0.04   0.74   0.82   0.85   0.74   2.81   0.07   0.23   0.32   3.00   0.00   -999.25 -1.82  1366.99 0.00   23.87  11.00  0.31   0.32   
1831379.00 405699.93 -6228.65 "9/11/2015" 145.00 1831379.00 405699.93 -6228.65 5.42   0.00   6.05   0.00   1.24   2454.15 118.33 70.26  15.71  -0.60  -0.80  0.00   0.80   -0.60  0.06   0.90   3.88   0.21   0.90   0.94   0.91   0.88   5.81   0.25   0.74   0.31   3.00   0.00   -999.25 -1.80  1488.76 0.00   24.26  11.00  0.32   0.55   
1831042.27 405384.29 -6249.95 "9/11/2015" 147.00 1831042.27 405384.29 -6249.95 4.57   0.00   4.93   0.00   0.59   2574.12 290.36 70.32  46.45  -0.45  -0.89  0.00   0.88   -0.44  0.18   0.90   3.54   0.10   0.81   0.85   0.96   0.83   3.53   0.13   0.39   0.32   3.00   0.00   -999.25 -1.68  2256.81 0.01   43.77  11.00  0.08   0.24   
1831306.19 405194.02 -6200.83 "9/11/2015" 148.00 1831306.19 405194.02 -6200.83 5.41   3.00   3.68   0.00   0.73   2250.12 69.49  49.82  11.47  0.43   0.90   0.00   0.90   -0.43  -0.03  0.31   2.46   0.03   0.93   0.94   0.89   0.85   4.34   0.15   0.41   0.40   3.00   0.00   -999.25 -1.85  1240.79 0.00   25.39  11.00  0.23   0.20   
1831585.90 405181.66 -6238.56 "9/11/2015" 149.00 1831585.90 405181.66 -6238.56 3.53   3.00   3.38   0.00   0.66   2011.67 61.71  29.60  2.04   0.48   0.88   0.00   0.88   -0.48  0.02   0.25   3.26   0.04   0.88   0.89   0.87   0.81   2.48   0.05   0.20   0.30   3.00   0.00   -999.25 -2.14  450.03 0.00   18.76  11.00  0.21   0.23   
1831995.52 405415.43 -6220.81 "9/11/2015" 150.00 1831995.52 405415.43 -6220.81 1.63   0.00   2.12   0.00   0.57   1814.85 117.38 72.63  19.97  -0.67  -0.74  -0.00  0.74   -0.67  0.08   0.89   2.82   0.01   0.77   0.63   0.68   0.50   1.61   0.03   0.15   0.17   3.00   0.00   -999.25 -2.06  607.67 0.00   38.11  11.00  0.03   0.34   
1831347.90 405351.62 -6256.03 "9/11/2015" 151.00 1831347.90 405351.62 -6256.03 2.20   0.00   2.74   0.00   0.42   2297.73 374.67 70.60  45.19  -0.50  -0.87  0.00   0.85   -0.49  0.18   0.72   3.05   0.03   0.78   0.75   0.85   0.70   2.15   0.05   0.17   0.26   3.00   0.00   -999.25 -2.06  593.47 0.00   20.96  10.00  0.20   0.32   
1831703.90 405184.66 -6220.16 "9/11/2015" 152.00 1831703.90 405184.66 -6220.16 2.28   0.00   3.28   0.00   0.20   1909.36 564.61 71.92  19.32  -0.51  -0.86  -0.00  0.86   -0.51  0.08   0.86   2.95   0.03   0.66   0.56   0.67   0.45   2.48   0.05   0.20   0.29   3.00   0.00   -999.25 -2.19  385.98 0.00   17.33  10.00  0.23   0.11   
1831729.85 405246.70 -6234.99 "9/11/2015" 153.00 1831729.85 405246.70 -6234.99 2.08   0.00   2.92   0.00   0.24   1923.43 218.88 74.27  20.47  -0.54  -0.84  0.00   0.84   -0.54  0.08   0.49   2.79   0.02   0.64   0.58   0.62   0.40   2.77   0.05   0.15   0.32   3.00   0.00   -999.25 -2.26  301.66 0.00   17.27  11.00  0.18   0.18   
1831313.74 405451.00 -6135.62 "9/11/2015" 154.00 1831313.74 405451.00 -6135.62 2.64   0.00   2.95   0.00   0.60   2351.15 275.93 67.89  17.85  -0.52  -0.85  -0.00  0.85   -0.52  -0.05  0.18   3.04   0.03   0.88   0.84   0.80   0.73   2.24   0.05   0.23   0.22   3.00   0.00   -999.25 -2.00  740.42 0.00   24.86  11.00  0.15   0.30   
1831920.14 405532.61 -6241.03 "9/11/2015" 155.00 1831920.14 405532.61 -6241.03 2.07   0.00   2.79   0.00   0.29   1950.13 233.68 76.50  21.38  -0.69  -0.73  0.00   0.73   -0.68  0.08   0.56   3.01   0.03   0.69   0.69   0.83   0.60   2.35   0.05   0.16   0.28   3.00   0.00   -999.25 -2.37  205.13 0.00   13.93  11.00  0.23   0.17   
1831014.29 405326.71 -6236.70 "9/11/2015" 157.00 1831014.29 405326.71 -6236.70 3.10   0.00   3.35   0.00   0.64   2571.16 142.95 69.99  15.08  -0.43  -0.90  0.00   0.90   -0.43  0.05   0.51   3.17   0.05   0.89   0.89   0.82   0.78   2.64   0.07   0.28   0.24   3.00   0.00   -999.25 -2.03  675.02 0.00   22.59  11.00  0.18   0.22   
1831034.58 405567.85 -6131.83 "9/11/2015" 158.00 1831034.58 405567.85 -6131.83 2.72   0.00   2.80   0.00   0.87   2645.88 230.78 84.60  19.90  -0.50  -0.86  -0.00  0.86   -0.50  -0.04  0.60   3.18   0.04   0.85   0.84   0.85   0.76   2.15   0.05   0.26   0.17   3.00   0.00   -999.25 -1.80  1450.90 0.00   26.19  11.00  0.25   0.25   
1831939.43 405218.75 -6245.34 "9/11/2015" 159.00 1831939.43 405218.75 -6245.34 2.38   3.00   3.17   0.00   0.20   1745.19 108.81 38.33  18.47  0.58   0.81   -0.00  0.79   -0.57  0.23   0.21   2.23   0.01   0.80   0.75   0.75   0.59   2.29   0.05   0.20   0.26   3.00   0.00   -999.25 -2.14  448.54 0.00   24.93  11.00  0.09   0.08   
1830890.84 405769.42 -6396.33 "9/11/2015" 161.00 1830890.84 405769.42 -6396.33 4.81   0.00   4.98   0.00   0.54   2920.96 106.53 97.38  45.09  0.55   0.83   0.01   0.74   -0.50  0.46   0.73   3.55   0.09   0.92   0.95   0.90   0.88   3.51   0.11   0.44   0.24   3.00   0.00   -999.25 -1.91  1001.59 0.00   15.11  11.00  0.88   0.47   
1830812.63 405583.44 -6441.72 "9/11/2015" 164.00 1830812.63 405583.44 -6441.72 1.98   3.00   2.37   0.00   0.83   2905.96 216.31 39.61  22.47  0.48   0.88   0.00   0.78   -0.42  0.46   0.38   3.13   0.02   0.80   0.85   0.82   0.76   1.89   0.03   0.25   0.13   3.00   0.00   -999.25 -1.98  789.18 0.00   19.85  9.00   0.31   0.35   
1831215.27 405328.19 -6218.44 "9/11/2015" 165.00 1831215.27 405328.19 -6218.44 2.90   0.00   3.33   0.00   1.05   2391.99 432.03 68.29  31.83  -0.46  -0.89  -0.00  0.89   -0.46  -0.00  0.59   3.31   0.05   0.84   0.87   0.87   0.80   2.52   0.06   0.28   0.22   3.00   0.00   -999.25 -2.13  465.39 0.00   17.26  11.00  0.28   0.31   
1831186.17 405482.72 -6150.80 "9/11/2015" 166.00 1831186.17 405482.72 -6150.80 2.43   0.00   2.49   0.00   1.07   2477.59 408.00 125.92 31.40  -0.51  -0.86  0.00   0.86   -0.51  -0.05  0.14   2.86   0.02   0.83   0.82   0.85   0.74   1.85   0.03   0.20   0.17   3.00   0.00   -999.25 -1.73  1907.50 0.00   33.90  10.00  0.15   0.43   
1831979.99 405493.13 -6260.06 "9/11/2015" 167.00 1831979.99 405493.13 -6260.06 2.11   0.00   2.78   0.00   0.53   1887.57 237.95 76.46  44.52  -0.69  -0.72  0.00   0.71   -0.68  0.18   0.82   2.96   0.02   0.70   0.60   0.86   0.60   2.04   0.04   0.19   0.22   3.00   0.00   -999.25 -2.08  556.34 0.00   28.31  10.00  0.07   0.31   
1831030.80 405534.71 -6296.96 "9/11/2015" 169.00 1831030.80 405534.71 -6296.96 4.06   0.00   4.43   0.00   0.55   2663.68 448.75 72.06  47.29  -0.50  -0.87  0.00   0.84   -0.48  0.27   0.86   3.32   0.05   0.83   0.83   0.84   0.75   2.85   0.08   0.32   0.25   3.00   0.00   -999.25 -2.02  699.08 0.00   18.24  11.00  0.35   0.28   
1831471.17 405738.62 -6128.27 "9/11/2015" 170.00 1831471.17 405738.62 -6128.27 2.16   0.00   2.71   0.00   1.55   2387.65 334.32 71.90  13.69  -0.64  -0.77  0.00   0.77   -0.64  -0.02  0.54   3.22   0.03   0.74   0.82   0.88   0.76   2.29   0.05   0.32   0.14   3.00   0.00   -999.25 -2.08  551.53 0.00   17.94  11.00  0.29   0.39   
1831424.51 405530.76 -6292.97 "9/11/2015" 171.00 1831424.51 405530.76 -6292.97 5.94   3.00   5.64   0.00   0.76   2336.13 92.62  33.69  19.32  0.57   0.82   0.00   0.80   -0.55  0.22   0.95   3.63   0.10   0.89   0.97   0.93   0.91   3.75   0.12   0.36   0.36   3.00   0.00   -999.25 -1.89  1071.09 0.00   14.71  11.00  1.02   0.33   
1831719.57 405170.62 -6222.99 "9/11/2015" 172.00 1831719.57 405170.62 -6222.99 1.97   0.00   2.54   0.00   0.56   1890.21 301.70 78.05  22.50  -0.51  -0.86  -0.00  0.86   -0.51  0.08   0.53   2.80   0.02   0.75   0.62   0.65   0.44   1.80   0.04   0.17   0.19   3.00   0.00   -999.25 -2.33  240.29 0.00   14.26  10.00  0.25   0.26   
1831780.76 405326.17 -6238.63 "9/11/2015" 173.00 1831780.76 405326.17 -6238.63 5.81   0.00   7.34   0.00   0.14   1926.82 141.24 72.09  19.15  -0.58  -0.81  0.00   0.81   -0.58  0.08   0.93   3.59   0.15   0.90   0.86   0.88   0.80   7.90   0.19   0.35   0.49   3.00   0.00   -999.25 -2.04  649.89 0.00   20.76  11.00  0.22   0.09   
1831476.62 405850.39 -6193.23 "9/11/2015" 174.00 1831476.62 405850.39 -6193.23 2.15   3.00   2.24   0.00   1.43   2466.76 180.71 32.29  11.76  0.66   0.75   0.00   0.75   -0.66  0.08   0.56   3.05   0.02   0.70   0.81   0.81   0.70   1.82   0.03   0.23   0.14   3.00   0.00   -999.25 -1.88  1106.50 0.00   29.39  11.00  0.13   0.62   
1831294.94 405784.37 -6157.01 "9/11/2015" 175.00 1831294.94 405784.37 -6157.01 3.34   0.00   3.33   0.00   0.82   2556.50 179.02 115.73 28.27  -0.61  -0.79  0.00   0.79   -0.61  -0.05  0.82   3.33   0.05   0.82   0.89   0.89   0.84   2.57   0.07   0.31   0.20   3.00   0.00   -999.25 -1.69  2178.38 0.01   33.19  10.00  0.18   0.38   
1831284.74 405380.76 -6248.34 "9/11/2015" 176.00 1831284.74 405380.76 -6248.34 1.75   0.00   2.04   0.00   1.47   2363.43 111.89 68.06  19.18  -0.87  0.49   -0.05  -0.49  -0.87  0.00   0.96   2.93   0.02   0.67   0.64   0.79   0.58   1.75   0.03   0.22   0.13   3.00   0.00   -999.25 -1.89  1063.94 0.00   31.81  11.00  0.10   0.71   
1832263.59 404385.40 -5682.63 "9/11/2015" 177.00 1832263.59 404385.40 -5682.63 10.81  3.00   15.42  0.00   2.28   1035.21 32.75  20.42  10.16  0.99   -0.14  0.02   0.14   0.99   0.00   0.53   3.83   0.15   0.85   0.96   0.43   0.43   34.74  0.43   0.93   0.47   3.00   0.00   -999.25 -1.71  1998.80 0.01   14.59  11.00  1.96   0.75   
1831857.86 405402.19 -6244.90 "9/11/2015" 178.00 1831857.86 405402.19 -6244.90 3.69   0.00   4.84   0.00   0.24   1913.82 125.99 79.99  23.15  -0.63  -0.77  -0.00  0.77   -0.63  0.07   0.49   3.37   0.09   0.80   0.72   0.87   0.68   3.99   0.13   0.26   0.44   3.00   0.00   -999.25 -2.23  327.32 0.00   15.41  11.00  0.27   0.19   
1831556.58 405647.68 -6162.08 "9/11/2015" 179.00 1831556.58 405647.68 -6162.08 1.75   0.00   2.19   0.00   0.48   2272.30 337.09 85.87  10.89  -0.63  -0.78  -0.00  0.78   -0.63  0.03   0.89   2.91   0.01   0.70   0.67   0.78   0.60   1.63   0.03   0.16   0.17   3.00   0.00   -999.25 -1.74  1783.77 0.00   39.59  10.00  0.09   0.35   
1831951.10 405465.79 -6248.92 "9/11/2015" 181.00 1831951.10 405465.79 -6248.92 8.70   0.00   9.54   0.00   0.35   1886.80 121.83 72.43  19.47  -0.67  -0.74  0.00   0.74   -0.67  0.09   0.22   4.06   0.30   0.95   0.96   0.92   0.90   6.76   0.34   0.71   0.45   3.00   0.00   -999.25 -1.93  931.34 0.00   18.90  11.00  0.42   0.15   
1831875.46 405370.01 -6248.94 "9/11/2015" 182.00 1831875.46 405370.01 -6248.94 4.01   0.00   5.74   0.00   0.16   1882.42 190.37 72.58  19.52  -0.63  -0.78  0.00   0.78   -0.63  0.08   0.27   3.50   0.08   0.84   0.85   0.84   0.77   5.37   0.13   0.27   0.46   3.00   0.00   -999.25 -2.25  314.51 0.00   16.45  11.00  0.21   0.08   
1831219.08 405473.42 -6062.47 "9/11/2015" 183.00 1831219.08 405473.42 -6062.47 3.52   0.00   4.05   0.00   1.87   2430.96 134.99 83.61  49.20  -0.51  -0.86  -0.00  0.86   -0.51  -0.04  0.56   3.45   0.06   0.87   0.96   0.89   0.88   3.25   0.08   0.47   0.18   3.00   0.00   -999.25 -1.34  7340.76 0.02   54.81  11.00  0.14   0.90   
1831380.77 405574.68 -6196.84 "9/11/2015" 184.00 1831380.77 405574.68 -6196.84 2.92   0.00   3.44   0.00   0.42   2374.03 416.55 68.16  31.86  -0.57  -0.82  -0.00  0.82   -0.57  -0.00  0.72   3.14   0.04   0.79   0.78   0.78   0.65   2.72   0.08   0.23   0.32   3.00   0.00   -999.25 -1.98  778.13 0.00   26.24  11.00  0.13   0.23   
1831755.40 405251.23 -6224.94 "9/11/2015" 185.00 1831755.40 405251.23 -6224.94 3.31   0.00   4.37   0.00   0.27   1902.45 379.99 73.70  20.20  -0.55  -0.84  -0.00  0.83   -0.55  0.08   0.60   3.29   0.06   0.76   0.71   0.87   0.67   3.29   0.09   0.23   0.39   3.00   0.00   -999.25 -2.08  562.94 0.00   21.04  11.00  0.18   0.13   
1831609.40 405174.81 -6322.28 "9/11/2015" 186.00 1831609.40 405174.81 -6322.28 1.90   0.00   2.15   0.00   0.79   2012.13 349.70 83.16  39.45  -0.49  -0.87  0.00   0.85   -0.47  0.22   0.73   3.03   0.04   0.69   0.70   0.82   0.63   2.05   0.05   0.21   0.20   3.00   0.00   -999.25 -2.40  186.84 0.00   14.04  10.00  0.20   0.78   
1831882.95 405468.19 -6219.51 "9/11/2015" 187.00 1831882.95 405468.19 -6219.51 4.69   0.00   5.68   0.00   0.25   1929.36 457.73 69.02  32.31  -0.66  -0.75  -0.00  0.75   -0.66  0.02   0.17   3.56   0.15   0.82   0.78   0.83   0.72   4.60   0.19   0.39   0.44   3.00   0.00   -999.25 -2.19  380.46 0.00   16.47  11.00  0.26   0.07   
1831430.85 405645.38 -5950.14 "9/11/2015" 188.00 1831430.85 405645.38 -5950.14 2.12   0.00   2.86   0.00   0.44   2337.71 516.82 77.39  35.85  -0.60  -0.80  0.00   0.77   -0.58  0.25   0.36   2.84   0.02   0.74   0.58   0.62   0.44   1.98   0.04   0.17   0.22   3.00   0.00   -999.25 -1.90  1047.83 0.00   32.47  11.00  0.09   0.25   
1831931.65 405490.63 -6372.07 "9/11/2015" 189.00 1831931.65 405490.63 -6372.07 2.46   3.00   2.84   0.00   0.78   1954.37 153.15 47.69  12.44  0.68   0.74   -0.00  0.71   -0.65  0.27   0.92   3.11   0.03   0.71   0.72   0.79   0.64   2.37   0.06   0.22   0.25   3.00   0.00   -999.25 -2.10  514.87 0.00   25.62  11.00  0.09   0.62   
1832014.32 405486.80 -6263.69 "9/11/2015" 191.00 1832014.32 405486.80 -6263.69 19.96  0.00   21.75  0.00   0.16   1860.77 73.51  52.70  44.10  -0.70  0.70   -0.16  -0.70  -0.71  -0.00  0.84   4.17   0.38   0.98   0.98   0.92   0.92   19.83  0.43   0.71   0.57   3.00   0.00   -999.25 -1.78  1574.48 0.01   17.98  11.00  0.82   0.11   
1831951.57 405423.62 -6222.86 "9/11/2015" 192.00 1831951.57 405423.62 -6222.86 3.22   0.00   4.28   0.00   0.29   1852.18 196.65 76.36  21.86  -0.66  -0.75  -0.00  0.75   -0.66  0.08   0.39   3.20   0.05   0.74   0.67   0.83   0.65   2.90   0.08   0.20   0.34   3.00   0.00   -999.25 -1.97  832.95 0.00   32.53  10.00  0.07   0.16   
1831881.00 405395.59 -6179.91 "9/11/2015" 193.00 1831881.00 405395.59 -6179.91 5.49   0.00   6.20   0.00   0.12   1875.50 171.33 70.52  10.08  -0.63  -0.78  0.00   0.78   -0.63  0.04   0.82   3.47   0.10   0.91   0.90   0.91   0.85   4.20   0.13   0.28   0.46   3.00   0.00   -999.25 -1.84  1305.18 0.00   25.61  11.00  0.24   0.07   
1831670.14 405421.88 -6360.49 "9/11/2015" 194.00 1831670.14 405421.88 -6360.49 4.97   0.00   5.33   0.00   0.90   2101.49 121.66 90.15  39.35  -0.59  -0.81  -0.00  0.75   -0.55  0.37   0.92   3.58   0.10   0.87   0.92   0.90   0.87   3.63   0.12   0.37   0.35   3.00   0.00   -999.25 -2.20  364.38 0.00   19.86  11.00  0.14   0.41   
1831127.07 405423.46 -5978.60 "9/11/2015" 195.00 1831127.07 405423.46 -5978.60 2.33   3.00   2.00   0.00   0.80   2475.48 279.49 54.58  26.70  0.48   0.88   -0.00  0.85   -0.46  0.26   0.48   2.06   0.00   0.91   0.89   0.82   0.77   2.18   0.05   0.26   0.17   3.00   0.00   -999.25 -1.98  796.41 0.00   28.06  11.00  0.11   0.45   
1831273.04 405334.43 -6061.09 "9/11/2015" 197.00 1831273.04 405334.43 -6061.09 3.31   0.00   3.68   0.00   0.80   2316.51 135.71 94.04  54.55  -0.47  -0.88  0.00   0.88   -0.47  0.04   0.99   3.26   0.06   0.91   0.94   0.90   0.87   2.71   0.08   0.32   0.23   3.00   0.00   -999.25 -1.63  2623.87 0.01   45.30  11.00  0.09   0.29   
1831662.46 405268.12 -6340.21 "9/11/2015" 199.00 1831662.46 405268.12 -6340.21 1.93   0.00   2.22   0.00   0.84   2019.27 522.44 89.60  39.55  -0.53  -0.85  0.00   0.79   -0.49  0.37   0.27   2.97   0.03   0.65   0.63   0.82   0.58   1.95   0.04   0.19   0.20   3.00   0.00   -999.25 -2.19  376.57 0.00   19.91  11.00  0.14   0.87   
1831745.92 405358.06 -6422.96 "9/11/2015" 200.00 1831745.92 405358.06 -6422.96 4.25   0.00   4.71   0.00   0.60   2028.50 172.12 80.33  52.06  -0.59  -0.81  -0.00  0.76   -0.55  0.36   0.30   3.60   0.13   0.91   0.91   0.85   0.81   4.02   0.17   0.37   0.41   3.00   0.00   -999.25 -2.25  305.70 0.00   17.62  11.00  0.17   0.66   
1831497.35 405674.98 -5857.67 "9/11/2015" 201.00 1831497.35 405674.98 -5857.67 1.99   3.00   2.30   0.00   0.95   2296.00 245.40 51.18  28.75  0.63   0.78   0.00   0.75   -0.60  0.29   0.88   2.57   0.02   0.78   0.82   0.87   0.75   1.99   0.04   0.24   0.15   3.00   0.00   -999.25 -2.02  695.87 0.00   26.86  11.00  0.11   0.46   
1831867.90 405367.23 -6187.29 "9/11/2015" 202.00 1831867.90 405367.23 -6187.29 2.87   0.00   4.04   0.00   0.20   1870.03 188.34 70.69  10.12  -0.62  -0.79  0.00   0.79   -0.62  0.04   0.56   3.26   0.05   0.84   0.73   0.78   0.68   3.26   0.08   0.20   0.38   3.00   0.00   -999.25 -2.15  440.27 0.00   18.19  10.00  0.22   0.11   
1831830.86 405241.37 -6417.09 "9/11/2015" 203.00 1831830.86 405241.37 -6417.09 2.80   3.00   2.81   0.00   1.00   1898.86 182.92 37.37  22.36  0.56   0.83   0.00   0.78   -0.53  0.33   0.00   2.93   0.02   0.62   0.61   0.72   0.51   2.34   0.04   0.22   0.19   3.00   0.00   -999.25 -2.44  164.24 0.00   13.52  10.00  0.20   0.49   
1831117.51 405199.87 -6119.27 "9/11/2015" 204.00 1831117.51 405199.87 -6119.27 2.38   0.00   2.63   0.00   0.98   2405.36 262.05 67.82  13.19  -0.41  -0.91  -0.00  0.91   -0.41  -0.02  0.19   3.05   0.03   0.85   0.86   0.80   0.75   1.98   0.04   0.23   0.16   3.00   0.00   -999.25 -1.89  1097.00 0.00   29.09  11.00  0.14   0.47   
1832018.82 405398.21 -6219.55 "9/11/2015" 207.00 1832018.82 405398.21 -6219.55 4.13   3.00   5.61   0.00   0.12   1786.81 200.66 32.64  19.80  0.67   0.74   -0.00  0.73   -0.66  0.16   0.32   3.36   0.08   0.72   0.72   0.91   0.71   3.35   0.11   0.25   0.41   3.00   0.00   -999.25 -2.00  730.03 0.00   19.43  11.00  0.30   0.09   
1831406.11 405693.20 -6157.89 "9/11/2015" 208.00 1831406.11 405693.20 -6157.89 5.34   0.00   6.06   0.00   0.29   2415.21 268.89 104.39 27.15  -0.61  -0.79  0.00   0.79   -0.61  -0.05  0.60   3.64   0.14   0.92   0.92   0.88   0.85   4.33   0.17   0.38   0.42   3.00   0.00   -999.25 -1.73  1846.50 0.00   27.67  11.00  0.26   0.12   
1831791.39 405161.32 -6194.23 "9/11/2015" 209.00 1831791.39 405161.32 -6194.23 5.80   3.00   8.55   0.00   0.08   1818.60 104.50 32.88  13.19  0.52   0.85   -0.00  0.85   -0.52  0.11   0.85   3.44   0.08   0.78   0.80   0.82   0.69   8.79   0.13   0.26   0.50   3.00   0.00   -999.25 -2.03  667.65 0.00   16.29  9.00   0.47   0.04   
1831748.43 405451.54 -6216.72 "9/11/2015" 210.00 1831748.43 405451.54 -6216.72 2.67   0.00   3.14   0.00   0.66   2018.79 382.03 68.84  32.28  -0.62  -0.78  -0.00  0.78   -0.62  0.01   0.56   3.23   0.04   0.89   0.82   0.89   0.78   2.29   0.06   0.23   0.22   3.00   0.00   -999.25 -2.24  325.89 0.00   16.58  10.00  0.22   0.24   
1831772.65 405296.78 -6226.95 "9/11/2015" 212.00 1831772.65 405296.78 -6226.95 1.85   0.00   2.33   0.00   0.38   1913.76 151.94 143.54 42.10  -0.56  -0.83  0.00   0.82   -0.56  0.08   0.74   2.58   0.01   0.58   0.36   0.74   0.33   1.39   0.02   0.14   0.14   3.00   0.00   -999.25 -2.43  165.12 0.00   10.45  10.00  0.44   0.22   
1831012.59 405381.80 -6392.48 "9/11/2015" 213.00 1831012.59 405381.80 -6392.48 5.73   0.00   5.88   0.00   0.72   2631.85 249.70 132.22 122.33 -0.81  0.40   -0.44  -0.44  -0.90  0.01   0.88   3.16   0.02   0.92   0.94   0.84   0.83   1.66   0.03   0.15   0.18   3.00   0.00   -999.25 -1.75  1730.02 0.01   38.87  11.00  0.09   0.22   
1831087.83 405228.80 -6243.37 "9/11/2015" 214.00 1831087.83 405228.80 -6243.37 4.38   0.00   4.99   0.00   0.36   2467.10 283.78 70.26  15.65  -0.40  -0.91  0.00   0.91   -0.40  0.06   0.25   3.45   0.09   0.92   0.91   0.85   0.81   3.50   0.11   0.28   0.39   3.00   0.00   -999.25 -1.94  921.22 0.00   26.25  11.00  0.15   0.13   
1831378.67 405723.93 -6236.71 "9/11/2015" 215.00 1831378.67 405723.93 -6236.71 3.40   0.00   3.70   0.00   1.22   2470.39 96.06  91.04  20.10  -0.64  -0.77  -0.00  0.77   -0.64  0.05   0.35   3.30   0.07   0.93   0.95   0.83   0.82   3.03   0.08   0.41   0.20   3.00   0.00   -999.25 -1.89  1089.17 0.00   29.01  11.00  0.14   0.36   
1831326.38 405609.35 -6277.17 "9/11/2015" 216.00 1831326.38 405609.35 -6277.17 2.21   0.00   2.54   0.00   0.73   2454.24 423.91 70.53  45.73  -0.57  -0.82  -0.00  0.81   -0.56  0.18   0.37   3.13   0.02   0.83   0.81   0.86   0.73   1.98   0.04   0.22   0.18   3.00   0.00   -999.25 -2.05  624.21 0.00   23.76  9.00   0.14   0.38   
1831716.18 405296.27 -6190.08 "9/11/2015" 217.00 1831716.18 405296.27 -6190.08 2.05   3.00   2.69   0.00   0.66   1949.27 225.64 32.75  12.75  0.56   0.83   0.00   0.83   -0.55  0.10   0.59   2.87   0.01   0.74   0.73   0.64   0.52   1.76   0.03   0.16   0.19   3.00   0.00   -999.25 -1.92  977.95 0.00   34.18  11.00  0.07   0.32   
1831846.54 405415.96 -6265.10 "9/11/2015" 218.00 1831846.54 405415.96 -6265.10 25.44  0.00   27.32  0.00   0.23   1936.22 71.80  54.97  43.16  -0.76  0.62   -0.17  -0.63  -0.77  0.00   0.15   4.35   0.47   0.98   0.98   0.92   0.92   22.44  0.53   0.88   0.59   3.00   0.00   -999.25 -1.88  1126.38 0.00   12.17  11.00  1.90   0.09   
1831797.60 405613.50 -6366.29 "9/11/2015" 219.00 1831797.60 405613.50 -6366.29 1.80   3.00   2.26   0.00   1.02   2124.82 215.66 39.13  19.46  0.68   0.74   0.00   0.69   -0.63  0.36   0.85   2.97   0.03   0.76   0.60   0.85   0.60   1.86   0.04   0.20   0.18   3.00   0.00   -999.25 -2.14  460.58 0.00   29.24  11.00  0.06   0.70   
1831811.72 405325.43 -6247.39 "9/11/2015" 220.00 1831811.72 405325.43 -6247.39 8.12   0.00   9.58   0.00   0.22   1904.69 337.40 72.41  19.34  -0.59  -0.81  0.00   0.80   -0.59  0.08   0.70   3.78   0.19   0.90   0.90   0.94   0.88   7.39   0.22   0.42   0.49   3.00   0.00   -999.25 -1.99  761.75 0.00   20.87  11.00  0.25   0.08   
1831827.46 405387.68 -6278.60 "9/11/2015" 221.00 1831827.46 405387.68 -6278.60 8.30   0.00   8.86   0.00   0.18   1937.50 163.30 71.86  43.15  -0.62  -0.78  -0.00  0.77   -0.61  0.17   0.58   3.89   0.24   0.92   0.93   0.87   0.85   5.93   0.29   0.51   0.52   3.00   0.00   -999.25 -1.79  1540.06 0.01   38.25  11.00  0.08   0.11   
1831758.18 405316.03 -6257.29 "9/11/2015" 222.00 1831758.18 405316.03 -6257.29 9.67   0.00   10.83  0.00   0.24   1944.02 241.91 71.35  43.26  -0.57  -0.82  -0.00  0.81   -0.56  0.17   0.39   3.88   0.25   0.92   0.91   0.88   0.84   8.91   0.33   0.56   0.53   3.00   0.00   -999.25 -1.94  914.12 0.00   21.78  11.00  0.27   0.17   
1831999.39 405520.96 -6177.77 "9/11/2015" 223.00 1831999.39 405520.96 -6177.77 2.22   0.00   2.85   0.00   0.36   1870.91 372.07 70.58  10.10  -0.70  -0.71  -0.00  0.71   -0.70  0.04   0.52   2.94   0.02   0.78   0.71   0.83   0.67   2.06   0.04   0.16   0.25   3.00   0.00   -999.25 -2.10  524.08 0.00   25.00  11.00  0.10   0.23   
1831789.87 405354.82 -6257.71 "9/11/2015" 224.00 1831789.87 405354.82 -6257.71 16.64  0.00   18.03  0.00   0.25   1941.19 183.78 71.42  43.23  -0.59  -0.80  0.00   0.79   -0.59  0.17   0.58   4.16   0.38   0.93   0.94   0.91   0.88   16.38  0.46   0.77   0.55   3.00   0.00   -999.25 -1.91  1002.49 0.00   16.09  11.00  0.73   0.12   
1831784.70 405429.84 -6230.85 "9/11/2015" 225.00 1831784.70 405429.84 -6230.85 5.94   0.00   6.24   0.00   0.58   1981.80 118.77 71.71  18.73  -0.61  -0.79  0.00   0.79   -0.61  0.08   0.51   3.71   0.17   0.94   0.94   0.89   0.88   4.71   0.20   0.43   0.45   3.00   0.00   -999.25 -2.27  286.60 0.00   12.73  11.00  0.42   0.13   
1831804.67 405666.11 -6303.58 "9/11/2015" 227.00 1831804.67 405666.11 -6303.58 1.95   3.00   2.08   0.00   1.24   2136.15 174.52 34.94  19.49  0.69   0.72   0.00   0.69   -0.66  0.27   0.23   3.05   0.02   0.77   0.77   0.79   0.70   1.77   0.03   0.21   0.14   3.00   0.00   -999.25 -2.35  220.37 0.00   12.81  10.00  0.32   0.70   
1831861.40 405577.65 -6162.44 "9/11/2015" 228.00 1831861.40 405577.65 -6162.44 6.88   0.00   7.27   0.00   0.19   2002.28 116.80 79.87  11.37  -0.68  -0.74  -0.00  0.73   -0.68  0.04   0.40   3.50   0.16   0.93   0.94   0.93   0.89   5.98   0.21   0.40   0.49   3.00   0.00   -999.25 -2.00  748.94 0.00   16.37  11.00  0.52   0.09   
1831847.43 405300.57 -6222.83 "9/11/2015" 229.00 1831847.43 405300.57 -6222.83 1.97   3.00   2.76   0.00   0.61   1856.11 133.09 32.65  19.98  0.59   0.81   -0.00  0.80   -0.58  0.16   0.36   2.82   0.02   0.55   0.49   0.75   0.44   1.96   0.04   0.17   0.21   3.00   0.00   -999.25 -2.50  130.39 0.00   11.36  10.00  0.27   0.27   
1831818.62 405490.10 -6162.28 "9/11/2015" 230.00 1831818.62 405490.10 -6162.28 2.26   3.00   2.53   0.00   0.56   1976.70 34.96  24.45  1.20   0.65   0.76   0.00   0.76   -0.65  0.01   0.63   2.92   0.02   0.79   0.77   0.79   0.67   1.74   0.03   0.15   0.20   3.00   0.00   -999.25 -1.91  1007.30 0.00   32.74  10.00  0.09   0.30   
1831820.70 405365.57 -6255.55 "9/11/2015" 231.00 1831820.70 405365.57 -6255.55 4.66   0.00   5.33   0.00   0.46   1923.12 212.50 71.61  43.10  -0.61  -0.80  0.00   0.78   -0.60  0.17   0.78   3.53   0.11   0.90   0.89   0.93   0.86   3.66   0.14   0.36   0.37   3.00   0.00   -999.25 -2.01  722.41 0.00   28.82  11.00  0.09   0.18   
1832306.76 405795.31 -6237.37 "9/11/2015" 232.00 1832306.76 405795.31 -6237.37 3.15   3.00   5.17   0.00   0.53   1906.73 67.42  30.06  2.15   0.84   0.54   0.00   -0.54  0.84   -0.02  0.06   3.09   0.04   0.48   0.53   0.87   0.49   3.65   0.13   0.33   0.35   3.00   0.00   -999.25 -2.18  401.59 0.00   16.45  11.00  0.27   0.15   
1831885.18 405329.52 -6362.16 "9/11/2015" 233.00 1831885.18 405329.52 -6362.16 2.60   3.00   2.55   0.00   0.78   1886.73 195.81 38.68  19.18  0.61   0.79   0.00   0.75   -0.58  0.33   1.00   2.87   0.02   0.76   0.73   0.77   0.63   2.11   0.05   0.23   0.19   3.00   0.00   -999.25 -2.40  185.56 0.00   17.28  10.00  0.11   0.45   
1831929.60 405426.08 -6382.75 "9/11/2015" 234.00 1831929.60 405426.08 -6382.75 2.43   3.00   2.79   0.00   0.86   1919.02 145.10 39.14  20.88  0.66   0.76   0.00   0.70   -0.61  0.37   0.32   3.26   0.05   0.85   0.88   0.86   0.80   2.33   0.06   0.25   0.21   3.00   0.00   -999.25 -2.40  188.37 0.00   14.48  10.00  0.19   0.75   
1831673.98 405340.12 -6170.80 "9/11/2015" 235.00 1831673.98 405340.12 -6170.80 1.77   0.00   2.23   0.00   0.57   2002.59 205.09 70.18  9.52   -0.57  -0.82  -0.00  0.82   -0.57  0.03   0.78   2.50   0.01   0.61   0.47   0.76   0.43   1.58   0.03   0.15   0.17   3.00   0.00   -999.25 -2.02  686.99 0.00   29.01  10.00  0.09   0.36   
1831642.61 405355.72 -6069.23 "9/11/2015" 236.00 1831642.61 405355.72 -6069.23 6.37   0.00   7.63   0.00   1.45   2016.28 69.58  58.66  44.15  -0.84  0.54   -0.06  -0.54  -0.84  0.00   0.42   3.95   0.23   0.86   0.98   0.88   0.88   8.15   0.27   0.72   0.36   3.00   0.00   -999.25 -1.83  1341.92 0.00   21.94  11.00  0.39   0.48   
1831745.95 405250.17 -6127.46 "9/11/2015" 238.00 1831745.95 405250.17 -6127.46 2.56   0.00   3.34   0.00   0.33   1885.99 448.78 70.17  17.96  -0.55  -0.84  0.00   0.84   -0.55  -0.02  0.42   3.03   0.03   0.70   0.64   0.77   0.57   2.28   0.05   0.18   0.27   3.00   0.00   -999.25 -1.80  1481.90 0.00   39.67  11.00  0.07   0.22   
1831972.36 405490.66 -6140.92 "9/11/2015" 239.00 1831972.36 405490.66 -6140.92 7.71   0.00   8.52   0.00   0.24   1860.60 177.31 76.90  26.55  -0.69  -0.72  -0.00  0.72   -0.69  -0.07  0.77   3.37   0.17   0.91   0.89   0.93   0.86   6.81   0.23   0.45   0.48   3.00   0.00   -999.25 -2.05  622.79 0.00   14.93  11.00  0.57   0.09   
1831900.09 405603.60 -6159.51 "9/11/2015" 240.00 1831900.09 405603.60 -6159.51 5.12   0.00   5.99   0.00   0.21   1991.83 147.20 96.84  31.14  -0.71  -0.71  0.00   0.71   -0.70  -0.06  0.50   3.63   0.11   0.91   0.89   0.90   0.85   4.40   0.15   0.29   0.49   3.00   0.00   -999.25 -1.84  1302.06 0.00   26.77  11.00  0.21   0.10   
1831735.10 405166.23 -6191.69 "9/11/2015" 241.00 1831735.10 405166.23 -6191.69 6.62   0.00   8.50   0.00   0.23   1867.00 490.83 68.96  32.31  -0.51  -0.86  0.00   0.86   -0.51  0.02   0.53   3.54   0.12   0.83   0.81   0.86   0.76   5.61   0.16   0.31   0.47   3.00   0.00   -999.25 -2.19  383.60 0.00   8.80   9.00   1.71   0.07   
1831371.93 405202.80 -6160.81 "9/11/2015" 242.00 1831371.93 405202.80 -6160.81 1.71   3.00   2.05   0.00   0.84   2187.78 35.74  24.55  1.18   0.45   0.89   0.00   0.89   -0.45  0.01   0.71   2.75   0.01   0.66   0.65   0.75   0.57   1.62   0.03   0.16   0.16   3.00   0.00   -999.25 -1.96  854.53 0.00   30.46  10.00  0.09   0.40   
1831694.41 405313.79 -6047.75 "9/11/2015" 245.00 1831694.41 405313.79 -6047.75 6.37   0.00   7.09   0.00   0.28   1947.20 88.60  69.39  44.42  -0.57  -0.82  -0.00  0.82   -0.56  0.07   0.05   3.67   0.16   0.95   0.94   0.88   0.86   5.66   0.18   0.42   0.40   3.00   0.00   -999.25 -2.25  307.94 0.00   10.99  11.00  0.71   0.11   
1831087.18 405177.36 -6166.99 "9/11/2015" 246.00 1831087.18 405177.36 -6166.99 2.68   3.00   3.15   0.00   0.76   2432.39 199.27 32.57  10.95  0.39   0.92   0.00   0.92   -0.39  0.10   0.01   3.16   0.03   0.79   0.80   0.91   0.76   2.25   0.05   0.23   0.22   3.00   0.00   -999.25 -1.64  2520.59 0.01   48.76  11.00  0.07   0.36   
1831476.39 405187.78 -6188.65 "9/11/2015" 247.00 1831476.39 405187.78 -6188.65 2.38   0.00   2.65   0.00   0.77   2096.13 321.45 74.36  10.09  -0.46  -0.89  0.00   0.89   -0.46  0.03   0.05   3.12   0.03   0.72   0.76   0.84   0.69   2.17   0.05   0.25   0.19   3.00   0.00   -999.25 -2.14  449.67 0.00   17.30  11.00  0.26   0.35   
1832033.66 405492.33 -6186.79 "9/11/2015" 248.00 1832033.66 405492.33 -6186.79 2.27   0.00   3.05   0.00   0.42   1830.11 332.08 70.68  10.30  -0.70  -0.71  0.00   0.71   -0.70  0.04   0.37   2.96   0.03   0.71   0.60   0.84   0.52   2.27   0.05   0.17   0.28   3.00   0.00   -999.25 -2.12  486.84 0.00   24.34  11.00  0.10   0.24   
1831825.03 405281.66 -6058.89 "9/11/2015" 249.00 1831825.03 405281.66 -6058.89 2.45   0.00   3.15   0.00   0.19   1825.38 98.16  78.21  54.40  -0.59  -0.81  -0.00  0.81   -0.59  0.03   0.63   3.02   0.03   0.75   0.73   0.75   0.59   2.86   0.05   0.15   0.33   3.00   0.00   -999.25 -2.01  704.21 0.00   24.99  9.00   0.14   0.12   
1831807.09 405441.93 -6217.14 "9/11/2015" 251.00 1831807.09 405441.93 -6217.14 2.33   0.00   2.99   0.00   0.66   1968.65 76.14  56.46  36.94  -0.78  0.62   0.00   -0.62  -0.78  -0.00  0.82   3.18   0.05   0.77   0.71   0.84   0.68   2.55   0.07   0.24   0.27   3.00   0.00   -999.25 -2.20  374.90 0.00   18.28  11.00  0.19   0.27   
1831738.20 405390.31 -6234.90 "9/11/2015" 252.00 1831738.20 405390.31 -6234.90 5.53   0.00   6.09   0.00   0.67   1995.40 92.83  80.15  20.82  -0.60  -0.80  0.00   0.80   -0.60  0.08   0.38   3.63   0.15   0.94   0.96   0.93   0.91   4.22   0.17   0.39   0.42   3.00   0.00   -999.25 -2.24  317.31 0.00   11.71  11.00  0.60   0.13   
1831763.77 405260.62 -6247.16 "9/11/2015" 254.00 1831763.77 405260.62 -6247.16 4.64   0.00   6.40   0.00   0.19   1906.77 521.01 76.96  21.78  -0.55  -0.84  0.00   0.83   -0.55  0.08   0.69   3.43   0.09   0.75   0.73   0.87   0.68   4.97   0.13   0.25   0.49   3.00   0.00   -999.25 -1.81  1407.83 0.00   36.32  11.00  0.09   0.10   
1831726.12 405178.96 -6209.94 "9/11/2015" 253.00 1831726.12 405178.96 -6209.94 2.89   0.00   3.92   0.00   0.28   1885.44 301.03 69.05  32.32  -0.51  -0.86  -0.00  0.86   -0.51  0.02   0.27   2.99   0.04   0.78   0.71   0.62   0.49   3.03   0.08   0.20   0.36   3.00   0.00   -999.25 -2.19  381.72 0.00   13.98  8.00   0.42   0.17   
1831812.76 405350.35 -6232.83 "9/11/2015" 256.00 1831812.76 405350.35 -6232.83 3.81   0.00   4.58   0.00   0.25   1914.15 290.51 76.50  21.64  -0.59  -0.80  0.00   0.80   -0.59  0.08   0.38   3.44   0.12   0.90   0.89   0.80   0.76   3.71   0.15   0.33   0.41   3.00   0.00   -999.25 -2.10  517.69 0.00   20.82  11.00  0.17   0.06   
1831798.32 405343.49 -6389.04 "9/11/2015" 257.00 1831798.32 405343.49 -6389.04 2.28   0.00   2.58   0.00   0.72   1969.00 398.47 87.11  45.78  -0.59  -0.80  -0.00  0.74   -0.54  0.40   0.45   3.14   0.03   0.85   0.77   0.74   0.68   2.29   0.05   0.23   0.23   3.00   0.00   -999.25 -2.26  296.23 0.00   20.99  10.00  0.10   0.71   
1831290.86 405538.97 -6199.09 "9/11/2015" 258.00 1831290.86 405538.97 -6199.09 1.67   0.00   2.12   0.00   0.76   2428.10 134.24 126.38 47.49  -0.84  0.55   -0.02  -0.55  -0.84  -0.00  0.34   2.48   0.01   0.55   0.38   0.66   0.26   1.48   0.02   0.14   0.15   3.00   0.00   -999.25 -1.91  1002.79 0.00   29.17  11.00  0.12   0.53   
1831896.80 405355.64 -6399.58 "9/11/2015" 259.00 1831896.80 405355.64 -6399.58 2.17   3.00   2.44   0.00   0.97   1906.36 175.63 37.02  22.44  0.62   0.78   -0.00  0.74   -0.59  0.33   0.44   3.18   0.04   0.60   0.78   0.84   0.70   2.38   0.07   0.26   0.22   3.00   0.00   -999.25 -2.44  161.52 0.00   14.35  10.00  0.17   0.73   
1831976.32 405300.84 -6200.03 "9/11/2015" 260.00 1831976.32 405300.84 -6200.03 5.29   0.00   5.94   0.00   0.41   1751.65 129.60 69.35  32.26  -0.63  -0.78  0.00   0.78   -0.63  0.03   0.30   3.50   0.11   0.88   0.89   0.90   0.84   3.81   0.14   0.31   0.40   3.00   0.00   -999.25 -2.11  505.51 0.00   16.67  11.00  0.33   0.10   
1830948.00 405110.17 -6241.87 "9/11/2015" 261.00 1830948.00 405110.17 -6241.87 3.69   0.00   4.18   0.00   0.89   2549.68 164.90 71.82  16.00  -0.34  -0.94  0.00   0.94   -0.34  0.05   0.63   3.50   0.09   0.91   0.95   0.91   0.89   3.27   0.11   0.40   0.25   3.00   0.00   -999.25 -2.05  611.90 0.00   18.65  11.00  0.29   0.34   
1832162.43 405526.41 -6190.68 "9/11/2015" 263.00 1832162.43 405526.41 -6190.68 2.77   3.00   4.25   0.00   0.29   1769.87 246.36 32.99  13.11  0.75   0.66   0.00   -0.66  0.75   -0.11  0.88   2.99   0.03   0.67   0.58   0.72   0.47   2.68   0.07   0.18   0.33   3.00   0.00   -999.25 -2.11  502.57 0.00   22.32  10.00  0.14   0.20   
1831922.21 405531.74 -6237.65 "9/11/2015" 264.00 1831922.21 405531.74 -6237.65 2.33   0.00   2.53   0.00   1.86   1947.19 171.05 71.99  19.00  -0.69  -0.73  0.00   0.73   -0.68  0.08   0.79   3.23   0.03   0.80   0.91   0.92   0.87   2.30   0.05   0.31   0.14   3.00   0.00   -999.25 -1.92  988.08 0.00   41.97  10.00  0.04   0.66   
1831934.57 405477.22 -6178.45 "9/11/2015" 265.00 1831934.57 405477.22 -6178.45 2.38   3.00   3.04   0.00   0.37   1887.48 179.38 32.95  12.43  0.67   0.74   -0.00  0.74   -0.67  0.11   0.81   3.08   0.03   0.72   0.70   0.83   0.62   2.32   0.05   0.18   0.28   3.00   0.00   -999.25 -2.27  286.88 0.00   14.08  9.00   0.31   0.20   
1831702.97 405350.52 -6408.44 "9/11/2015" 266.00 1831702.97 405350.52 -6408.44 3.88   0.00   4.32   0.00   0.49   2052.36 257.60 79.27  52.31  -0.57  -0.82  -0.00  0.77   -0.53  0.37   0.42   3.48   0.11   0.86   0.88   0.87   0.78   3.78   0.16   0.34   0.35   3.00   0.00   -999.25 -2.42  173.28 0.00   13.23  10.00  0.23   0.50   
1831766.37 405432.68 -6218.60 "9/11/2015" 267.00 1831766.37 405432.68 -6218.60 5.27   0.00   5.79   0.00   0.54   1994.32 95.59  68.91  32.29  -0.62  -0.78  -0.00  0.78   -0.62  0.01   0.89   3.68   0.14   0.94   0.95   0.90   0.89   4.08   0.16   0.38   0.41   3.00   0.00   -999.25 -2.14  461.35 0.00   16.62  11.00  0.31   0.16   
1831614.74 405537.98 -6359.42 "9/11/2015" 268.00 1831614.74 405537.98 -6359.42 5.77   0.00   6.15   0.00   0.55   2209.95 151.93 91.15  38.89  -0.61  -0.79  0.00   0.73   -0.57  0.37   0.92   3.63   0.14   0.90   0.91   0.89   0.84   4.33   0.17   0.41   0.39   3.00   0.00   -999.25 -2.16  430.42 0.00   15.37  11.00  0.36   0.34   
1832142.63 405542.87 -6316.19 "9/11/2015" 269.00 1832142.63 405542.87 -6316.19 4.26   0.00   5.25   0.00   0.18   1831.47 220.99 77.62  36.97  -0.75  -0.66  0.00   0.65   -0.73  0.24   0.40   3.45   0.09   0.86   0.82   0.89   0.77   3.54   0.12   0.27   0.41   3.00   0.00   -999.25 -2.04  632.21 0.00   27.43  11.00  0.09   0.11   
1831537.35 405190.55 -6219.69 "9/11/2015" 271.00 1831537.35 405190.55 -6219.69 1.60   0.00   2.15   0.00   0.74   2052.29 182.95 101.39 48.83  -0.48  -0.88  -0.00  0.88   -0.48  -0.00  0.02   2.62   0.00   0.66   0.45   0.72   0.38   1.25   0.02   0.13   0.12   3.00   0.00   -999.25 -2.00  725.39 0.00   28.49  11.00  0.10   0.51   
1831934.74 405443.74 -6169.70 "9/11/2015" 272.00 1831934.74 405443.74 -6169.70 7.20   0.00   8.20   0.00   0.15   1863.55 106.86 73.97  10.93  -0.67  -0.75  -0.00  0.75   -0.67  0.04   0.84   3.52   0.15   0.96   0.94   0.92   0.90   6.96   0.19   0.35   0.52   3.00   0.00   -999.25 -1.88  1099.65 0.00   25.24  11.00  0.21   0.07   
1831650.86 405341.69 -6009.74 "9/11/2015" 273.00 1831650.86 405341.69 -6009.74 1.78   0.00   2.15   0.00   0.41   1992.26 178.01 104.39 53.54  -0.55  -0.83  0.00   0.80   -0.53  0.27   0.69   2.87   0.01   0.72   0.63   0.70   0.51   1.77   0.03   0.16   0.20   3.00   0.00   -999.25 -2.32  242.39 0.00   15.09  10.00  0.21   0.31   
1831915.79 405409.17 -6177.49 "9/11/2015" 274.00 1831915.79 405409.17 -6177.49 2.18   0.00   3.12   0.00   0.26   1857.41 387.78 70.47  10.16  -0.64  -0.77  0.00   0.77   -0.64  0.05   0.53   2.90   0.02   0.73   0.64   0.77   0.60   2.22   0.04   0.14   0.30   3.00   0.00   -999.25 -2.18  392.69 0.00   21.82  10.00  0.11   0.18   
1831745.43 405365.20 -6412.65 "9/11/2015" 275.00 1831745.43 405365.20 -6412.65 7.82   0.00   8.26   0.00   0.56   2029.24 107.65 79.72  52.12  -0.58  -0.81  0.00   0.76   -0.55  0.36   0.36   3.75   0.20   0.96   0.96   0.86   0.84   5.33   0.23   0.45   0.46   3.00   0.00   -999.25 -2.16  422.03 0.00   18.17  11.00  0.21   0.62   
