# Petrel Points with attributes
# Unit in X and Y direction: ftUS
# Unit in depth: ft
VERSION 1
BEGIN HEADER
X
Y
Z
DATE,Time
DOUBLE,Event ID
DOUBLE,X(easting)
DOUBLE,Y(northing)
DOUBLE,Z(elevation)
DOUBLE,Detection SNR
DOUBLE,Event type
DOUBLE,Location SNR
DOUBLE,NOISE_LEVEL_ACC
DOUBLE,PSH_AMPL_RATIO
DOUBLE,QC Distance
DOUBLE,QC_EIGVAL_MAX
DOUBLE,QC_EIGVAL_MID
DOUBLE,QC_EIGVAL_MIN
DOUBLE,QC_EIGVEC_MAX_E
DOUBLE,QC_EIGVEC_MAX_N
DOUBLE,QC_EIGVEC_MAX_U
DOUBLE,QC_EIGVEC_MID_E
DOUBLE,QC_EIGVEC_MID_N
DOUBLE,QC_EIGVEC_MID_U
DOUBLE,QC_LOC_T0
DOUBLE,QI_CONFIDENCE
DOUBLE,QI_DATA_LOCATION
DOUBLE,QI_ORTHOGONALITY
DOUBLE,QI_POLARIZATION_AZM
DOUBLE,QI_POLARIZATION_INC
DOUBLE,QI_POLARIZATION_RESIDUAL
DOUBLE,QI_SNR
DOUBLE,QI_TRACEDATA
DOUBLE,QI_TRACEDATA_P
DOUBLE,QI_TRACEDATA_S
DOUBLE,SP_COMPONENTS_USED
DOUBLE,SP_ENERGY
DOUBLE,SP_LOCAL_MAGNITUDE
DOUBLE,SP_MAGNITUDE
DOUBLE,SP_MOMENT
DOUBLE,SP_POTENCY
DOUBLE,SP_RADIUS
DOUBLE,SP_RECEIVERS_USED
DOUBLE,SP_STRESS_DROP
DOUBLE,SVSH_AMPL_RATIO
END HEADER
1831743.01 407661.88 -6424.05 "29/10/2015" 2.00   1831743.01 407661.88 -6424.05 1.91   3.00   2.17   0.00   1.16   3798.36 215.49 115.41 31.15  0.91   0.41   -0.00  -0.16  0.34   0.93   0.75   3.02   0.02   0.76   0.79   0.81   0.70   1.80   0.03   0.20   0.16   3.00   0.00   -999.25 -1.56  3406.86 0.02   14.96  2.00   3.09   0.56   
1831383.37 407783.60 -6478.41 "29/10/2015" 3.00   1831383.37 407783.60 -6478.41 3.49   3.00   4.22   0.00   0.31   4072.35 31.02  30.18  1.71   0.88   0.47   0.00   -0.47  0.88   -0.01  0.27   2.32   0.03   0.91   0.86   0.87   0.80   4.09   0.19   0.38   0.42   3.00   0.01   -999.25 -1.14  14411.72 0.03   20.99  10.00  4.74   0.00   
1831462.31 407752.00 -6319.47 "29/10/2015" 4.00   1831462.31 407752.00 -6319.47 2.48   3.00   3.26   0.00   0.57   3985.23 68.52  58.23  2.48   0.89   0.46   0.00   -0.46  0.89   0.00   0.52   2.26   0.03   0.90   0.92   0.87   0.83   3.17   0.10   0.30   0.25   3.00   0.00   -999.25 -1.51  4044.58 0.02   22.21  6.00   1.12   0.00   
1831277.35 407806.50 -6477.47 "29/10/2015" 9.00   1831277.35 407806.50 -6477.47 1.84   3.00   2.10   0.00   0.24   4142.53 12.70  12.57  0.73   0.87   0.49   0.00   -0.49  0.87   -0.00  0.67   2.32   0.01   0.82   0.78   0.81   0.69   2.08   0.05   0.21   0.21   3.00   0.00   -999.25 -1.11  16254.70 0.06   44.12  4.00   0.57   0.11   
1831487.21 407863.78 -6338.29 "29/10/2015" 10.00  1831487.21 407863.78 -6338.29 1.97   3.00   2.44   0.00   0.26   4075.22 290.25 220.05 98.75  0.89   0.45   0.00   -0.13  0.26   0.96   0.62   2.09   0.01   0.85   0.82   0.84   0.74   2.30   0.06   0.19   0.27   3.00   0.00   -999.25 -1.39  6159.71 0.02   33.12  7.00   0.52   0.00   
1831654.61 407824.96 -6337.73 "29/10/2015" 11.00  1831654.61 407824.96 -6337.73 2.37   3.00   2.78   0.00   0.66   3968.92 306.60 104.88 45.70  0.91   0.42   -0.00  -0.11  0.24   0.96   0.72   2.44   0.02   0.85   0.76   0.77   0.67   1.95   0.05   0.20   0.19   3.00   0.00   -999.25 -1.70  2116.13 0.01   12.62  4.00   3.20   0.00   
1831470.49 407765.80 -6476.04 "29/10/2015" 13.00  1831470.49 407765.80 -6476.04 3.73   3.00   4.37   0.00   0.44   4016.32 25.62  25.56  1.46   -0.46  0.89   -0.00  0.89   0.46   -0.00  0.31   2.19   0.00   0.96   0.97   0.88   0.87   2.54   0.08   0.29   0.22   3.00   0.00   -999.25 -1.24  10142.31 0.03   34.39  10.00  0.76   0.07   
1831638.98 407887.41 -6478.41 "29/10/2015" 17.00  1831638.98 407887.41 -6478.41 2.96   3.00   3.65   0.00   0.21   4052.24 22.62  22.16  1.26   0.91   0.41   0.00   -0.41  0.91   -0.00  0.77   2.17   0.00   0.92   0.93   0.91   0.88   2.58   0.07   0.31   0.20   3.00   0.01   -999.25 -1.05  19796.26 0.03   30.04  10.00  2.22   0.04   
1831777.00 407925.43 -6337.54 "29/10/2015" 18.00  1831777.00 407925.43 -6337.54 3.27   3.00   3.99   0.00   0.29   4012.03 379.60 190.27 82.04  0.92   0.38   0.00   -0.10  0.25   0.96   0.37   2.07   0.01   0.91   0.93   0.87   0.84   2.80   0.08   0.35   0.21   3.00   0.01   -999.25 -1.38  6186.85 0.02   17.17  10.00  3.71   0.07   
1831887.35 408326.64 -6337.46 "29/10/2015" 20.00  1831887.35 408326.64 -6337.46 4.54   3.00   5.14   0.00   0.22   4346.10 199.40 120.92 85.25  -0.10  0.28   0.96   0.95   0.33   -0.00  0.36   2.22   0.03   0.92   0.86   0.85   0.77   3.42   0.12   0.25   0.39   3.00   0.02   -999.25 -1.33  7442.91 0.03   14.20  9.00   7.91   0.00   
