# Petrel Points with attributes
# Unit in X and Y direction: ftUS
# Unit in depth: ft
VERSION 1
BEGIN HEADER
X
Y
Z
DATE,Time
DOUBLE,Event ID
DOUBLE,X(easting)
DOUBLE,Y(northing)
DOUBLE,Z(elevation)
DOUBLE,Detection SNR
DOUBLE,Event type
DOUBLE,Location SNR
DOUBLE,NOISE_LEVEL_ACC
DOUBLE,PSH_AMPL_RATIO
DOUBLE,QC Distance
DOUBLE,QC_EIGVAL_MAX
DOUBLE,QC_EIGVAL_MID
DOUBLE,QC_EIGVAL_MIN
DOUBLE,QC_EIGVEC_MAX_E
DOUBLE,QC_EIGVEC_MAX_N
DOUBLE,QC_EIGVEC_MAX_U
DOUBLE,QC_EIGVEC_MID_E
DOUBLE,QC_EIGVEC_MID_N
DOUBLE,QC_EIGVEC_MID_U
DOUBLE,QC_LOC_T0
DOUBLE,QI_CONFIDENCE
DOUBLE,QI_DATA_LOCATION
DOUBLE,QI_ORTHOGONALITY
DOUBLE,QI_POLARIZATION_AZM
DOUBLE,QI_POLARIZATION_INC
DOUBLE,QI_POLARIZATION_RESIDUAL
DOUBLE,QI_SNR
DOUBLE,QI_TRACEDATA
DOUBLE,QI_TRACEDATA_P
DOUBLE,QI_TRACEDATA_S
DOUBLE,SP_COMPONENTS_USED
DOUBLE,SP_ENERGY
DOUBLE,SP_LOCAL_MAGNITUDE
DOUBLE,SP_MAGNITUDE
DOUBLE,SP_MOMENT
DOUBLE,SP_POTENCY
DOUBLE,SP_RADIUS
DOUBLE,SP_RECEIVERS_USED
DOUBLE,SP_STRESS_DROP
DOUBLE,SVSH_AMPL_RATIO
END HEADER
1832231.30 406553.31 -6202.45 "31/10/2015" 1.00   1832231.30 406553.31 -6202.45 8.55   3.00   9.56   0.00   0.17   2584.25 49.44  48.23  1.95   0.91   0.42   0.00   -0.42  0.91   0.00   0.01   2.51   0.03   0.96   0.97   0.88   0.87   10.88  0.30   0.59   0.46   3.00   0.00   -999.25 -1.68  2213.28 0.01   18.19  11.00  1.12   0.06   
1832463.12 406596.17 -6343.46 "31/10/2015" 4.00   1832463.12 406596.17 -6343.46 7.65   3.00   7.21   0.00   3.43   2568.66 45.15  42.22  4.38   0.94   0.33   0.00   -0.33  0.94   0.01   0.60   3.50   0.15   0.90   0.99   0.95   0.95   14.55  0.26   0.92   0.27   3.00   0.00   -999.25 -1.84  1299.98 0.01   11.17  11.00  2.83   0.81   
1832282.52 406736.61 -6287.93 "31/10/2015" 5.00   1832282.52 406736.61 -6287.93 6.41   0.00   5.60   0.00   1.39   2746.34 410.23 119.84 78.78  -0.04  0.10   0.99   0.37   -0.92  0.11   0.06   3.78   0.12   0.88   0.97   0.91   0.91   4.41   0.14   0.66   0.21   3.00   0.00   -999.25 -1.68  2261.99 0.01   20.87  11.00  0.76   0.41   
1832545.11 406596.10 -6370.47 "31/10/2015" 6.00   1832545.11 406596.10 -6370.47 5.35   3.00   5.13   0.00   1.28   2550.20 81.60  62.12  49.45  0.95   0.30   0.00   -0.25  0.79   0.56   0.89   2.82   0.06   0.93   0.97   0.93   0.93   4.42   0.17   0.61   0.27   3.00   0.00   -999.25 -2.11  502.29 0.00   13.59  11.00  0.61   0.28   
1832415.22 406256.64 -6430.18 "31/10/2015" 7.00   1832415.22 406256.64 -6430.18 2.15   3.00   2.02   0.00   0.30   2305.32 236.56 40.95  31.68  0.92   0.40   -0.00  -0.24  0.54   0.81   0.66   2.47   0.01   0.69   0.62   0.76   0.56   2.04   0.04   0.16   0.25   3.00   0.00   -999.25 -2.31  251.92 0.00   10.77  5.00   0.61   0.18   
1832335.19 406753.81 -6193.29 "31/10/2015" 8.00   1832335.19 406753.81 -6193.29 2.49   0.00   2.40   0.00   1.74   2725.11 393.09 195.87 95.76  -0.10  0.28   0.96   0.93   0.36   -0.01  0.63   3.02   0.03   0.73   0.89   0.89   0.83   2.07   0.04   0.28   0.13   3.00   0.00   -999.25 -2.00  745.85 0.00   9.39   7.00   2.74   0.53   
1832397.48 406514.43 -6459.14 "31/10/2015" 11.00  1832397.48 406514.43 -6459.14 2.25   3.00   3.47   0.00   0.17   2520.50 221.98 58.42  31.54  0.93   0.37   -0.00  -0.28  0.71   0.64   0.82   2.59   0.01   0.65   0.63   0.75   0.51   2.34   0.04   0.13   0.31   3.00   0.00   -999.25 -2.09  546.63 0.00   12.86  9.00   0.78   0.11   
1832353.87 406551.96 -6418.27 "31/10/2015" 15.00  1832353.87 406551.96 -6418.27 2.38   3.00   2.53   0.00   0.66   2585.27 221.41 87.44  43.20  0.93   0.38   -0.00  -0.26  0.64   0.72   0.98   2.59   0.02   0.77   0.77   0.82   0.69   2.58   0.07   0.22   0.30   3.00   0.00   -999.25 -2.29  275.61 0.00   7.98   7.00   1.65   0.00   
1832037.06 406584.22 -6341.35 "31/10/2015" 21.00  1832037.06 406584.22 -6341.35 2.82   3.00   3.00   0.00   2.18   2724.76 67.59  35.43  3.12   0.88   0.47   0.00   -0.47  0.88   0.01   0.94   2.87   0.04   0.84   0.94   0.91   0.89   3.33   0.08   0.49   0.16   3.00   0.00   -999.25 -2.13  468.91 0.00   10.01  7.00   1.42   0.38   
1832573.10 406441.04 -6364.55 "31/10/2015" 22.00  1832573.10 406441.04 -6364.55 2.29   0.00   3.13   0.00   0.33   2397.93 293.39 283.24 113.83 0.96   0.30   -0.02  -0.17  0.59   0.79   0.76   2.97   0.03   0.65   0.58   0.81   0.54   2.12   0.05   0.17   0.25   3.00   0.00   -999.25 -2.33  232.93 0.00   8.57   6.00   1.13   0.20   
1832129.41 406352.82 -6190.62 "31/10/2015" 26.00  1832129.41 406352.82 -6190.62 4.00   0.00   3.78   0.00   0.62   2451.07 249.02 182.52 69.23  -0.88  -0.48  -0.00  -0.22  0.40   0.89   0.27   2.99   0.04   0.80   0.81   0.83   0.72   2.46   0.07   0.24   0.25   3.00   0.00   -999.25 -1.91  993.40 0.00   18.44  6.00   0.48   0.17   
1832296.36 406400.08 -6086.69 "31/10/2015" 27.00  1832296.36 406400.08 -6086.69 5.59   3.00   6.61   0.00   0.15   2400.52 128.40 34.73  5.48   0.91   0.42   0.00   -0.42  0.91   -0.00  0.49   3.28   0.09   0.88   0.89   0.87   0.81   4.43   0.12   0.27   0.41   3.00   0.00   -999.25 -1.64  2588.20 0.01   26.01  8.00   0.45   0.09   
1832462.69 406441.47 -5874.92 "31/10/2015" 30.00  1832462.69 406441.47 -5874.92 2.99   3.00   3.34   0.00   0.38   2351.34 269.66 108.69 68.45  0.94   0.35   0.00   -0.35  0.93   -0.12  0.22   2.43   0.04   0.89   0.87   0.86   0.79   2.91   0.09   0.25   0.33   3.00   0.00   -999.25 -2.09  550.16 0.00   16.28  6.00   0.39   0.15   
1832080.73 406594.45 -6355.59 "31/10/2015" 31.00  1832080.73 406594.45 -6355.59 2.29   0.00   2.56   0.00   1.93   2717.14 224.41 181.05 97.57  0.22   -0.43  -0.88  0.89   0.46   -0.00  0.59   3.36   0.04   0.79   0.92   0.91   0.88   2.39   0.05   0.32   0.15   3.00   0.00   -999.25 -1.88  1119.37 0.00   28.36  8.00   0.15   0.80   
1832022.47 406198.47 -6074.14 "31/10/2015" 32.00  1832022.47 406198.47 -6074.14 1.82   0.00   2.07   0.00   0.58   2354.54 552.01 242.45 140.38 -0.84  -0.54  0.00   0.29   -0.45  0.84   0.60   2.78   0.01   0.80   0.68   0.64   0.52   1.71   0.03   0.17   0.17   3.00   0.00   -999.25 -2.06  610.58 0.00   18.20  7.00   0.31   0.42   
1832386.52 406361.75 -5936.03 "31/10/2015" 33.00  1832386.52 406361.75 -5936.03 15.53  0.00   17.48  0.00   0.67   2310.75 67.92  66.10  41.36  -0.02  -0.79  0.61   0.97   0.14   0.21   0.87   4.13   0.28   0.83   0.97   0.89   0.89   16.00  0.34   0.87   0.37   3.00   0.00   -999.25 -1.66  2429.78 0.01   13.79  11.00  2.81   0.10   
1832419.80 406538.98 -5899.18 "31/10/2015" 37.00  1832419.80 406538.98 -5899.18 12.38  3.00   13.41  0.00   0.13   2459.15 89.88  74.53  27.53  0.94   0.35   0.00   -0.35  0.93   -0.07  0.28   3.29   0.17   0.96   0.97   0.87   0.86   18.05  0.43   0.84   0.51   3.00   0.00   -999.25 -1.51  4005.48 0.01   19.39  11.00  1.67   0.04   
1832629.84 406568.01 -5898.32 "31/10/2015" 38.00  1832629.84 406568.01 -5898.32 9.03   3.00   10.03  0.00   1.20   2420.79 77.73  47.54  43.01  -0.27  0.95   -0.12  0.96   0.27   0.00   0.28   3.55   0.23   0.97   0.98   0.87   0.87   10.36  0.41   0.88   0.45   3.00   0.00   -999.25 -1.87  1158.86 0.00   11.81  11.00  2.14   0.11   
1832527.56 406557.88 -6393.76 "31/10/2015" 39.00  1832527.56 406557.88 -6393.76 7.15   3.00   7.44   0.00   0.53   2526.38 123.44 108.14 37.43  -0.25  0.77   0.59   0.95   0.31   0.00   0.90   2.55   0.00   0.86   0.94   0.94   0.90   4.67   0.20   0.53   0.35   3.00   0.00   -999.25 -1.77  1640.28 0.01   25.34  11.00  0.31   0.14   
1832332.69 406445.86 -6044.14 "31/10/2015" 40.00  1832332.69 406445.86 -6044.14 1.87   0.00   2.28   0.00   0.78   2421.05 401.34 252.22 86.03  -0.92  -0.40  -0.00  0.14   -0.32  0.94   0.29   2.95   0.02   0.73   0.80   0.83   0.71   1.68   0.03   0.17   0.17   3.00   0.00   -999.25 -2.04  645.21 0.00   16.10  4.00   0.47   0.40   
1832248.95 406394.10 -5756.40 "31/10/2015" 41.00  1832248.95 406394.10 -5756.40 4.77   3.00   5.48   0.00   0.06   2387.18 197.30 81.25  71.33  0.90   0.44   -0.00  -0.43  0.88   -0.20  0.76   2.10   0.00   0.93   0.92   0.79   0.75   2.00   0.04   0.20   0.20   3.00   0.00   -999.25 -1.61  2858.58 0.01   13.02  11.00  3.93   0.04   
1832626.80 406551.70 -5914.44 "31/10/2015" 43.00  1832626.80 406551.70 -5914.44 30.15  0.00   32.02  0.00   0.48   2407.24 60.83  56.97  38.13  -0.83  -0.51  0.24   0.52   -0.54  0.67   0.27   4.26   0.36   0.96   0.99   0.88   0.88   28.58  0.43   0.91   0.47   3.00   0.03   -999.25 -1.32  7764.86 0.03   12.27  11.00  12.76  0.05   
1832257.82 406362.14 -5766.19 "31/10/2015" 44.00  1832257.82 406362.14 -5766.19 5.55   0.00   6.11   0.00   0.86   2354.74 90.18  67.51  49.89  0.40   -0.80  0.45   0.89   0.45   0.01   0.55   3.74   0.12   0.91   0.98   0.84   0.83   4.84   0.16   0.59   0.32   3.00   0.00   -999.25 -1.72  1960.52 0.01   21.74  11.00  0.58   0.27   
1832273.06 406431.33 -5883.89 "31/10/2015" 47.00  1832273.06 406431.33 -5883.89 8.54   0.00   9.01   0.00   0.20   2415.88 122.14 85.64  60.48  -0.91  -0.42  0.01   0.31   -0.65  0.69   0.46   3.74   0.13   0.81   0.93   0.92   0.88   5.38   0.18   0.50   0.37   3.00   0.00   -999.25 -1.69  2174.13 0.01   17.81  11.00  1.17   0.07   
1832539.26 406230.48 -5809.35 "31/10/2015" 49.00  1832539.26 406230.48 -5809.35 2.84   3.00   3.21   0.00   0.31   2121.67 142.85 48.96  31.35  0.94   0.35   -0.00  -0.35  0.93   -0.06  0.07   2.78   0.03   0.83   0.77   0.75   0.63   2.94   0.07   0.17   0.38   3.00   0.00   -999.25 -1.84  1296.41 0.00   28.48  7.00   0.17   0.14   
1832349.00 406483.90 -5801.21 "31/10/2015" 50.00  1832349.00 406483.90 -5801.21 4.64   3.00   6.37   0.00   1.43   2427.61 63.90  62.15  5.57   -0.39  0.92   -0.01  0.92   0.39   0.00   0.44   3.54   0.12   0.64   0.98   0.90   0.89   7.21   0.25   0.80   0.30   3.00   0.00   -999.25 -1.41  5635.73 0.02   23.72  11.00  1.28   0.40   
1832609.43 406494.07 -5755.92 "31/10/2015" 51.00  1832609.43 406494.07 -5755.92 3.68   3.00   3.64   0.00   0.36   2349.14 85.18  72.95  53.75  -0.29  0.96   -0.06  -0.02  0.06   1.00   0.98   2.17   0.00   0.97   0.98   0.85   0.85   3.02   0.09   0.39   0.22   3.00   0.00   -999.25 -1.61  2868.23 0.01   25.62  11.00  0.52   0.06   
1832179.78 406878.78 -5998.38 "31/10/2015" 53.00  1832179.78 406878.78 -5998.38 3.35   0.00   3.51   0.00   1.66   2870.89 145.50 120.07 89.36  -0.01  0.02   1.00   0.92   0.39   -0.00  0.34   3.43   0.06   0.93   0.91   0.89   0.84   2.95   0.08   0.43   0.16   3.00   0.00   -999.25 -2.02  688.00 0.00   11.82  8.00   1.27   0.46   
1832101.42 406222.22 -5784.53 "31/10/2015" 54.00  1832101.42 406222.22 -5784.53 2.33   0.00   2.61   0.00   1.11   2306.75 194.35 113.28 55.36  -0.86  -0.51  -0.00  0.48   -0.80  0.35   0.23   3.13   0.03   0.72   0.80   0.83   0.70   2.13   0.04   0.27   0.16   3.00   0.00   -999.25 -2.15  442.23 0.00   11.76  9.00   0.83   0.45   
1832255.89 406490.94 -5822.09 "31/10/2015" 55.00  1832255.89 406490.94 -5822.09 11.85  3.00   12.61  0.00   0.97   2473.68 43.55  31.51  3.22   0.91   0.42   0.00   -0.42  0.91   -0.02  0.61   4.05   0.22   0.87   0.99   0.90   0.90   17.18  0.30   0.99   0.31   3.00   0.01   -999.25 -1.16  13278.40 0.04   23.70  11.00  3.03   0.34   
1832202.57 406399.92 -5799.18 "31/10/2015" 57.00  1832202.57 406399.92 -5799.18 3.82   0.00   4.11   0.00   0.78   2413.99 160.21 88.08  52.47  -0.90  -0.44  -0.00  0.43   -0.87  0.25   0.62   3.38   0.06   0.81   0.90   0.81   0.77   3.11   0.08   0.42   0.20   3.00   0.00   -999.25 -1.68  2266.81 0.01   32.07  11.00  0.21   0.30   
1832291.64 406452.20 -5807.86 "31/10/2015" 58.00  1832291.64 406452.20 -5807.86 2.58   0.00   2.94   0.00   0.66   2423.08 244.80 87.08  57.20  -0.91  -0.41  0.00   0.40   -0.87  0.28   0.25   3.19   0.03   0.84   0.86   0.79   0.72   2.37   0.05   0.28   0.19   3.00   0.00   -999.25 -1.89  1072.47 0.00   22.32  7.00   0.29   0.33   
1832206.19 406372.35 -5790.08 "31/10/2015" 59.00  1832206.19 406372.35 -5790.08 6.49   0.00   7.05   0.00   0.39   2387.49 97.58  67.58  47.74  0.46   -0.82  0.36   0.87   0.48   -0.01  0.03   3.75   0.12   0.88   0.97   0.87   0.85   4.97   0.16   0.56   0.34   3.00   0.00   -999.25 -1.75  1748.11 0.01   17.57  11.00  0.98   0.13   
1832152.41 406368.71 -5923.08 "31/10/2015" 60.00  1832152.41 406368.71 -5923.08 4.61   3.00   4.96   0.00   0.13   2416.78 237.01 71.76  36.22  0.88   0.47   0.00   -0.47  0.87   -0.16  0.21   2.46   0.01   0.90   0.89   0.85   0.79   6.27   0.15   0.29   0.52   3.00   0.00   -999.25 -1.73  1884.03 0.01   26.93  10.00  0.29   0.09   
1832246.72 406359.85 -5801.03 "31/10/2015" 63.00  1832246.72 406359.85 -5801.03 5.58   0.00   5.78   0.00   0.68   2358.54 136.95 89.84  52.68  -0.90  -0.44  -0.00  0.43   -0.89  0.15   0.24   3.60   0.10   0.92   0.95   0.85   0.84   3.92   0.13   0.51   0.28   3.00   0.00   -999.25 -1.65  2489.37 0.01   30.04  11.00  0.28   0.21   
1832208.96 406472.20 -6040.42 "31/10/2015" 64.00  1832208.96 406472.20 -6040.42 4.49   0.00   4.87   0.00   0.52   2495.51 203.32 142.27 65.47  -0.90  -0.44  0.01   0.26   -0.50  0.83   0.46   3.28   0.08   0.83   0.80   0.85   0.73   3.15   0.11   0.34   0.29   3.00   0.00   -999.25 -1.77  1633.78 0.00   24.73  8.00   0.33   0.20   
1832450.34 406472.36 -5749.80 "31/10/2015" 67.00  1832450.34 406472.36 -5749.80 2.15   3.00   2.20   0.00   0.54   2380.33 271.19 59.10  56.20  0.94   0.35   0.00   0.18   -0.47  0.86   0.12   2.21   0.01   0.80   0.79   0.80   0.70   2.16   0.05   0.21   0.22   3.00   0.00   -999.25 -1.87  1161.83 0.00   23.75  7.00   0.26   0.24   
1832444.73 406394.24 -5780.93 "31/10/2015" 68.00  1832444.73 406394.24 -5780.93 2.60   3.00   3.17   0.00   0.21   2308.75 231.60 47.80  44.29  0.93   0.37   -0.00  -0.32  0.82   -0.48  0.80   2.84   0.03   0.75   0.68   0.78   0.58   2.73   0.06   0.16   0.38   3.00   0.00   -999.25 -1.92  973.84 0.00   17.78  5.00   0.53   0.13   
1832135.31 406568.34 -6163.80 "31/10/2015" 69.00  1832135.31 406568.34 -6163.80 4.74   0.00   4.05   0.00   1.53   2631.39 348.64 110.79 96.34  -0.18  0.35   0.92   0.39   -0.83  0.39   0.32   3.47   0.09   0.90   0.96   0.91   0.90   3.74   0.11   0.43   0.26   3.00   0.00   -999.25 -1.84  1304.94 0.00   14.15  10.00  1.40   0.92   
1832146.91 406345.32 -5792.44 "31/10/2015" 71.00  1832146.91 406345.32 -5792.44 7.70   0.00   8.03   0.00   0.75   2391.25 95.05  66.98  48.42  -0.47  0.84   -0.27  -0.87  -0.49  -0.01  0.94   3.92   0.19   0.91   0.97   0.84   0.84   6.57   0.23   0.77   0.31   3.00   0.00   -999.25 -1.57  3304.96 0.01   21.92  11.00  0.95   0.16   
1832082.07 406372.48 -5769.41 "31/10/2015" 70.00  1832082.07 406372.48 -5769.41 4.92   3.00   5.59   0.00   1.18   2445.86 124.05 66.23  61.73  0.87   0.49   0.00   0.28   -0.49  0.82   0.30   3.22   0.11   0.93   0.96   0.85   0.83   6.61   0.31   0.83   0.36   3.00   0.00   -999.25 -1.44  5182.63 0.02   36.31  11.00  0.33   0.39   
1832500.22 406774.12 -6110.32 "31/10/2015" 72.00  1832500.22 406774.12 -6110.32 2.71   0.00   3.11   0.00   0.66   2677.50 517.85 194.72 95.36  -0.95  -0.30  -0.00  -0.11  0.36   0.93   0.11   3.08   0.03   0.69   0.73   0.82   0.67   2.35   0.05   0.28   0.19   3.00   0.00   -999.25 -1.83  1319.61 0.00   22.95  9.00   0.33   0.30   
1832196.73 406353.21 -5797.34 "31/10/2015" 74.00  1832196.73 406353.21 -5797.34 7.14   0.00   7.49   0.00   0.40   2375.02 116.00 85.34  52.69  -0.90  -0.44  -0.01  0.43   -0.88  0.21   0.47   3.80   0.15   0.93   0.94   0.88   0.84   4.82   0.19   0.62   0.34   3.00   0.00   -999.25 -1.53  3718.99 0.01   32.03  11.00  0.34   0.12   
1832720.14 406674.65 -5901.60 "31/10/2015" 75.00  1832720.14 406674.65 -5901.60 18.82  0.00   19.77  0.00   0.28   2501.45 69.55  67.91  42.71  0.13   -0.83  0.55   0.98   0.18   0.05   0.27   4.27   0.34   0.85   0.99   0.90   0.90   15.67  0.42   0.93   0.45   3.00   0.02   -999.25 -1.31  7920.33 0.03   14.48  11.00  7.93   0.12   
1832028.23 406653.98 -5831.50 "31/10/2015" 76.00  1832028.23 406653.98 -5831.50 1.83   0.00   2.15   0.00   1.18   2720.66 283.37 180.23 127.90 0.46   -0.88  0.11   0.89   0.46   -0.00  0.34   2.94   0.01   0.76   0.80   0.77   0.67   1.60   0.03   0.19   0.13   3.00   0.00   -999.25 -1.85  1247.48 0.00   26.16  9.00   0.21   0.49   
1832058.47 406232.44 -5794.47 "31/10/2015" 77.00  1832058.47 406232.44 -5794.47 6.18   0.00   6.53   0.00   0.39   2338.13 111.99 73.17  55.46  -0.85  -0.52  -0.00  0.48   -0.79  0.38   0.11   3.64   0.10   0.90   0.94   0.87   0.84   4.09   0.13   0.52   0.29   3.00   0.00   -999.25 -1.66  2412.10 0.01   25.92  11.00  0.42   0.10   
1832502.95 406403.12 -5799.99 "31/10/2015" 79.00  1832502.95 406403.12 -5799.99 2.38   0.00   3.13   0.00   0.26   2297.61 491.88 141.74 91.90  -0.94  -0.34  0.00   -0.24  0.67   -0.71  0.18   2.89   0.02   0.65   0.66   0.66   0.48   2.17   0.04   0.17   0.25   3.00   0.00   -999.25 -2.15  440.61 0.00   10.27  8.00   1.24   0.22   
1832023.74 406419.19 -5797.24 "31/10/2015" 80.00  1832023.74 406419.19 -5797.24 7.14   0.00   7.96   0.00   2.63   2516.13 129.68 88.02  47.67  0.49   -0.84  0.22   0.86   0.51   0.00   0.77   3.97   0.14   0.80   0.96   0.91   0.89   10.92  0.18   0.88   0.21   3.00   0.01   -999.25 -1.25  9720.69 0.03   24.14  11.00  2.10   0.74   
1832135.14 406230.65 -5795.84 "31/10/2015" 81.00  1832135.14 406230.65 -5795.84 3.09   0.00   3.51   0.00   0.58   2297.21 306.23 98.99  47.25  -0.87  -0.50  -0.00  0.45   -0.78  0.44   0.62   3.25   0.05   0.83   0.84   0.82   0.74   2.57   0.07   0.30   0.21   3.00   0.00   -999.25 -1.98  801.24 0.00   17.59  10.00  0.45   0.20   
1831828.58 406500.48 -6173.22 "31/10/2015" 83.00  1831828.58 406500.48 -6173.22 3.49   0.00   3.80   0.00   1.66   2724.64 211.79 158.36 133.45 -0.14  0.23   0.96   0.84   0.55   -0.01  0.42   3.43   0.06   0.85   0.89   0.92   0.85   2.87   0.08   0.39   0.18   3.00   0.00   -999.25 -1.77  1650.31 0.00   22.15  11.00  0.46   0.29   
1832607.48 406699.70 -5782.14 "31/10/2015" 85.00  1832607.48 406699.70 -5782.14 10.03  0.00   10.18  0.00   0.56   2547.70 74.20  72.42  58.87  0.43   -0.90  -0.02  -0.90  -0.43  -0.03  0.62   4.02   0.21   0.93   0.98   0.92   0.91   7.21   0.24   0.79   0.32   3.00   0.00   -999.25 -1.40  5869.37 0.02   23.29  11.00  1.41   0.24   
1832698.22 406479.99 -5861.92 "31/10/2015" 86.00  1832698.22 406479.99 -5861.92 8.14   0.00   8.23   0.00   0.32   2315.58 131.96 99.41  91.03  0.13   -0.46  0.88   0.29   -0.83  -0.48  0.72   3.73   0.15   0.85   0.94   0.87   0.85   5.96   0.19   0.55   0.36   3.00   0.00   -999.25 -1.52  3882.86 0.01   23.92  11.00  0.86   0.14   
1832708.07 406558.75 -5964.18 "31/10/2015" 87.00  1832708.07 406558.75 -5964.18 2.04   0.00   2.56   0.00   0.61   2397.58 381.80 160.13 90.08  -0.97  -0.24  0.00   0.23   -0.94  -0.26  0.48   2.99   0.01   0.68   0.73   0.76   0.60   1.91   0.03   0.18   0.21   3.00   0.00   -999.25 -2.05  614.18 0.00   15.51  5.00   0.50   0.28   
1832495.76 406537.57 -5808.68 "31/10/2015" 88.00  1832495.76 406537.57 -5808.68 2.70   0.00   3.05   0.00   1.30   2426.96 228.14 83.92  53.44  -0.95  -0.32  0.00   -0.26  0.76   -0.59  0.81   3.31   0.06   0.87   0.89   0.86   0.80   2.55   0.07   0.34   0.17   3.00   0.00   -999.25 -2.09  549.35 0.00   14.52  9.00   0.55   0.33   
1832667.88 406475.49 -5774.53 "31/10/2015" 89.00  1832667.88 406475.49 -5774.53 4.65   0.00   5.06   0.00   0.57   2315.39 172.76 72.60  53.29  -0.96  -0.27  -0.00  0.24   -0.87  0.43   0.17   3.46   0.08   0.82   0.90   0.82   0.78   3.58   0.11   0.41   0.28   3.00   0.00   -999.25 -2.02  683.07 0.00   11.65  9.00   1.31   0.16   
1832587.97 406569.83 -6149.95 "31/10/2015" 90.00  1832587.97 406569.83 -6149.95 2.02   0.00   2.45   0.00   0.95   2465.70 340.13 143.14 77.19  -0.96  -0.29  0.00   -0.17  0.58   -0.80  0.64   2.91   0.02   0.71   0.61   0.78   0.56   1.88   0.04   0.22   0.16   3.00   0.00   -999.25 -1.93  940.04 0.00   18.40  6.00   0.46   0.44   
1832180.78 406323.93 -5797.45 "31/10/2015" 91.00  1832180.78 406323.93 -5797.45 2.90   0.00   3.80   0.00   0.19   2356.54 380.57 92.36  57.06  -0.88  -0.47  -0.00  0.39   -0.73  0.56   0.35   3.10   0.03   0.58   0.72   0.77   0.64   2.56   0.05   0.19   0.27   3.00   0.00   -999.25 -1.82  1391.50 0.00   18.73  8.00   0.64   0.27   
1832018.28 406471.57 -5807.11 "31/10/2015" 93.00  1832018.28 406471.57 -5807.11 5.28   0.00   5.70   0.00   1.76   2564.55 120.12 75.78  49.56  0.48   -0.84  0.24   0.87   0.50   0.00   0.51   3.76   0.12   0.87   0.98   0.86   0.86   4.64   0.17   0.68   0.24   3.00   0.04   -999.25 -0.99  24036.80 0.08   24.23  7.00   5.13   0.68   
1832362.01 406537.51 -5800.34 "31/10/2015" 92.00  1832362.01 406537.51 -5800.34 7.22   0.00   7.75   0.00   1.64   2473.54 110.27 74.86  57.83  -0.93  -0.36  0.01   -0.29  0.73   -0.62  0.15   3.79   0.16   0.90   0.96   0.79   0.79   6.59   0.20   0.76   0.26   3.00   0.02   -999.25 -1.00  23020.91 0.07   27.84  11.00  3.24   0.35   
1832379.17 406502.66 -6060.64 "31/10/2015" 94.00  1832379.17 406502.66 -6060.64 1.86   0.00   2.19   0.00   0.86   2457.43 542.18 90.52  75.26  -0.93  -0.37  0.00   0.36   -0.89  0.28   0.36   2.90   0.01   0.71   0.63   0.83   0.58   1.67   0.03   0.17   0.16   3.00   0.00   -999.25 -2.18  397.79 0.00   3.82   3.00   21.71  0.46   
1832585.72 406571.65 -5760.97 "31/10/2015" 97.00  1832585.72 406571.65 -5760.97 3.06   3.00   2.44   0.00   0.33   2430.63 206.32 49.80  43.39  0.96   0.29   0.00   0.20   -0.67  0.72   0.96   2.19   0.00   0.76   0.72   0.76   0.62   2.86   0.08   0.25   0.34   3.00   0.00   -999.25 -1.71  2045.77 0.01   24.73  8.00   0.41   0.14   
1832237.43 406325.49 -5763.74 "31/10/2015" 98.00  1832237.43 406325.49 -5763.74 2.15   3.00   2.65   0.00   0.34   2331.11 221.21 50.72  47.81  0.89   0.45   0.00   -0.37  0.74   -0.57  0.56   2.85   0.03   0.77   0.78   0.75   0.63   2.57   0.06   0.19   0.33   3.00   0.00   -999.25 -1.95  863.54 0.00   18.66  7.00   0.40   0.14   
1831924.76 406759.04 -5823.19 "31/10/2015" 100.00 1831924.76 406759.04 -5823.19 1.95   3.00   2.11   0.00   1.01   2859.68 79.78  34.94  2.76   0.88   0.48   0.00   -0.48  0.88   -0.01  0.48   2.47   0.01   0.81   0.88   0.80   0.75   1.73   0.03   0.21   0.14   3.00   0.00   -999.25 -1.71  2026.66 0.01   21.02  11.00  0.66   0.46   
1832343.27 406491.10 -5592.53 "31/10/2015" 102.00 1832343.27 406491.10 -5592.53 2.97   0.00   3.55   0.00   0.52   2439.64 232.70 88.80  53.52  -0.92  -0.38  -0.00  0.38   -0.91  -0.17  0.98   3.35   0.06   0.82   0.87   0.86   0.79   2.83   0.09   0.30   0.27   3.00   0.00   -999.25 -2.04  637.41 0.00   15.46  9.00   0.52   0.18   
1831987.30 406684.78 -5915.43 "31/10/2015" 103.00 1831987.30 406684.78 -5915.43 2.60   0.00   2.96   0.00   1.98   2771.68 229.04 144.38 99.53  -0.88  -0.47  0.00   0.25   -0.46  0.86   0.60   3.27   0.03   0.83   0.90   0.82   0.79   2.40   0.05   0.34   0.14   3.00   0.00   -999.25 -1.88  1099.59 0.00   23.16  10.00  0.27   0.48   
1832780.74 406805.24 -5813.89 "31/10/2015" 104.00 1832780.74 406805.24 -5813.89 9.21   0.00   9.92   0.00   0.93   2611.31 122.42 68.81  53.06  0.15   -0.76  0.63   0.98   0.20   0.02   0.72   4.03   0.20   0.90   0.98   0.91   0.91   12.42  0.23   0.84   0.28   3.00   0.02   -999.25 -1.24  10046.28 0.03   16.41  11.00  6.91   0.34   
1833086.62 406955.35 -6238.56 "31/10/2015" 105.00 1833086.62 406955.35 -6238.56 7.68   3.00   8.21   0.00   0.38   2766.69 94.44  47.94  3.39   -0.07  1.00   -0.00  1.00   0.07   0.00   0.49   2.38   0.00   0.97   0.98   0.89   0.88   9.34   0.40   0.78   0.47   3.00   0.00   -999.25 -1.72  1936.44 0.01   16.92  11.00  1.21   0.05   
1832663.08 406565.77 -5790.66 "31/10/2015" 106.00 1832663.08 406565.77 -5790.66 3.13   3.00   3.19   0.00   0.42   2403.20 179.63 55.01  45.43  0.97   0.26   -0.00  -0.26  0.96   -0.14  0.56   2.72   0.04   0.88   0.88   0.81   0.75   2.92   0.08   0.26   0.32   3.00   0.00   -999.25 -2.01  719.44 0.00   16.31  5.00   0.50   0.18   
1832129.68 406229.33 -5799.32 "31/10/2015" 108.00 1832129.68 406229.33 -5799.32 3.88   3.00   3.82   0.00   0.14   2297.59 214.54 61.63  45.43  0.86   0.50   -0.00  -0.50  0.86   -0.11  0.35   2.68   0.03   0.85   0.84   0.81   0.72   4.95   0.11   0.22   0.50   3.00   0.00   -999.25 -1.94  894.93 0.00   13.49  10.00  1.11   0.09   
1832271.97 406504.81 -5611.03 "31/10/2015" 109.00 1832271.97 406504.81 -5611.03 7.24   0.00   8.72   0.00   0.54   2479.76 114.19 93.88  53.93  -0.91  -0.42  -0.01  -0.35  0.74   0.58   0.79   3.89   0.25   0.96   0.96   0.91   0.89   6.50   0.29   0.73   0.35   3.00   0.00   -999.25 -1.80  1492.08 0.01   14.21  11.00  1.58   0.06   
1832682.38 406526.90 -5780.31 "31/10/2015" 112.00 1832682.38 406526.90 -5780.31 2.30   0.00   2.74   0.00   1.91   2361.32 337.07 189.64 91.21  0.05   -0.18  0.98   0.25   -0.95  -0.19  0.80   3.12   0.01   0.78   0.92   0.83   0.81   1.60   0.02   0.18   0.14   3.00   0.00   -999.25 -1.53  3700.53 0.01   55.75  10.00  0.06   0.53   
1831965.26 406321.60 -5806.63 "31/10/2015" 114.00 1831965.26 406321.60 -5806.63 2.39   0.00   2.88   0.00   1.90   2463.56 191.50 147.12 75.79  -0.84  -0.54  -0.00  0.52   -0.82  0.24   0.85   3.22   0.03   0.75   0.91   0.83   0.78   2.27   0.05   0.31   0.15   3.00   0.00   -999.25 -1.66  2397.09 0.01   28.86  11.00  0.30   0.59   
1832515.45 406605.34 -5609.33 "31/10/2015" 115.00 1832515.45 406605.34 -5609.33 2.80   0.00   3.21   0.00   0.43   2485.57 241.12 67.28  49.30  -0.95  -0.31  0.00   0.30   -0.93  -0.23  0.49   3.15   0.04   0.85   0.86   0.87   0.79   2.23   0.05   0.22   0.23   3.00   0.00   -999.25 -2.11  508.49 0.00   11.28  7.00   1.08   0.15   
1832702.83 406485.35 -5771.59 "31/10/2015" 116.00 1832702.83 406485.35 -5771.59 2.26   0.00   2.66   0.00   0.55   2315.73 540.12 85.40  56.99  -0.97  -0.25  -0.00  0.25   -0.97  0.00   0.26   3.12   0.03   0.75   0.75   0.86   0.71   2.04   0.04   0.20   0.20   3.00   0.00   -999.25 -2.06  594.78 0.00   15.30  6.00   0.50   0.24   
1832126.72 406588.95 -5792.59 "31/10/2015" 117.00 1832126.72 406588.95 -5792.59 8.00   0.00   8.88   0.00   1.00   2616.69 102.89 77.76  72.86  0.44   -0.89  0.06   0.05   -0.04  -1.00  0.36   4.04   0.17   0.75   0.99   0.90   0.90   7.69   0.23   0.89   0.26   3.00   0.02   -999.25 -0.79  48099.37 0.15   44.95  11.00  1.61   0.86   
1832952.93 406668.47 -5770.79 "31/10/2015" 119.00 1832952.93 406668.47 -5770.79 3.47   3.00   2.73   0.00   0.36   2446.48 162.62 64.05  59.18  0.99   0.14   -0.00  -0.12  0.84   -0.53  0.47   2.54   0.00   0.86   0.85   0.87   0.78   3.79   0.14   0.34   0.42   3.00   0.00   -999.25 -1.73  1890.18 0.01   28.72  11.00  0.24   0.12   
1832720.99 406731.71 -6045.64 "31/10/2015" 121.00 1832720.99 406731.71 -6045.64 2.70   0.00   3.13   0.00   0.92   2571.07 294.78 177.53 107.60 -0.97  -0.22  0.00   -0.01  0.04   1.00   0.98   3.09   0.04   0.84   0.79   0.82   0.71   2.51   0.06   0.30   0.20   3.00   0.00   -999.25 -1.74  1833.00 0.01   23.81  8.00   0.41   0.32   
1832915.60 406439.00 -5929.46 "31/10/2015" 122.00 1832915.60 406439.00 -5929.46 1.88   0.00   2.52   0.00   0.59   2234.94 539.92 107.42 72.66  -0.99  -0.17  0.00   -0.13  0.73   -0.67  0.89   2.92   0.02   0.69   0.67   0.77   0.55   1.85   0.03   0.19   0.18   3.00   0.00   -999.25 -1.83  1335.73 0.00   25.95  7.00   0.23   0.36   
1832751.63 406562.57 -5594.07 "31/10/2015" 123.00 1832751.63 406562.57 -5594.07 3.42   0.00   3.90   0.00   0.30   2381.63 180.99 87.22  68.67  -0.97  -0.22  0.00   0.20   -0.88  0.43   0.57   3.35   0.06   0.87   0.87   0.90   0.82   2.78   0.07   0.24   0.30   3.00   0.00   -999.25 -2.07  575.22 0.00   12.90  10.00  0.81   0.10   
1831961.79 406226.31 -5804.94 "31/10/2015" 125.00 1831961.79 406226.31 -5804.94 2.48   0.00   2.83   0.00   1.45   2385.69 176.59 98.51  90.25  0.55   -0.83  0.02   -0.04  -0.05  -1.00  0.33   3.32   0.04   0.80   0.96   0.86   0.84   2.47   0.05   0.32   0.17   3.00   0.00   -999.25 -1.81  1415.35 0.00   25.77  11.00  0.25   0.55   
1831950.24 406190.39 -5771.16 "31/10/2015" 127.00 1831950.24 406190.39 -5771.16 6.17   0.00   6.88   0.00   0.41   2361.47 123.72 82.46  51.58  -0.82  -0.57  -0.00  0.55   -0.80  0.23   0.35   3.70   0.14   0.89   0.91   0.85   0.80   4.84   0.18   0.57   0.33   3.00   0.00   -999.25 -1.47  4605.92 0.01   32.93  11.00  0.39   0.17   
1832105.50 406266.02 -5737.40 "31/10/2015" 128.00 1832105.50 406266.02 -5737.40 2.56   0.00   2.95   0.00   0.98   2341.47 250.75 103.85 62.53  -0.86  -0.51  0.00   -0.38  0.65   -0.66  0.59   3.13   0.03   0.73   0.87   0.79   0.69   2.40   0.05   0.28   0.20   3.00   0.00   -999.25 -1.85  1254.72 0.00   23.30  10.00  0.30   0.41   
1833082.05 406552.02 -5750.95 "31/10/2015" 129.00 1833082.05 406552.02 -5750.95 2.44   3.00   2.84   0.00   0.57   2316.63 90.72  49.08  3.56   1.00   0.09   0.00   -0.09  1.00   0.01   0.82   2.49   0.02   0.88   0.86   0.73   0.69   2.43   0.06   0.22   0.27   3.00   0.00   -999.25 -1.81  1423.12 0.00   25.04  7.00   0.28   0.20   
1831957.93 406304.01 -5839.28 "31/10/2015" 130.00 1831957.93 406304.01 -5839.28 1.85   0.00   2.04   0.00   1.29   2454.13 159.90 137.86 114.81 -0.48  0.78   0.40   -0.85  -0.53  0.00   0.08   3.10   0.02   0.75   0.80   0.93   0.79   1.56   0.02   0.16   0.15   3.00   0.00   -999.25 -1.69  2157.90 0.01   36.43  9.00   0.14   0.71   
1832586.96 406292.99 -5744.97 "31/10/2015" 132.00 1832586.96 406292.99 -5744.97 1.84   0.00   2.49   0.00   0.45   2164.48 502.00 192.47 91.64  -0.95  -0.32  0.00   -0.22  0.64   -0.74  0.40   2.82   0.02   0.70   0.67   0.76   0.54   1.80   0.03   0.15   0.21   3.00   0.00   -999.25 -2.23  331.98 0.00   9.39   2.00   1.22   0.28   
1832863.91 406527.66 -5757.87 "31/10/2015" 133.00 1832863.91 406527.66 -5757.87 2.79   3.00   3.10   0.00   0.53   2322.04 191.66 41.95  40.08  0.98   0.18   -0.00  0.12   -0.65  0.75   0.58   3.15   0.05   0.86   0.88   0.83   0.78   2.76   0.08   0.28   0.28   3.00   0.00   -999.25 -1.97  813.22 0.00   20.55  7.00   0.28   0.12   
1831751.38 406029.33 -5808.26 "31/10/2015" 135.00 1831751.38 406029.33 -5808.26 9.76   0.00   10.09  0.00   0.48   2356.52 104.36 69.96  68.58  -0.23  0.27   -0.94  0.66   0.75   0.06   0.58   4.08   0.23   0.81   0.99   0.92   0.92   10.23  0.27   0.85   0.32   3.00   0.01   -999.25 -1.25  9964.55 0.03   23.60  11.00  2.30   0.16   
1831976.53 406268.09 -5780.76 "31/10/2015" 137.00 1831976.53 406268.09 -5780.76 3.01   0.00   3.40   0.00   1.15   2411.68 149.92 101.00 48.00  -0.84  -0.54  0.00   0.51   -0.79  0.34   0.25   3.32   0.05   0.88   0.92   0.83   0.78   2.69   0.07   0.34   0.20   3.00   0.00   -999.25 -1.67  2322.88 0.01   32.40  11.00  0.21   0.49   
1831891.24 406231.91 -5856.44 "31/10/2015" 138.00 1831891.24 406231.91 -5856.44 7.70   0.00   7.71   0.00   1.06   2432.60 134.66 70.64  64.64  0.39   -0.55  0.74   0.83   0.56   -0.02  0.65   3.92   0.21   0.85   0.99   0.86   0.85   5.50   0.27   0.72   0.36   3.00   0.00   -999.25 -1.43  5308.06 0.02   26.46  11.00  0.87   0.24   
1831861.57 406578.50 -5773.30 "31/10/2015" 139.00 1831861.57 406578.50 -5773.30 1.91   0.00   2.23   0.00   1.24   2735.37 249.85 217.70 69.77  -0.85  -0.52  -0.00  0.52   -0.85  0.13   0.51   3.15   0.02   0.80   0.86   0.81   0.73   2.11   0.04   0.29   0.13   3.00   0.00   -999.25 -1.86  1204.54 0.00   20.32  8.00   0.44   0.58   
1831747.05 406156.73 -5776.42 "31/10/2015" 140.00 1831747.05 406156.73 -5776.42 2.29   0.00   2.50   0.00   2.00   2456.12 180.28 119.35 51.20  -0.78  -0.63  0.00   0.62   -0.77  0.13   0.07   3.26   0.03   0.80   0.91   0.82   0.78   2.40   0.04   0.36   0.12   3.00   0.00   -999.25 -1.92  965.79 0.00   20.34  8.00   0.35   0.57   
1832641.62 406340.71 -5583.92 "31/10/2015" 141.00 1832641.62 406340.71 -5583.92 1.98   0.00   2.26   0.00   0.69   2196.85 349.29 149.36 92.43  -0.96  -0.29  0.00   0.02   -0.05  1.00   0.73   3.07   0.02   0.75   0.76   0.89   0.73   1.71   0.03   0.18   0.16   3.00   0.00   -999.25 -2.26  303.03 0.00   9.69   2.00   1.01   0.30   
1832998.84 406465.81 -5555.71 "31/10/2015" 149.00 1832998.84 406465.81 -5555.71 2.49   0.00   3.18   0.00   0.40   2244.93 246.70 70.04  62.44  -0.99  -0.13  -0.00  0.08   -0.68  0.73   0.65   3.21   0.03   0.70   0.84   0.83   0.76   2.21   0.05   0.22   0.22   3.00   0.00   -999.25 -2.04  640.27 0.00   18.46  8.00   0.31   0.17   
1832733.31 406615.76 -5796.47 "31/10/2015" 151.00 1832733.31 406615.76 -5796.47 3.89   0.00   4.40   0.00   0.58   2435.63 181.44 140.92 66.37  -0.97  -0.23  -0.00  0.18   -0.75  0.63   0.18   3.35   0.05   0.90   0.90   0.89   0.82   2.67   0.06   0.31   0.23   3.00   0.00   -999.25 -1.77  1608.63 0.00   24.25  10.00  0.34   0.13   
1832235.15 406307.93 -5765.09 "31/10/2015" 153.00 1832235.15 406307.93 -5765.09 2.27   0.00   2.68   0.00   0.61   2316.34 273.65 77.14  43.22  -0.89  -0.45  -0.00  0.42   -0.82  0.40   0.56   3.14   0.04   0.80   0.80   0.85   0.72   2.11   0.05   0.25   0.17   3.00   0.00   -999.25 -2.13  475.96 0.00   9.32   6.00   1.79   0.24   
1832654.75 406728.83 -5547.29 "31/10/2015" 154.00 1832654.75 406728.83 -5547.29 1.73   0.00   2.12   0.00   0.95   2568.56 510.71 74.64  50.60  -0.97  -0.25  0.00   0.25   -0.97  0.07   0.01   2.89   0.01   0.65   0.64   0.78   0.57   1.59   0.03   0.18   0.13   3.00   0.00   -999.25 -2.20  368.14 0.00   7.04   5.00   3.21   0.48   
1832338.48 406262.40 -5612.97 "31/10/2015" 155.00 1832338.48 406262.40 -5612.97 2.37   0.00   2.98   0.00   0.38   2231.92 377.21 64.83  45.82  -0.91  -0.43  0.00   0.42   -0.90  -0.13  0.35   2.96   0.02   0.69   0.69   0.84   0.63   1.98   0.04   0.18   0.22   3.00   0.00   -999.25 -2.30  264.00 0.00   9.83   4.00   0.84   0.21   
1832216.61 406794.63 -6084.50 "31/10/2015" 156.00 1832216.61 406794.63 -6084.50 4.88   0.00   5.17   0.00   1.07   2789.49 106.23 83.36  48.48  -0.92  -0.39  0.00   0.37   -0.86  0.35   0.54   3.66   0.12   0.92   0.95   0.89   0.87   3.97   0.15   0.54   0.25   3.00   0.00   -999.25 -1.62  2780.98 0.01   31.47  11.00  0.27   0.34   
1832993.43 406743.99 -5799.37 "31/10/2015" 157.00 1832993.43 406743.99 -5799.37 3.75   0.00   4.41   0.00   2.60   2517.09 93.00  69.55  47.62  0.12   -0.96  0.26   0.99   0.13   0.01   0.93   3.79   0.10   0.84   0.97   0.85   0.84   5.35   0.13   0.78   0.17   3.00   0.00   -999.25 -1.79  1527.21 0.00   17.71  11.00  0.83   0.46   
1832688.51 406610.85 -5854.28 "31/10/2015" 159.00 1832688.51 406610.85 -5854.28 6.01   0.00   6.43   0.00   1.47   2444.02 199.31 68.12  58.35  0.21   -0.81  0.54   0.97   0.25   0.00   0.01   3.28   0.04   0.93   0.99   0.85   0.85   2.21   0.05   0.25   0.19   3.00   0.00   -999.25 -1.58  3161.09 0.01   23.65  11.00  0.73   0.30   
1832680.23 406438.93 -5872.88 "31/10/2015" 160.00 1832680.23 406438.93 -5872.88 2.40   0.00   2.90   0.00   0.47   2281.44 360.29 160.92 58.76  -0.96  -0.27  0.00   -0.16  0.55   -0.82  0.48   3.13   0.04   0.78   0.76   0.82   0.67   2.40   0.06   0.22   0.25   3.00   0.00   -999.25 -2.32  240.49 0.00   6.81   7.00   2.32   0.23   
1832563.57 406407.03 -5594.43 "31/10/2015" 161.00 1832563.57 406407.03 -5594.43 2.26   3.00   2.68   0.00   0.78   2283.17 191.95 32.58  21.52  0.95   0.32   0.00   -0.32  0.95   0.06   0.14   3.02   0.02   0.78   0.75   0.79   0.66   1.77   0.03   0.21   0.15   3.00   0.00   -999.25 -2.29  274.10 0.00   7.87   5.00   1.71   0.34   
1832814.92 406920.83 -6045.42 "31/10/2015" 162.00 1832814.92 406920.83 -6045.42 3.65   0.00   3.55   0.00   0.52   2736.52 290.75 278.84 87.14  0.98   0.19   -0.04  -0.11  0.37   -0.92  1.00   3.13   0.06   0.84   0.85   0.77   0.72   2.79   0.09   0.28   0.27   3.00   0.00   -999.25 -1.73  1868.57 0.01   23.33  10.00  0.45   0.47   
1833129.11 406874.28 -5800.20 "31/10/2015" 163.00 1833129.11 406874.28 -5800.20 1.98   0.00   2.17   0.00   1.01   2634.81 244.21 87.46  59.31  -1.00  -0.06  0.00   0.06   -0.94  0.33   0.80   3.01   0.02   0.78   0.73   0.83   0.66   1.82   0.03   0.20   0.16   3.00   0.00   -999.25 -1.88  1110.00 0.00   23.85  6.00   0.25   0.54   
1832519.67 406323.79 -5614.37 "31/10/2015" 165.00 1832519.67 406323.79 -5614.37 3.01   0.00   3.93   0.00   0.24   2218.34 377.24 63.13  45.94  -0.94  -0.35  0.00   0.33   -0.91  -0.25  0.17   3.07   0.03   0.74   0.77   0.79   0.66   2.42   0.05   0.20   0.27   3.00   0.00   -999.25 -2.12  493.69 0.00   12.35  7.00   0.80   0.14   
1832551.14 406475.41 -5719.70 "31/10/2015" 166.00 1832551.14 406475.41 -5719.70 1.66   0.00   2.00   0.00   0.75   2348.63 317.07 296.00 134.55 -0.06  0.24   0.97   0.95   0.31   -0.02  0.04   2.49   0.01   0.59   0.62   0.70   0.49   1.63   0.03   0.16   0.16   3.00   0.00   -999.25 -2.26  301.78 0.00   6.76   5.00   2.97   0.43   
1832635.36 406323.10 -5599.97 "31/10/2015" 170.00 1832635.36 406323.10 -5599.97 2.22   3.00   2.65   0.00   0.17   2188.69 203.27 65.24  24.56  0.95   0.30   0.00   -0.30  0.95   0.05   0.23   2.82   0.03   0.82   0.80   0.70   0.64   3.01   0.06   0.16   0.41   3.00   0.00   -999.25 -2.14  458.31 0.00   15.86  4.00   0.35   0.09   
1832695.20 406563.56 -5521.16 "31/10/2015" 172.00 1832695.20 406563.56 -5521.16 1.63   0.00   2.04   0.00   0.78   2400.82 351.05 137.70 99.99  -0.97  -0.25  0.00   -0.02  0.10   0.99   0.59   2.97   0.02   0.76   0.72   0.76   0.64   1.64   0.03   0.17   0.15   3.00   0.00   -999.25 -1.32  7608.80 0.02   67.83  5.00   0.07   0.43   
1832106.83 406648.49 -5973.23 "31/10/2015" 174.00 1832106.83 406648.49 -5973.23 6.07   0.00   5.22   0.00   1.32   2689.95 352.25 98.79  75.24  0.21   -0.43  0.88   0.39   -0.79  -0.48  0.24   3.28   0.03   0.69   0.99   0.88   0.88   2.23   0.06   0.24   0.19   3.00   0.01   -999.25 -0.96  26472.20 0.08   34.68  11.00  1.93   1.11   
1832768.57 406425.16 -5521.26 "31/10/2015" 176.00 1832768.57 406425.16 -5521.26 2.95   0.00   3.59   0.00   0.20   2249.39 351.30 80.76  62.72  -0.97  -0.24  0.00   -0.19  0.78   -0.59  0.56   3.21   0.04   0.85   0.83   0.80   0.71   2.61   0.06   0.21   0.29   3.00   0.00   -999.25 -2.07  573.26 0.00   13.81  2.00   0.66   0.11   
1832396.17 406315.75 -5611.46 "31/10/2015" 177.00 1832396.17 406315.75 -5611.46 2.18   0.00   2.87   0.00   0.36   2256.88 437.57 74.91  46.47  -0.92  -0.40  -0.00  0.39   -0.91  -0.17  0.37   2.97   0.02   0.69   0.71   0.81   0.65   1.93   0.04   0.16   0.23   3.00   0.00   -999.25 -2.07  578.14 0.00   18.86  2.00   0.26   0.22   
1832699.03 406387.86 -5518.50 "31/10/2015" 179.00 1832699.03 406387.86 -5518.50 1.87   0.00   2.13   0.00   0.75   2230.87 391.80 339.97 69.21  -0.95  -0.31  -0.01  0.31   -0.94  -0.14  0.27   2.90   0.01   0.70   0.72   0.74   0.57   1.66   0.03   0.17   0.16   3.00   0.00   -999.25 -2.41  180.69 0.00   5.39   5.00   3.50   0.44   
1832418.83 406190.16 -5734.54 "31/10/2015" 180.00 1832418.83 406190.16 -5734.54 2.32   0.00   3.07   0.00   0.36   2130.33 454.63 214.30 84.43  -0.91  -0.41  -0.00  -0.16  0.35   0.92   0.94   3.06   0.02   0.61   0.73   0.78   0.63   2.22   0.05   0.18   0.26   3.00   0.00   -999.25 -2.09  546.48 0.00   15.43  7.00   0.45   0.20   
1832898.68 406631.93 -5788.12 "31/10/2015" 182.00 1832898.68 406631.93 -5788.12 2.83   0.00   3.11   0.00   0.81   2419.01 160.28 79.21  55.03  -0.99  -0.16  -0.00  0.14   -0.87  0.47   0.49   3.30   0.05   0.84   0.89   0.84   0.79   2.56   0.07   0.31   0.20   3.00   0.00   -999.25 -2.07  574.19 0.00   14.79  5.00   0.54   0.28   
1833079.41 406709.59 -5568.04 "31/10/2015" 185.00 1833079.41 406709.59 -5568.04 14.60  0.00   16.26  0.00   0.95   2477.40 71.43  67.10  52.88  0.98   0.19   0.05   -0.19  0.95   0.23   0.64   4.11   0.28   0.92   0.99   0.89   0.88   17.80  0.35   0.84   0.39   3.00   0.01   -999.25 -1.23  10478.50 0.03   19.64  11.00  4.20   0.06   
1833051.07 406728.30 -5542.85 "31/10/2015" 186.00 1833051.07 406728.30 -5542.85 2.09   0.00   2.64   0.00   1.33   2500.19 167.44 97.97  55.10  -1.00  -0.10  0.00   0.10   -1.00  0.02   0.69   3.24   0.04   0.84   0.88   0.86   0.81   2.13   0.05   0.27   0.16   3.00   0.00   -999.25 -2.07  587.44 0.00   10.69  6.00   1.46   0.48   
1833193.85 406533.02 -5908.52 "31/10/2015" 188.00 1833193.85 406533.02 -5908.52 2.24   0.00   2.89   0.00   0.38   2297.30 564.75 201.65 82.26  -1.00  -0.05  -0.01  0.02   -0.56  0.83   0.34   3.10   0.04   0.75   0.72   0.86   0.67   2.24   0.05   0.21   0.22   3.00   0.00   -999.25 -1.86  1207.47 0.00   36.04  1.00   0.08   0.21   
1832898.98 406414.95 -5535.50 "31/10/2015" 191.00 1832898.98 406414.95 -5535.50 1.89   3.00   2.53   0.00   0.29   2222.10 227.71 50.29  27.82  0.98   0.18   -0.00  -0.18  0.98   0.08   0.46   2.17   0.01   0.65   0.59   0.70   0.45   2.41   0.05   0.15   0.33   3.00   0.00   -999.25 -2.24  324.71 0.00   12.13  1.00   0.55   0.18   
1832334.94 406523.79 -5890.48 "31/10/2015" 192.00 1832334.94 406523.79 -5890.48 4.81   0.00   5.22   0.00   0.49   2475.80 126.54 104.83 58.77  -0.93  -0.38  -0.03  0.19   -0.52  0.83   0.19   3.57   0.12   0.84   0.95   0.85   0.84   4.13   0.15   0.47   0.29   3.00   0.00   -999.25 -2.02  685.79 0.00   14.46  11.00  0.69   0.15   
1832442.96 406292.32 -5455.79 "31/10/2015" 195.00 1832442.96 406292.32 -5455.79 3.04   0.00   3.43   0.00   1.02   2230.04 177.38 49.43  48.83  -0.93  -0.38  -0.00  0.08   -0.20  0.98   0.37   3.34   0.05   0.83   0.90   0.91   0.86   2.42   0.06   0.28   0.20   3.00   0.00   -999.25 -2.27  290.34 0.00   7.45   6.00   2.13   0.27   
1832277.85 406571.93 -5943.54 "31/10/2015" 198.00 1832277.85 406571.93 -5943.54 8.06   0.00   9.19   0.00   0.99   2546.47 78.36  66.48  38.33  -0.27  0.75   -0.60  0.93   0.36   0.02   0.11   3.83   0.17   0.91   0.98   0.91   0.91   6.50   0.21   0.66   0.32   3.00   0.00   -999.25 -1.85  1226.35 0.00   11.50  11.00  2.45   0.11   
1832349.79 406402.33 -5753.42 "31/10/2015" 202.00 1832349.79 406402.33 -5753.42 3.78   0.00   3.92   0.00   1.02   2352.51 115.17 113.73 61.27  0.89   0.45   0.06   -0.31  0.50   0.81   0.69   3.48   0.06   0.90   0.94   0.92   0.89   2.94   0.07   0.36   0.23   3.00   0.00   -999.25 -2.00  734.58 0.00   17.47  9.00   0.42   0.20   
1831870.86 406118.53 -5622.88 "31/10/2015" 206.00 1831870.86 406118.53 -5622.88 1.81   0.00   2.50   0.00   0.67   2351.01 568.35 144.75 100.54 -0.82  -0.58  -0.00  0.55   -0.77  -0.32  0.19   2.66   0.01   0.63   0.46   0.70   0.37   1.57   0.02   0.15   0.17   3.00   0.00   -999.25 -2.29  272.23 0.00   6.95   8.00   2.46   0.44   
1832610.46 406431.13 -5537.74 "31/10/2015" 207.00 1832610.46 406431.13 -5537.74 2.41   0.00   2.76   0.00   0.40   2295.44 188.81 154.16 64.59  0.95   0.30   0.01   -0.00  -0.03  1.00   0.62   3.23   0.03   0.80   0.89   0.85   0.79   2.19   0.05   0.21   0.23   3.00   0.00   -999.25 -2.27  285.53 0.00   8.90   6.00   1.23   0.16   
1832298.03 406830.32 -6340.61 "31/10/2015" 208.00 1832298.03 406830.32 -6340.61 2.53   0.00   2.69   0.00   2.20   2837.23 376.29 202.23 112.91 0.18   -0.47  -0.86  0.93   0.36   0.00   0.58   3.27   0.04   0.85   0.93   0.90   0.87   2.47   0.05   0.36   0.13   3.00   0.00   -999.25 -2.16  418.72 0.00   10.88  9.00   0.99   0.56   
1832747.32 406380.50 -5733.23 "31/10/2015" 209.00 1832747.32 406380.50 -5733.23 1.86   0.00   2.11   0.00   0.46   2202.53 369.28 185.39 64.60  -0.97  -0.24  0.00   -0.16  0.62   0.77   0.54   2.96   0.02   0.79   0.75   0.79   0.66   1.55   0.03   0.14   0.17   3.00   0.00   -999.25 -1.82  1386.26 0.00   24.60  5.00   0.28   0.24   
1832884.11 406508.76 -5555.90 "31/10/2015" 213.00 1832884.11 406508.76 -5555.90 9.34   0.00   10.89  0.00   0.40   2304.75 75.45  64.61  60.25  -0.20  0.65   -0.74  0.98   0.13   -0.16  0.03   4.06   0.24   0.89   0.98   0.87   0.87   8.52   0.30   0.84   0.35   3.00   0.00   -999.25 -1.70  2083.46 0.01   14.34  11.00  2.15   0.03   
1832409.98 406383.96 -5584.56 "31/10/2015" 214.00 1832409.98 406383.96 -5584.56 1.79   0.00   2.30   0.00   0.56   2315.72 535.84 79.56  47.87  -0.92  -0.38  0.00   0.38   -0.92  -0.03  0.79   2.86   0.01   0.67   0.62   0.79   0.54   1.57   0.02   0.16   0.15   3.00   0.00   -999.25 -2.26  304.61 0.00   14.98  5.00   0.28   0.33   
1833192.16 406520.67 -5596.62 "31/10/2015" 215.00 1833192.16 406520.67 -5596.62 2.12   0.00   2.50   0.00   0.51   2280.35 463.60 73.41  48.21  -1.00  -0.05  0.00   0.05   -1.00  0.02   0.67   2.96   0.02   0.75   0.68   0.78   0.59   1.87   0.04   0.19   0.18   3.00   0.00   -999.25 -2.20  371.57 0.00   10.10  4.00   1.10   0.33   
1832849.82 406504.73 -5577.47 "31/10/2015" 216.00 1832849.82 406504.73 -5577.47 4.16   0.00   4.58   0.00   0.54   2305.65 142.59 71.18  57.64  -0.98  -0.18  -0.01  -0.15  0.82   -0.56  0.65   3.57   0.09   0.89   0.94   0.94   0.90   3.34   0.11   0.39   0.28   3.00   0.00   -999.25 -2.11  499.76 0.00   12.45  10.00  0.79   0.12   
1833078.25 406770.86 -5498.75 "31/10/2015" 217.00 1833078.25 406770.86 -5498.75 2.84   0.00   3.09   0.00   0.34   2543.48 165.01 67.51  58.83  -1.00  -0.09  0.00   0.08   -0.92  -0.37  0.14   3.28   0.03   0.87   0.91   0.89   0.85   2.15   0.05   0.21   0.22   3.00   0.00   -999.25 -2.07  572.12 0.00   10.59  8.00   1.46   0.13   
1832501.29 406648.23 -5891.81 "31/10/2015" 219.00 1832501.29 406648.23 -5891.81 2.54   0.00   2.93   0.00   1.29   2534.34 163.69 162.62 55.02  0.46   0.71   -0.53  0.86   -0.21  0.47   0.05   3.37   0.06   0.80   0.87   0.92   0.84   2.81   0.07   0.39   0.17   3.00   0.00   -999.25 -1.99  769.34 0.00   17.49  10.00  0.44   0.45   
1833221.68 406591.33 -5737.67 "31/10/2015" 220.00 1833221.68 406591.33 -5737.67 1.70   0.00   2.04   0.00   0.67   2346.77 560.54 198.38 115.64 -1.00  -0.04  0.01   -0.02  0.56   0.83   0.45   2.81   0.01   0.71   0.65   0.73   0.55   1.52   0.02   0.16   0.14   3.00   0.00   -999.25 -2.10  515.08 0.00   8.90   5.00   2.22   0.39   
1832443.79 406334.00 -5451.35 "31/10/2015" 221.00 1832443.79 406334.00 -5451.35 1.76   0.00   2.24   0.00   0.53   2268.57 431.76 108.78 63.23  -0.93  -0.37  0.00   0.37   -0.93  -0.04  0.33   2.81   0.01   0.79   0.66   0.68   0.49   1.57   0.03   0.15   0.16   3.00   0.00   -999.25 -2.19  377.68 0.00   14.12  6.00   0.41   0.32   
1833012.43 406454.20 -5604.40 "31/10/2015" 222.00 1833012.43 406454.20 -5604.40 1.96   0.00   2.23   0.00   0.46   2228.71 355.31 107.18 48.77  -0.99  -0.12  0.00   -0.09  0.77   0.63   0.25   2.97   0.01   0.87   0.81   0.73   0.66   1.59   0.02   0.16   0.16   3.00   0.00   -999.25 -2.19  379.06 0.00   10.04  3.00   1.14   0.29   
1832638.92 406476.29 -5447.08 "31/10/2015" 223.00 1832638.92 406476.29 -5447.08 1.76   0.00   2.11   0.00   0.94   2339.15 348.96 164.64 90.64  -0.96  -0.28  -0.00  0.01   -0.05  1.00   0.65   2.91   0.01   0.71   0.69   0.79   0.61   1.47   0.02   0.16   0.14   3.00   0.00   -999.25 -2.21  357.75 0.00   10.37  7.00   0.98   0.58   
1832361.57 406244.41 -6043.07 "31/10/2015" 224.00 1832361.57 406244.41 -6043.07 2.54   0.00   2.94   0.00   0.43   2227.22 287.01 195.02 96.88  0.42   -0.90  0.11   0.91   0.42   0.00   0.33   2.81   0.01   0.80   0.73   0.71   0.61   1.33   0.02   0.13   0.14   3.00   0.00   -999.25 -2.02  691.21 0.00   14.52  7.00   0.69   0.20   
1832390.93 406600.61 -5416.49 "31/10/2015" 225.00 1832390.93 406600.61 -5416.49 1.91   0.00   2.54   0.00   0.47   2538.30 563.17 106.53 85.71  -0.93  -0.36  0.00   0.34   -0.89  -0.30  1.00   2.76   0.01   0.62   0.57   0.67   0.42   1.73   0.03   0.16   0.18   3.00   0.00   -999.25 -2.00  732.82 0.00   11.94  5.00   1.31   0.26   
1832916.02 406528.40 -5541.35 "31/10/2015" 227.00 1832916.02 406528.40 -5541.35 2.53   0.00   3.00   0.00   0.34   2319.76 389.25 75.03  60.17  -0.99  -0.16  -0.00  0.16   -0.96  -0.21  0.58   2.97   0.02   0.76   0.70   0.73   0.59   1.93   0.04   0.18   0.21   3.00   0.00   -999.25 -2.06  596.89 0.00   13.08  3.00   0.81   0.19   
1832270.14 406661.66 -6093.35 "31/10/2015" 228.00 1832270.14 406661.66 -6093.35 6.17   0.00   6.30   0.00   0.49   2648.72 135.51 134.10 89.90  0.92   0.37   -0.11  0.02   0.24   0.97   0.96   3.65   0.14   0.86   0.95   0.89   0.87   4.39   0.19   0.52   0.36   3.00   0.00   -999.25 -1.51  3958.05 0.01   33.80  11.00  0.31   0.25   
1833099.08 406526.81 -5590.70 "31/10/2015" 229.00 1833099.08 406526.81 -5590.70 1.78   0.00   2.16   0.00   0.55   2292.61 499.67 274.57 105.35 -1.00  -0.09  0.00   -0.02  0.20   0.98   0.86   2.94   0.01   0.69   0.70   0.78   0.62   1.60   0.02   0.17   0.15   3.00   0.00   -999.25 -2.27  294.50 0.00   7.51   7.00   2.11   0.31   
1832621.24 406334.61 -5539.93 "31/10/2015" 230.00 1832621.24 406334.61 -5539.93 2.01   0.00   2.35   0.00   0.42   2200.27 360.60 213.13 120.50 -0.95  -0.31  0.00   -0.25  0.78   -0.57  0.40   2.95   0.02   0.70   0.66   0.80   0.58   1.85   0.03   0.17   0.20   3.00   0.00   -999.25 -2.22  341.16 0.00   11.09  9.00   0.76   0.22   
1832888.64 406280.61 -5565.20 "31/10/2015" 233.00 1832888.64 406280.61 -5565.20 1.88   0.00   2.38   0.00   0.61   2079.58 528.11 182.24 51.23  -0.98  -0.20  -0.00  0.20   -0.98  -0.06  0.79   2.66   0.01   0.65   0.53   0.58   0.38   1.49   0.02   0.15   0.15   3.00   0.00   -999.25 -2.46  150.30 0.00   5.96   2.00   2.16   0.42   
1832700.36 406492.35 -5477.46 "31/10/2015" 234.00 1832700.36 406492.35 -5477.46 1.96   0.00   2.67   0.00   0.76   2334.93 562.18 84.98  54.66  -0.97  -0.26  0.00   0.25   -0.94  -0.24  0.91   2.97   0.02   0.71   0.61   0.85   0.59   1.92   0.04   0.20   0.18   3.00   0.00   -999.25 -2.08  557.25 0.00   16.49  3.00   0.38   0.28   
1832690.39 406491.34 -5590.99 "31/10/2015" 235.00 1832690.39 406491.34 -5590.99 2.71   0.00   3.05   0.00   0.69   2327.54 194.76 64.27  50.64  -0.97  -0.26  0.00   0.25   -0.95  -0.19  0.55   3.24   0.03   0.89   0.87   0.89   0.82   2.06   0.04   0.22   0.20   3.00   0.00   -999.25 -2.12  484.14 0.00   15.36  7.00   0.41   0.31   
1832539.36 406723.07 -6075.42 "31/10/2015" 236.00 1832539.36 406723.07 -6075.42 2.70   0.00   2.97   0.00   0.75   2612.88 232.09 206.27 82.78  -0.96  -0.28  0.02   -0.09  0.34   0.94   0.76   3.14   0.04   0.80   0.84   0.86   0.78   2.25   0.05   0.25   0.20   3.00   0.00   -999.25 -2.07  582.36 0.00   10.65  7.00   1.47   0.29   
1832728.65 406709.79 -5993.00 "31/10/2015" 237.00 1832728.65 406709.79 -5993.00 3.99   0.00   4.32   0.00   0.44   2541.95 282.20 137.54 52.22  -0.97  -0.22  0.00   -0.16  0.69   -0.70  0.47   3.35   0.07   0.80   0.82   0.88   0.77   2.91   0.09   0.30   0.29   3.00   0.00   -999.25 -1.87  1147.81 0.00   17.30  9.00   0.67   0.20   
1832889.39 406844.09 -6060.17 "31/10/2015" 238.00 1832889.39 406844.09 -6060.17 3.05   0.00   3.63   0.00   0.30   2651.17 245.93 98.39  79.68  -0.99  -0.15  -0.00  0.05   -0.34  0.94   0.16   3.33   0.05   0.87   0.87   0.93   0.84   2.50   0.06   0.20   0.30   3.00   0.00   -999.25 -1.89  1077.60 0.00   19.19  10.00  0.46   0.18   
1833315.67 406915.53 -5784.26 "31/10/2015" 241.00 1833315.67 406915.53 -5784.26 2.43   3.00   2.65   0.00   0.98   2670.89 155.74 70.57  63.52  1.00   -0.01  -0.00  -0.00  -0.47  0.88   0.45   2.97   0.05   0.94   0.94   0.85   0.83   3.01   0.09   0.36   0.24   3.00   0.00   -999.25 -1.93  927.27 0.00   11.78  8.00   1.72   0.31   
1832368.88 406253.65 -5610.92 "31/10/2015" 242.00 1832368.88 406253.65 -5610.92 2.32   0.00   3.10   0.00   0.46   2211.29 451.11 83.00  64.71  -0.91  -0.42  -0.00  0.38   -0.83  -0.40  0.59   2.97   0.02   0.70   0.67   0.85   0.64   1.98   0.04   0.19   0.21   3.00   0.00   -999.25 -2.10  530.39 0.00   16.60  5.00   0.35   0.25   
1832210.65 406323.04 -5532.84 "31/10/2015" 247.00 1832210.65 406323.04 -5532.84 1.95   0.00   2.34   0.00   0.64   2347.82 370.89 143.79 90.33  -0.89  -0.46  -0.00  0.08   -0.15  0.99   0.57   3.00   0.02   0.77   0.79   0.76   0.65   1.74   0.03   0.18   0.17   3.00   0.00   -999.25 -2.18  394.81 0.00   13.08  5.00   0.54   0.33   
1832072.56 406097.22 -5606.82 "31/10/2015" 249.00 1832072.56 406097.22 -5606.82 2.39   0.00   2.65   0.00   0.72   2218.08 297.72 73.47  51.94  -0.84  -0.55  0.00   0.54   -0.83  0.12   0.84   3.03   0.02   0.80   0.82   0.87   0.74   1.87   0.03   0.21   0.16   3.00   0.00   -999.25 -2.25  306.04 0.00   12.51  3.00   0.48   0.33   
1832530.65 406383.96 -5569.93 "31/10/2015" 250.00 1832530.65 406383.96 -5569.93 4.45   0.00   5.04   0.00   1.57   2273.58 70.57  63.85  62.96  0.14   -0.81  -0.58  0.90   0.34   -0.26  0.41   3.84   0.14   0.82   0.98   0.93   0.92   4.65   0.17   0.69   0.22   3.00   0.00   -999.25 -2.01  717.37 0.00   16.98  10.00  0.44   0.17   
1832861.08 406503.87 -5567.86 "31/10/2015" 255.00 1832861.08 406503.87 -5567.86 6.91   0.00   8.13   0.00   0.32   2303.30 68.31  65.61  48.78  0.06   -0.72  -0.69  0.99   0.12   -0.04  0.41   3.94   0.20   0.86   0.96   0.86   0.85   5.96   0.26   0.71   0.37   3.00   0.00   -999.25 -1.95  873.96 0.00   10.70  11.00  2.17   0.05   
1832566.83 406371.64 -5590.43 "31/10/2015" 257.00 1832566.83 406371.64 -5590.43 1.91   0.00   2.44   0.00   0.41   2248.86 417.28 125.63 62.31  -0.95  -0.32  -0.00  0.32   -0.95  0.03   0.58   2.99   0.02   0.80   0.73   0.75   0.62   1.87   0.04   0.17   0.20   3.00   0.00   -999.25 -2.12  482.01 0.00   15.32  6.00   0.41   0.28   
1831994.71 406003.02 -5497.92 "31/10/2015" 258.00 1831994.71 406003.02 -5497.92 1.78   0.00   2.32   0.00   0.68   2193.49 527.15 356.96 62.20  -0.82  -0.57  -0.00  0.57   -0.81  -0.12  0.13   2.76   0.01   0.65   0.56   0.72   0.45   1.54   0.02   0.15   0.16   3.00   0.00   -999.25 -2.13  463.12 0.00   16.14  3.00   0.33   0.47   
1832375.42 406461.92 -5461.18 "31/10/2015" 260.00 1832375.42 406461.92 -5461.18 1.74   0.00   2.29   0.00   0.42   2410.84 507.91 262.42 150.08 -0.92  -0.39  -0.00  0.33   -0.78  -0.53  0.70   2.89   0.01   0.58   0.63   0.75   0.52   1.85   0.03   0.16   0.21   3.00   0.00   -999.25 -2.25  315.37 0.00   5.10   3.00   7.20   0.29   
1832474.28 406325.96 -5599.02 "31/10/2015" 263.00 1832474.28 406325.96 -5599.02 1.71   0.00   2.06   0.00   0.73   2237.26 348.60 297.28 89.60  0.93   0.36   -0.03  0.04   -0.01  1.00   0.82   2.74   0.01   0.74   0.54   0.69   0.44   1.49   0.02   0.15   0.14   3.00   0.00   -999.25 -2.19  375.59 0.00   12.32  7.00   0.61   0.47   
1832717.10 406823.84 -6078.01 "31/10/2015" 265.00 1832717.10 406823.84 -6078.01 9.05   0.00   9.35   0.00   0.59   2665.27 98.30  75.91  73.80  -0.98  -0.22  0.01   0.21   -0.91  0.37   0.46   3.96   0.24   0.93   0.96   0.87   0.85   6.72   0.30   0.79   0.37   3.00   0.00   -999.25 -1.56  3385.31 0.01   24.20  11.00  0.73   0.16   
1832766.11 406388.21 -5630.03 "31/10/2015" 266.00 1832766.11 406388.21 -5630.03 1.69   0.00   2.06   0.00   0.61   2207.18 463.22 235.73 141.83 -0.97  -0.24  0.00   -0.05  0.23   0.97   0.51   2.90   0.01   0.82   0.77   0.73   0.61   1.48   0.02   0.15   0.14   3.00   0.00   -999.25 -2.15  432.17 0.00   15.34  4.00   0.36   0.42   
1832837.15 406482.99 -5571.83 "31/10/2015" 268.00 1832837.15 406482.99 -5571.83 4.01   0.00   4.73   0.00   0.41   2287.17 134.10 72.32  57.61  -0.98  -0.19  -0.00  -0.05  0.25   0.97   0.97   3.50   0.07   0.83   0.94   0.92   0.89   3.07   0.09   0.35   0.26   3.00   0.00   -999.25 -2.05  617.02 0.00   14.88  10.00  0.57   0.11   
1832815.36 406481.77 -5583.11 "31/10/2015" 267.00 1832815.36 406481.77 -5583.11 2.71   0.00   3.29   0.00   0.33   2289.70 345.81 67.84  50.39  -0.98  -0.21  -0.00  0.19   -0.92  -0.34  0.41   3.16   0.03   0.81   0.80   0.85   0.75   2.06   0.04   0.19   0.22   3.00   0.00   -999.25 -2.03  665.48 0.00   15.19  7.00   0.58   0.12   
1832585.91 406610.23 -5891.18 "31/10/2015" 270.00 1832585.91 406610.23 -5891.18 8.67   0.00   9.22   0.00   1.01   2472.93 127.47 70.43  56.03  0.23   -0.77  0.60   0.96   0.28   -0.01  0.34   3.97   0.17   0.86   0.99   0.88   0.88   8.08   0.21   0.86   0.26   3.00   0.00   -999.25 -1.73  1881.32 0.01   15.99  11.00  1.40   0.20   
1832897.11 406430.29 -5608.72 "31/10/2015" 273.00 1832897.11 406430.29 -5608.72 2.05   0.00   2.57   0.00   0.44   2222.20 193.97 80.17  47.51  -0.99  -0.17  -0.00  0.17   -0.98  0.05   0.65   2.95   0.02   0.79   0.77   0.81   0.66   1.81   0.03   0.16   0.20   3.00   0.00   -999.25 -2.18  396.70 0.00   15.29  6.00   0.34   0.27   
1832622.50 406275.62 -5492.29 "31/10/2015" 274.00 1832622.50 406275.62 -5492.29 1.90   0.00   2.50   0.00   0.51   2148.43 465.75 155.54 126.32 -0.95  -0.31  0.00   0.10   -0.29  0.95   0.97   2.92   0.02   0.78   0.68   0.71   0.57   1.77   0.03   0.16   0.19   3.00   0.00   -999.25 -2.13  479.16 0.00   18.71  3.00   0.22   0.28   
1832719.80 406752.05 -5939.27 "31/10/2015" 276.00 1832719.80 406752.05 -5939.27 2.30   0.00   2.53   0.00   1.16   2579.71 271.96 152.10 63.37  -0.98  -0.22  -0.00  -0.15  0.67   -0.73  0.45   3.18   0.03   0.83   0.85   0.86   0.79   2.07   0.04   0.26   0.15   3.00   0.00   -999.25 -2.00  738.48 0.00   17.98  7.00   0.39   0.53   
1832522.91 406313.22 -5594.64 "31/10/2015" 277.00 1832522.91 406313.22 -5594.64 3.31   0.00   3.88   0.00   0.30   2208.33 223.66 83.58  64.58  -0.94  -0.35  -0.00  0.29   -0.80  0.52   0.32   3.26   0.05   0.85   0.86   0.80   0.74   2.73   0.08   0.23   0.29   3.00   0.00   -999.25 -2.20  372.13 0.00   11.26  8.00   0.79   0.13   
1833087.74 406716.37 -5391.12 "31/10/2015" 280.00 1833087.74 406716.37 -5391.12 2.74   0.00   3.64   0.00   0.24   2500.39 363.63 109.35 61.01  -1.00  -0.08  -0.00  -0.06  0.75   -0.66  0.21   3.18   0.03   0.81   0.81   0.84   0.73   2.44   0.06   0.19   0.30   3.00   0.00   -999.25 -2.20  373.36 0.00   6.28   1.00   4.58   0.10   
1832532.42 406212.97 -5679.60 "31/10/2015" 282.00 1832532.42 406212.97 -5679.60 1.78   0.00   2.01   0.00   0.75   2108.07 282.01 257.04 182.18 0.93   0.37   -0.00  -0.34  0.85   0.41   0.86   2.87   0.01   0.62   0.58   0.87   0.56   1.55   0.02   0.16   0.15   3.00   0.00   -999.25 -2.35  223.67 0.00   9.77   3.00   0.73   0.42   
1832279.91 406263.98 -5598.02 "31/10/2015" 283.00 1832279.91 406263.98 -5598.02 1.81   0.00   2.27   0.00   0.75   2259.63 288.27 101.00 56.87  -0.89  -0.45  -0.00  0.44   -0.88  0.17   0.53   2.94   0.01   0.75   0.75   0.74   0.62   1.59   0.03   0.17   0.15   3.00   0.00   -999.25 -2.22  348.35 0.00   11.49  5.00   0.70   0.39   
1832671.84 406652.76 -5966.66 "31/10/2015" 284.00 1832671.84 406652.76 -5966.66 6.92   0.00   7.01   0.00   0.66   2497.36 139.80 108.06 69.49  0.11   -0.41  0.91   0.97   0.25   -0.01  0.43   3.84   0.16   0.91   0.95   0.92   0.90   4.71   0.19   0.63   0.30   3.00   0.00   -999.25 -1.77  1655.31 0.01   19.17  11.00  0.71   0.16   
1832634.07 406540.62 -5775.08 "31/10/2015" 285.00 1832634.07 406540.62 -5775.08 2.65   0.00   3.03   0.00   1.61   2387.24 127.23 81.22  56.07  -0.96  -0.28  0.00   0.27   -0.93  0.26   0.53   3.36   0.04   0.81   0.93   0.84   0.81   2.75   0.06   0.40   0.15   3.00   0.00   -999.25 -2.13  472.64 0.00   9.74   7.00   1.55   0.36   
1832799.50 406501.79 -5404.61 "31/10/2015" 286.00 1832799.50 406501.79 -5404.61 2.41   0.00   2.92   0.00   0.52   2329.79 294.97 82.32  67.99  -0.98  -0.21  0.00   -0.00  0.01   1.00   0.02   3.12   0.04   0.71   0.77   0.78   0.65   2.37   0.06   0.22   0.25   3.00   0.00   -999.25 -1.82  1384.51 0.00   23.40  9.00   0.33   0.20   
1832025.17 406035.79 -5600.80 "31/10/2015" 290.00 1832025.17 406035.79 -5600.80 1.79   0.00   2.38   0.00   0.53   2194.32 451.09 128.75 85.97  -0.82  -0.57  -0.00  0.55   -0.80  0.23   0.90   2.89   0.01   0.78   0.67   0.75   0.59   1.50   0.02   0.15   0.15   3.00   0.00   -999.25 -2.26  303.36 0.00   10.48  2.00   0.80   0.38   
1833020.85 406508.12 -5537.90 "31/10/2015" 291.00 1833020.85 406508.12 -5537.90 1.83   0.00   2.35   0.00   0.58   2285.43 462.84 173.48 99.74  -0.99  -0.12  -0.00  0.11   -0.96  0.25   0.18   2.86   0.01   0.70   0.65   0.75   0.54   1.59   0.02   0.15   0.17   3.00   0.00   -999.25 -2.24  325.43 0.00   7.10   3.00   2.77   0.40   
1831930.99 406080.27 -5472.15 "31/10/2015" 300.00 1831930.99 406080.27 -5472.15 2.46   0.00   2.97   0.00   2.15   2295.61 322.87 57.88  51.54  -0.80  -0.60  0.00   0.57   -0.77  -0.27  0.34   3.31   0.04   0.73   0.82   0.89   0.77   2.72   0.06   0.41   0.13   3.00   0.00   -999.25 -2.14  455.48 0.00   8.44   4.00   2.30   0.43   
1832335.40 406371.84 -5533.01 "31/10/2015" 303.00 1832335.40 406371.84 -5533.01 1.95   0.00   2.38   0.00   0.46   2337.50 335.59 80.85  67.24  -0.91  -0.41  0.00   0.35   -0.77  0.53   0.14   3.06   0.02   0.81   0.74   0.79   0.70   1.81   0.03   0.16   0.20   3.00   0.00   -999.25 -2.34  229.52 0.00   5.46   3.00   4.27   0.28   
1832012.45 406073.11 -5479.03 "31/10/2015" 309.00 1832012.45 406073.11 -5479.03 2.44   0.00   2.97   0.00   0.96   2241.81 267.89 61.60  51.01  -0.82  -0.57  0.00   0.55   -0.79  -0.25  0.45   3.09   0.03   0.77   0.75   0.80   0.66   2.15   0.04   0.25   0.18   3.00   0.00   -999.25 -2.18  401.77 0.00   12.03  5.00   0.70   0.36   
1833051.07 406480.87 -5392.13 "31/10/2015" 313.00 1833051.07 406480.87 -5392.13 1.86   0.00   2.44   0.00   0.32   2271.37 552.92 94.31  64.19  -0.99  -0.11  0.00   0.11   -0.99  -0.08  0.70   2.97   0.01   0.77   0.75   0.83   0.68   1.63   0.03   0.14   0.19   3.00   0.00   -999.25 -2.18  395.29 0.00   12.18  5.00   0.66   0.20   
1832476.29 406382.36 -5471.78 "31/10/2015" 321.00 1832476.29 406382.36 -5471.78 3.25   0.00   3.74   0.00   0.87   2299.21 161.76 84.54  50.15  -0.94  -0.35  -0.00  0.34   -0.90  -0.29  0.38   3.45   0.07   0.86   0.92   0.92   0.88   2.88   0.09   0.37   0.19   3.00   0.00   -999.25 -2.16  418.86 0.00   10.73  5.00   1.03   0.16   
1832479.76 406375.09 -5421.69 "31/10/2015" 324.00 1832479.76 406375.09 -5421.69 2.06   0.00   2.66   0.00   0.31   2297.16 388.12 96.41  67.26  -0.94  -0.35  -0.00  0.35   -0.93  0.09   0.90   3.00   0.02   0.76   0.69   0.82   0.63   1.84   0.03   0.16   0.21   3.00   0.00   -999.25 -2.20  364.02 0.00   10.41  6.00   0.98   0.20   
1832851.60 406240.77 -5573.47 "31/10/2015" 333.00 1832851.60 406240.77 -5573.47 2.00   0.00   2.42   0.00   0.40   2047.59 424.44 134.44 104.37 -0.98  -0.22  0.00   0.19   -0.87  0.44   0.31   2.93   0.02   0.67   0.64   0.79   0.57   1.79   0.03   0.18   0.18   3.00   0.00   -999.25 -2.35  221.05 0.00   10.36  4.00   0.60   0.22   
1832184.34 406263.58 -5413.28 "31/10/2015" 341.00 1832184.34 406263.58 -5413.28 2.27   0.00   3.06   0.00   0.35   2320.50 376.77 69.11  63.22  -0.88  -0.48  0.00   -0.32  0.59   0.74   0.28   3.06   0.02   0.73   0.77   0.83   0.67   1.96   0.04   0.16   0.24   3.00   0.00   -999.25 -2.26  301.45 0.00   10.52  4.00   0.79   0.23   
1832261.74 406160.81 -5822.98 "31/10/2015" 342.00 1832261.74 406160.81 -5822.98 4.91   0.00   5.51   0.00   0.14   2175.71 181.66 96.95  63.70  -0.88  -0.47  -0.00  0.38   -0.72  0.58   0.22   3.38   0.07   0.92   0.92   0.83   0.80   3.35   0.09   0.30   0.30   3.00   0.00   -999.25 -1.78  1557.80 0.00   21.44  9.00   0.48   0.07   
1832709.42 406420.52 -5759.80 "31/10/2015" 343.00 1832709.42 406420.52 -5759.80 1.82   0.00   2.28   0.00   0.68   2251.13 517.06 116.34 65.18  -0.97  -0.26  -0.00  0.23   -0.85  0.47   0.79   2.95   0.01   0.63   0.71   0.81   0.61   1.67   0.03   0.17   0.16   3.00   0.00   -999.25 -2.23  332.52 0.00   8.19   4.00   1.84   0.41   
1832954.03 406600.43 -5805.72 "31/10/2015" 347.00 1832954.03 406600.43 -5805.72 2.29   0.00   2.58   0.00   1.16   2380.12 189.95 106.91 61.29  -0.99  -0.14  -0.00  0.13   -0.92  0.38   0.07   3.18   0.03   0.81   0.86   0.86   0.78   2.08   0.04   0.28   0.14   3.00   0.00   -999.25 -2.18  400.64 0.00   11.81  6.00   0.74   0.44   
1832807.80 406556.67 -5530.18 "31/10/2015" 352.00 1832807.80 406556.67 -5530.18 6.16   0.00   6.68   0.00   1.32   2368.03 78.98  63.96  54.46  -0.97  -0.22  -0.00  0.22   -0.97  -0.01  0.62   3.85   0.15   0.91   0.96   0.94   0.93   5.07   0.17   0.68   0.24   3.00   0.00   -999.25 -1.92  975.62 0.00   17.82  11.00  0.52   0.13   
