# Petrel Points with attributes
# Unit in X and Y direction: ftUS
# Unit in depth: ft
VERSION 1
BEGIN HEADER
X
Y
Z
DATE,Time
DOUBLE,Event ID
DOUBLE,X(easting)
DOUBLE,Y(northing)
DOUBLE,Z(elevation)
DOUBLE,Detection SNR
DOUBLE,Event type
DOUBLE,Location SNR
DOUBLE,NOISE_LEVEL_ACC
DOUBLE,PSH_AMPL_RATIO
DOUBLE,QC Distance
DOUBLE,QC_EIGVAL_MAX
DOUBLE,QC_EIGVAL_MID
DOUBLE,QC_EIGVAL_MIN
DOUBLE,QC_EIGVEC_MAX_E
DOUBLE,QC_EIGVEC_MAX_N
DOUBLE,QC_EIGVEC_MAX_U
DOUBLE,QC_EIGVEC_MID_E
DOUBLE,QC_EIGVEC_MID_N
DOUBLE,QC_EIGVEC_MID_U
DOUBLE,QC_LOC_T0
DOUBLE,QI_CONFIDENCE
DOUBLE,QI_DATA_LOCATION
DOUBLE,QI_ORTHOGONALITY
DOUBLE,QI_POLARIZATION_AZM
DOUBLE,QI_POLARIZATION_INC
DOUBLE,QI_POLARIZATION_RESIDUAL
DOUBLE,QI_SNR
DOUBLE,QI_TRACEDATA
DOUBLE,QI_TRACEDATA_P
DOUBLE,QI_TRACEDATA_S
DOUBLE,SP_COMPONENTS_USED
DOUBLE,SP_ENERGY
DOUBLE,SP_LOCAL_MAGNITUDE
DOUBLE,SP_MAGNITUDE
DOUBLE,SP_MOMENT
DOUBLE,SP_POTENCY
DOUBLE,SP_RADIUS
DOUBLE,SP_RECEIVERS_USED
DOUBLE,SP_STRESS_DROP
DOUBLE,SVSH_AMPL_RATIO
END HEADER
1831816.95 407317.01 -6018.62 "30/10/2015" 1.00   1831816.95 407317.01 -6018.62 2.38   0.00   2.77   0.00   0.51   3419.06 369.75 110.53 85.46  -0.90  -0.43  -0.00  -0.32  0.67   -0.67  0.23   3.09   0.03   0.79   0.85   0.86   0.80   2.02   0.04   0.18   0.22   3.00   0.00   -999.25 -1.97  826.29 0.00   8.41   6.00   4.22   0.35   
1831795.63 407264.37 -6017.26 "30/10/2015" 2.00   1831795.63 407264.37 -6017.26 3.93   0.00   4.48   0.00   1.62   3381.09 131.78 85.42  73.14  -0.90  -0.44  0.00   0.43   -0.88  0.21   0.70   3.44   0.06   0.77   0.96   0.86   0.85   3.59   0.08   0.57   0.15   3.00   0.00   -999.25 -1.45  4921.16 0.01   25.80  11.00  0.87   0.51   
1832104.95 406923.30 -6318.49 "30/10/2015" 4.00   1832104.95 406923.30 -6318.49 1.93   3.00   2.43   0.00   0.55   2988.64 259.15 54.20  44.48  0.91   0.40   0.00   -0.27  0.62   0.74   0.63   2.52   0.01   0.71   0.68   0.83   0.61   1.84   0.03   0.18   0.19   3.00   0.00   -999.25 -2.09  539.12 0.00   10.58  5.00   1.38   0.26   
1831693.91 407222.29 -5937.30 "30/10/2015" 5.00   1831693.91 407222.29 -5937.30 3.10   0.00   3.42   0.00   0.74   3384.10 205.05 132.79 95.29  -0.88  -0.47  0.00   0.32   -0.61  0.73   0.98   3.35   0.04   0.89   0.93   0.89   0.86   2.44   0.06   0.31   0.18   3.00   0.00   -999.25 -2.06  609.14 0.00   6.72   10.00  6.09   0.34   
1831980.46 407131.72 -6107.75 "30/10/2015" 6.00   1831980.46 407131.72 -6107.75 2.66   3.00   3.42   0.00   0.18   3192.66 230.63 36.29  31.26  0.91   0.41   0.00   -0.34  0.76   0.55   0.35   3.10   0.04   0.76   0.76   0.79   0.64   3.29   0.07   0.19   0.35   3.00   0.00   -999.25 -2.01  719.23 0.00   10.60  6.00   1.84   0.11   
1831720.26 407349.60 -6061.62 "30/10/2015" 7.00   1831720.26 407349.60 -6061.62 1.99   3.00   2.08   0.00   1.77   3486.29 80.66  35.57  2.60   0.89   0.45   0.00   -0.45  0.89   0.01   0.03   3.01   0.02   0.69   0.87   0.88   0.80   1.70   0.03   0.21   0.13   3.00   0.00   -999.25 -1.98  784.78 0.00   8.81   7.00   3.48   0.83   
1832260.09 407340.99 -6058.00 "30/10/2015" 17.00  1832260.09 407340.99 -6058.00 8.08   3.00   9.37   0.00   0.28   3279.50 126.89 84.64  43.39  0.11   -0.33  0.94   0.95   0.32   0.00   0.77   4.15   0.41   0.97   0.98   0.95   0.94   11.98  0.55   0.97   0.33   3.00   0.00   -999.25 -1.54  3634.32 0.01   15.59  6.00   2.92   0.04   
1832259.07 407261.50 -5760.14 "30/10/2015" 18.00  1832259.07 407261.50 -5760.14 4.04   0.00   4.52   0.00   0.56   3187.10 122.97 56.13  47.98  -0.95  -0.32  -0.00  0.31   -0.91  0.28   0.31   3.54   0.08   0.92   0.95   0.91   0.89   3.40   0.10   0.43   0.23   3.00   0.00   -999.25 -1.81  1420.83 0.00   12.63  11.00  2.14   0.13   
1832254.80 407286.99 -5741.85 "30/10/2015" 19.00  1832254.80 407286.99 -5741.85 9.57   3.00   11.02  0.00   0.31   3212.41 75.10  64.69  63.10  -0.32  0.95   -0.01  -0.00  0.01   1.00   0.86   3.56   0.23   0.97   0.98   0.87   0.87   13.68  0.52   0.97   0.54   3.00   0.01   -999.25 -1.43  5250.58 0.02   12.78  11.00  7.65   0.04   
1831828.45 407241.81 -6337.93 "30/10/2015" 20.00  1831828.45 407241.81 -6337.93 3.02   3.00   3.53   0.00   0.20   3390.27 254.49 103.64 61.71  0.90   0.44   0.00   -0.09  0.19   0.98   0.59   2.17   0.00   0.90   0.92   0.91   0.86   2.57   0.07   0.31   0.20   3.00   0.00   -999.25 -1.82  1383.21 0.01   13.86  11.00  1.58   0.06   
1832174.35 407244.35 -5744.37 "30/10/2015" 23.00  1832174.35 407244.35 -5744.37 4.16   3.00   5.14   0.00   0.41   3199.21 188.64 72.62  59.24  0.94   0.35   -0.00  -0.35  0.94   0.01   0.41   3.12   0.10   0.92   0.94   0.87   0.84   5.51   0.25   0.50   0.49   3.00   0.00   -999.25 -1.84  1289.03 0.00   11.54  11.00  2.55   0.08   
1832187.84 407226.18 -5748.95 "30/10/2015" 26.00  1832187.84 407226.18 -5748.95 5.58   3.00   6.76   0.00   0.21   3177.53 100.38 58.12  4.44   0.94   0.35   0.00   -0.35  0.94   0.01   0.28   3.37   0.15   0.94   0.95   0.85   0.84   7.14   0.28   0.50   0.55   3.00   0.00   -999.25 -1.39  5994.98 0.02   35.02  11.00  0.42   0.07   
1831534.41 407249.82 -6135.14 "30/10/2015" 28.00  1831534.41 407249.82 -6135.14 2.86   3.00   3.69   0.00   0.47   3503.85 194.50 99.17  9.11   0.86   0.50   -0.00  -0.50  0.86   0.05   0.95   2.07   0.00   0.93   0.94   0.91   0.89   3.05   0.07   0.42   0.14   3.00   0.00   -999.25 -1.38  6233.60 0.02   27.31  7.00   0.93   0.13   
1832399.48 407295.66 -5751.15 "30/10/2015" 29.00  1832399.48 407295.66 -5751.15 5.14   3.00   6.05   0.00   0.16   3177.22 116.55 71.28  6.09   0.96   0.28   0.00   -0.28  0.96   0.02   0.58   3.24   0.13   0.96   0.96   0.89   0.87   6.98   0.25   0.46   0.55   3.00   0.00   -999.25 -1.69  2166.78 0.01   13.71  11.00  2.56   0.05   
1831860.81 407039.48 -5503.12 "30/10/2015" 31.00  1831860.81 407039.48 -5503.12 2.34   3.00   2.65   0.00   0.53   3144.97 241.97 83.09  81.31  0.89   0.46   0.00   -0.33  0.64   0.70   0.25   2.51   0.03   0.87   0.91   0.89   0.84   2.82   0.08   0.27   0.30   3.00   0.00   -999.25 -2.02  692.72 0.00   11.94  9.00   1.24   0.14   
1832107.29 407197.44 -5759.19 "30/10/2015" 33.00  1832107.29 407197.44 -5759.19 4.00   0.00   4.91   0.00   0.39   3179.75 111.08 65.12  46.31  -0.93  -0.37  -0.00  0.36   -0.89  0.28   0.19   3.45   0.07   0.86   0.93   0.88   0.85   3.25   0.09   0.36   0.24   3.00   0.00   -999.25 -1.74  1827.85 0.01   14.39  11.00  1.86   0.15   
1832248.42 407283.76 -5760.95 "30/10/2015" 37.00  1832248.42 407283.76 -5760.95 11.02  0.00   12.19  0.00   0.34   3211.61 82.70  56.46  48.55  -0.95  -0.32  -0.00  0.32   -0.94  0.13   0.23   4.02   0.20   0.88   0.98   0.87   0.87   7.78   0.25   0.85   0.30   3.00   0.01   -999.25 -1.36  6767.12 0.02   15.93  11.00  5.08   0.09   
1831744.01 406739.61 -6129.46 "30/10/2015" 42.00  1831744.01 406739.61 -6129.46 3.41   3.00   4.25   0.00   0.11   2962.35 233.15 91.61  76.05  0.85   0.53   -0.00  -0.48  0.77   0.42   0.52   2.25   0.00   0.88   0.86   0.80   0.72   5.56   0.11   0.22   0.51   3.00   0.00   -999.25 -1.61  2855.75 0.01   23.00  6.00   0.71   0.09   
1831773.50 407104.26 -5732.56 "30/10/2015" 46.00  1831773.50 407104.26 -5732.56 2.42   3.00   2.79   0.00   0.52   3235.43 217.63 73.90  48.32  0.88   0.47   -0.00  -0.47  0.88   -0.02  0.14   2.27   0.01   0.85   0.88   0.83   0.75   2.52   0.06   0.28   0.22   3.00   0.00   -999.25 -1.77  1630.17 0.00   14.88  8.00   1.50   0.17   
1832085.82 407548.84 -6134.80 "30/10/2015" 48.00  1832085.82 407548.84 -6134.80 3.81   3.00   4.34   0.00   1.54   3540.07 98.59  77.25  51.08  0.94   0.34   0.00   -0.14  0.39   0.91   0.58   2.28   0.00   0.83   0.98   0.86   0.85   2.88   0.07   0.35   0.22   3.00   0.00   -999.25 -1.45  5004.05 0.01   22.71  11.00  1.30   0.80   
1832370.40 407236.85 -5803.29 "30/10/2015" 49.00  1832370.40 407236.85 -5803.29 2.98   3.00   3.05   0.00   0.29   3130.20 162.73 65.70  7.96   0.96   0.29   -0.00  -0.29  0.96   -0.01  0.02   3.11   0.08   0.93   0.94   0.87   0.84   3.78   0.14   0.30   0.33   3.00   0.00   -999.25 -1.88  1100.86 0.00   13.08  7.00   1.49   0.12   
1831859.12 407421.05 -6036.15 "30/10/2015" 50.00  1831859.12 407421.05 -6036.15 1.96   0.00   2.04   0.00   1.65   3496.92 450.37 380.12 174.06 0.08   -0.21  0.98   0.91   0.41   0.01   0.11   3.10   0.02   0.74   0.86   0.79   0.73   1.91   0.03   0.25   0.13   3.00   0.00   -999.25 -1.85  1241.32 0.00   11.50  7.00   2.48   1.18   
1832249.78 407649.15 -6070.68 "30/10/2015" 51.00  1832249.78 407649.15 -6070.68 3.18   0.00   3.48   0.00   1.36   3576.03 220.14 206.90 123.62 -0.96  -0.29  0.00   0.17   -0.56  0.81   0.60   2.81   0.03   0.73   0.95   0.84   0.82   2.76   0.07   0.38   0.17   3.00   0.00   -999.25 -1.58  3179.54 0.01   26.79  11.00  0.50   0.76   
1831805.32 407137.62 -6057.23 "30/10/2015" 55.00  1831805.32 407137.62 -6057.23 2.27   0.00   2.78   0.00   0.34   3267.92 568.62 190.34 121.94 -0.89  -0.46  -0.00  -0.26  0.52   0.81   0.77   3.10   0.03   0.83   0.80   0.80   0.69   2.06   0.04   0.17   0.24   3.00   0.00   -999.25 -1.90  1046.41 0.00   10.58  4.00   2.68   0.26   
1832042.59 407282.60 -5726.02 "30/10/2015" 61.00  1832042.59 407282.60 -5726.02 4.52   3.00   5.12   0.00   0.32   3282.72 67.67  46.30  2.66   0.93   0.38   0.00   -0.38  0.93   0.00   0.32   3.12   0.10   0.95   0.94   0.92   0.89   5.03   0.19   0.47   0.42   3.00   0.00   -999.25 -1.44  5059.39 0.02   29.71  11.00  0.59   0.13   
1831231.92 407030.13 -6429.72 "30/10/2015" 68.00  1831231.92 407030.13 -6429.72 1.95   3.00   2.01   0.00   1.49   3515.42 241.72 60.69  42.18  0.80   0.59   -0.00  0.05   -0.06  1.00   0.16   2.64   0.02   0.81   0.89   0.82   0.80   1.95   0.04   0.25   0.14   3.00   0.00   -999.25 -2.02  675.84 0.00   11.19  7.00   1.46   0.52   
1831979.43 407593.64 -5962.50 "30/10/2015" 73.00  1831979.43 407593.64 -5962.50 3.07   3.00   3.28   0.00   1.82   3597.86 168.82 41.56  23.88  0.93   0.36   0.00   -0.35  0.90   -0.25  0.44   2.64   0.02   0.86   0.95   0.84   0.82   3.16   0.08   0.47   0.16   3.00   0.00   -999.25 -1.85  1258.93 0.00   11.76  11.00  2.35   0.97   
1831891.79 407255.16 -5674.03 "30/10/2015" 75.00  1831891.79 407255.16 -5674.03 1.82   0.00   2.01   0.00   1.42   3318.25 575.20 231.67 154.65 -0.91  -0.42  0.00   0.20   -0.44  0.87   0.37   3.08   0.02   0.73   0.81   0.82   0.74   1.71   0.03   0.21   0.13   3.00   0.00   -999.25 -1.88  1099.17 0.00   21.58  9.00   0.33   0.66   
1832258.98 407312.70 -5709.52 "30/10/2015" 77.00  1832258.98 407312.70 -5709.52 3.96   0.00   4.39   0.00   0.49   3235.35 171.85 95.49  83.78  0.25   -0.73  0.64   0.95   0.32   -0.00  0.90   3.32   0.08   0.90   0.87   0.78   0.76   3.59   0.11   0.43   0.25   3.00   0.00   -999.25 -1.49  4371.06 0.01   25.31  11.00  0.82   0.18   
1832214.62 407299.17 -5733.12 "30/10/2015" 78.00  1832214.62 407299.17 -5733.12 2.29   0.00   2.75   0.00   0.66   3237.00 233.71 142.23 69.43  -0.94  -0.33  0.00   -0.27  0.77   -0.57  0.99   3.17   0.03   0.85   0.87   0.82   0.74   2.15   0.05   0.21   0.21   3.00   0.00   -999.25 -1.59  3076.08 0.01   34.31  9.00   0.23   0.30   
1832278.26 407244.82 -5744.19 "30/10/2015" 79.00  1832278.26 407244.82 -5744.19 2.62   0.00   2.98   0.00   0.65   3164.97 235.99 165.33 67.88  -0.95  -0.31  -0.00  0.26   -0.79  0.56   0.82   3.11   0.04   0.78   0.75   0.86   0.70   2.34   0.05   0.27   0.19   3.00   0.00   -999.25 -1.87  1162.41 0.00   10.95  5.00   2.69   0.29   
1832360.53 407076.15 -5611.33 "30/10/2015" 81.00  1832360.53 407076.15 -5611.33 1.88   3.00   2.14   0.00   0.28   2986.01 252.79 81.59  25.24  0.95   0.31   0.00   -0.31  0.95   0.04   0.16   2.11   0.01   0.78   0.65   0.70   0.57   2.25   0.04   0.14   0.26   3.00   0.00   -999.25 -2.05  624.77 0.00   10.62  9.00   1.59   0.18   
1832551.10 407376.72 -5764.22 "30/10/2015" 83.00  1832551.10 407376.72 -5764.22 2.83   0.00   3.33   0.00   0.62   3217.16 385.47 92.95  52.02  -0.97  -0.23  -0.00  0.23   -0.95  0.21   0.95   3.33   0.04   0.84   0.87   0.90   0.83   2.46   0.06   0.27   0.22   3.00   0.00   -999.25 -1.70  2067.26 0.01   23.27  6.00   0.50   0.26   
1831662.68 407057.20 -5634.58 "30/10/2015" 85.00  1831662.68 407057.20 -5634.58 2.01   0.00   2.41   0.00   0.77   3249.00 418.39 106.33 82.49  -0.86  -0.50  -0.00  0.48   -0.83  -0.29  0.56   3.00   0.02   0.76   0.80   0.74   0.65   1.91   0.04   0.22   0.16   3.00   0.00   -999.25 -1.65  2441.05 0.01   29.10  11.00  0.30   0.36   
1832196.49 407017.94 -5522.45 "30/10/2015" 86.00  1832196.49 407017.94 -5522.45 1.81   3.00   2.20   0.00   0.98   2994.36 214.84 33.30  17.96  0.93   0.37   -0.00  -0.36  0.92   0.12   0.61   2.89   0.02   0.76   0.67   0.74   0.53   1.77   0.03   0.19   0.16   3.00   0.00   -999.25 -1.76  1661.12 0.01   24.68  4.00   0.34   0.50   
1831825.42 407082.76 -5725.89 "30/10/2015" 88.00  1831825.42 407082.76 -5725.89 1.95   3.00   2.32   0.00   0.56   3193.61 71.23  46.90  2.74   0.89   0.46   0.00   -0.46  0.89   0.00   0.58   2.03   0.02   0.72   0.57   0.72   0.52   2.02   0.05   0.21   0.19   3.00   0.00   -999.25 -1.95  891.45 0.00   11.39  4.00   1.83   0.25   
1832027.84 407276.02 -5756.08 "30/10/2015" 89.00  1832027.84 407276.02 -5756.08 4.28   3.00   4.96   0.00   0.21   3282.48 176.02 71.19  53.28  0.92   0.38   0.00   -0.38  0.92   0.04   0.13   3.10   0.10   0.93   0.93   0.87   0.84   5.61   0.19   0.41   0.49   3.00   0.00   -999.25 -1.64  2565.24 0.01   19.26  10.00  1.09   0.06   
1831502.86 406737.32 -5530.34 "30/10/2015" 90.00  1831502.86 406737.32 -5530.34 1.89   3.00   2.33   0.00   0.47   3079.07 281.66 66.60  33.10  0.81   0.58   0.00   -0.58  0.81   0.07   0.75   2.55   0.02   0.78   0.66   0.72   0.55   2.20   0.05   0.18   0.26   3.00   0.00   -999.25 -2.00  723.80 0.00   11.79  5.00   1.34   0.22   
1832656.43 407368.60 -5771.54 "30/10/2015" 93.00  1832656.43 407368.60 -5771.54 2.77   0.00   3.29   0.00   0.47   3186.81 382.88 85.66  47.00  -0.98  -0.21  -0.00  0.20   -0.93  0.31   0.15   3.20   0.04   0.75   0.83   0.83   0.73   2.36   0.06   0.24   0.23   3.00   0.00   -999.25 -1.78  1549.20 0.00   14.20  7.00   1.64   0.25   
1831769.77 407373.71 -6043.07 "30/10/2015" 94.00  1831769.77 407373.71 -6043.07 3.22   3.00   3.74   0.00   2.66   3484.67 143.18 52.39  37.51  0.90   0.44   0.00   0.17   -0.35  0.92   0.77   3.48   0.07   0.83   0.96   0.87   0.86   3.91   0.10   0.63   0.16   3.00   0.00   -999.25 -1.59  2998.36 0.01   17.44  11.00  1.72   0.74   
1832842.56 407535.33 -6177.32 "30/10/2015" 95.00  1832842.56 407535.33 -6177.32 2.25   3.00   2.81   0.00   0.29   3351.48 182.94 42.96  29.90  0.99   0.13   0.00   -0.09  0.65   0.75   0.73   3.03   0.04   0.77   0.84   0.67   0.61   2.20   0.06   0.19   0.25   3.00   0.00   -999.25 -1.62  2709.66 0.01   21.05  10.00  0.88   0.27   
1832233.87 407651.58 -6094.44 "30/10/2015" 97.00  1832233.87 407651.58 -6094.44 2.85   0.00   3.27   0.00   1.55   3585.41 180.90 169.23 131.16 -0.22  0.68   -0.69  0.96   0.29   -0.01  0.74   3.38   0.05   0.75   0.92   0.85   0.81   2.82   0.07   0.40   0.17   3.00   0.00   -999.25 -1.37  6494.97 0.02   31.55  11.00  0.63   1.14   
1831407.47 407283.20 -6060.92 "30/10/2015" 102.00 1831407.47 407283.20 -6060.92 1.84   3.00   2.04   0.00   1.01   3581.21 78.15  35.20  2.53   0.85   0.53   0.00   -0.53  0.85   0.01   0.97   2.55   0.01   0.83   0.85   0.80   0.72   1.80   0.03   0.23   0.13   3.00   0.00   -999.25 -1.65  2493.07 0.01   15.13  6.00   2.19   0.64   
1832717.42 407416.62 -5543.44 "30/10/2015" 105.00 1832717.42 407416.62 -5543.44 2.51   0.00   2.79   0.00   0.55   3226.79 204.97 145.18 122.09 -0.99  -0.15  0.01   -0.08  0.58   0.81   0.23   3.16   0.03   0.85   0.86   0.83   0.75   2.07   0.04   0.21   0.21   3.00   0.00   -999.25 -1.70  2047.06 0.01   20.04  9.00   0.77   0.27   
1832191.02 407381.90 -5490.12 "30/10/2015" 107.00 1832191.02 407381.90 -5490.12 1.90   0.00   2.16   0.00   1.15   3330.65 413.31 91.52  58.13  -0.94  -0.33  0.00   0.33   -0.94  0.09   0.88   3.10   0.02   0.89   0.82   0.84   0.73   1.84   0.03   0.23   0.14   3.00   0.00   -999.25 -1.92  964.84 0.00   14.80  4.00   0.90   0.46   
1832076.65 407034.36 -6034.88 "30/10/2015" 109.00 1832076.65 407034.36 -6034.88 2.97   3.00   3.63   0.00   0.23   3057.24 149.18 85.75  71.17  0.92   0.40   0.00   0.21   -0.49  0.85   0.11   2.64   0.05   0.96   0.96   0.85   0.84   3.19   0.10   0.38   0.25   3.00   0.00   -999.25 -1.59  3038.39 0.01   19.23  11.00  1.30   0.07   
1832186.94 407084.36 -5685.90 "30/10/2015" 111.00 1832186.94 407084.36 -5685.90 3.51   3.00   4.31   0.00   0.19   3045.24 205.14 80.60  14.12  0.93   0.36   0.00   -0.36  0.93   0.06   0.27   2.82   0.06   0.88   0.88   0.91   0.82   5.24   0.17   0.35   0.48   3.00   0.00   -999.25 -1.97  823.29 0.00   9.02   11.00  3.40   0.06   
