# Petrel Points with attributes
# Unit in X and Y direction: ftUS
# Unit in depth: ft
VERSION 1
BEGIN HEADER
X
Y
Z
DATE,Time
DOUBLE,Event ID
DOUBLE,X(easting)
DOUBLE,Y(northing)
DOUBLE,Z(elevation)
DOUBLE,Detection SNR
DOUBLE,Event type
DOUBLE,Location SNR
DOUBLE,NOISE_LEVEL_ACC
DOUBLE,PSH_AMPL_RATIO
DOUBLE,QC Distance
DOUBLE,QC_EIGVAL_MAX
DOUBLE,QC_EIGVAL_MID
DOUBLE,QC_EIGVAL_MIN
DOUBLE,QC_EIGVEC_MAX_E
DOUBLE,QC_EIGVEC_MAX_N
DOUBLE,QC_EIGVEC_MAX_U
DOUBLE,QC_EIGVEC_MID_E
DOUBLE,QC_EIGVEC_MID_N
DOUBLE,QC_EIGVEC_MID_U
DOUBLE,QC_LOC_T0
DOUBLE,QI_CONFIDENCE
DOUBLE,QI_DATA_LOCATION
DOUBLE,QI_ORTHOGONALITY
DOUBLE,QI_POLARIZATION_AZM
DOUBLE,QI_POLARIZATION_INC
DOUBLE,QI_POLARIZATION_RESIDUAL
DOUBLE,QI_SNR
DOUBLE,QI_TRACEDATA
DOUBLE,QI_TRACEDATA_P
DOUBLE,QI_TRACEDATA_S
DOUBLE,SP_COMPONENTS_USED
DOUBLE,SP_ENERGY
DOUBLE,SP_LOCAL_MAGNITUDE
DOUBLE,SP_MAGNITUDE
DOUBLE,SP_MOMENT
DOUBLE,SP_POTENCY
DOUBLE,SP_RADIUS
DOUBLE,SP_RECEIVERS_USED
DOUBLE,SP_STRESS_DROP
DOUBLE,SVSH_AMPL_RATIO
END HEADER
1831768.88 407257.98 -6064.51 "30/10/2015" 1.00   1831768.88 407257.98 -6064.51 4.43   3.00   4.31   0.00   1.35   3391.81 116.53 73.56  5.37   0.89   0.45   0.00   -0.45  0.89   0.00   0.44   3.21   0.06   0.90   0.95   0.88   0.86   3.33   0.10   0.47   0.20   3.00   0.00   -999.25 -1.34  7279.67 0.02   22.98  9.00   1.82   0.23   
1832008.34 406979.35 -6083.75 "30/10/2015" 2.00   1832008.34 406979.35 -6083.75 3.16   0.00   3.35   0.00   0.82   3040.81 228.76 203.67 109.77 -0.91  -0.42  0.00   -0.03  0.08   1.00   0.67   3.05   0.03   0.87   0.85   0.86   0.78   2.20   0.05   0.24   0.20   3.00   0.00   -999.25 -2.00  738.22 0.00   13.45  7.00   0.92   0.28   
1831801.13 406936.45 -6015.11 "30/10/2015" 4.00   1831801.13 406936.45 -6015.11 3.15   0.00   3.55   0.00   2.12   3088.99 120.33 93.54  77.81  -0.87  -0.49  0.00   0.49   -0.87  0.08   0.59   3.29   0.04   0.83   0.94   0.89   0.87   2.87   0.07   0.40   0.16   3.00   0.00   -999.25 -1.62  2754.33 0.01   25.31  11.00  0.52   0.67   
1831847.29 406964.31 -6158.95 "30/10/2015" 5.00   1831847.29 406964.31 -6158.95 3.05   0.00   3.03   0.00   2.28   3108.63 292.59 202.06 102.85 -0.13  0.25   0.96   0.88   0.47   0.00   0.99   3.28   0.04   0.74   0.92   0.88   0.84   2.49   0.06   0.33   0.17   3.00   0.00   -999.25 -1.85  1230.84 0.00   14.55  9.00   1.21   0.87   
1831765.61 406630.22 -5821.96 "30/10/2015" 6.00   1831765.61 406630.22 -5821.96 2.23   3.00   2.27   0.00   0.68   2829.53 352.83 55.10  42.03  0.84   0.54   0.00   -0.54  0.84   0.08   0.23   2.04   0.01   0.82   0.87   0.82   0.76   1.93   0.04   0.20   0.18   3.00   0.00   -999.25 -1.91  1000.42 0.00   16.44  6.00   0.68   0.33   
1832038.03 406865.91 -5948.83 "30/10/2015" 9.00   1832038.03 406865.91 -5948.83 5.01   3.00   5.62   0.00   0.17   2912.65 178.38 109.59 47.68  0.90   0.43   0.00   -0.43  0.89   -0.13  0.10   3.06   0.09   0.92   0.89   0.83   0.79   5.07   0.18   0.39   0.41   3.00   0.00   -999.25 -1.86  1212.31 0.00   12.93  8.00   1.71   0.05   
1832595.11 407077.60 -6478.41 "30/10/2015" 11.00  1832595.11 407077.60 -6478.41 1.86   3.00   2.26   0.00   0.47   2989.56 91.29  57.58  3.34   0.97   0.24   0.00   -0.24  0.97   -0.01  0.59   2.31   0.01   0.78   0.79   0.74   0.65   1.52   0.02   0.14   0.16   3.00   0.00   -999.25 -2.07  575.93 0.00   11.58  3.00   1.13   0.28   
1832087.95 406970.93 -6220.32 "30/10/2015" 12.00  1832087.95 406970.93 -6220.32 1.74   0.00   2.11   0.00   0.78   3020.19 400.74 157.99 105.21 -0.91  -0.40  -0.00  -0.15  0.34   0.93   0.62   2.64   0.01   0.75   0.68   0.71   0.54   1.63   0.03   0.17   0.15   3.00   0.00   -999.25 -2.11  504.80 0.00   9.26   7.00   1.93   0.52   
1832371.22 407011.85 -5954.54 "30/10/2015" 13.00  1832371.22 407011.85 -5954.54 2.71   0.00   3.16   0.00   0.42   2924.02 302.45 207.11 87.81  -0.95  -0.31  -0.01  0.10   -0.33  0.94   0.02   3.12   0.04   0.83   0.90   0.88   0.82   2.24   0.05   0.21   0.24   3.00   0.00   -999.25 -1.64  2602.28 0.01   33.68  11.00  0.21   0.21   
1831866.58 406736.21 -5866.42 "30/10/2015" 17.00  1831866.58 406736.21 -5866.42 3.83   0.00   4.03   0.00   2.00   2871.87 221.39 95.91  74.99  0.29   -0.51  0.81   0.87   0.49   -0.00  0.10   3.33   0.04   0.84   0.97   0.88   0.87   2.71   0.05   0.34   0.17   3.00   0.00   -999.25 -1.72  1958.23 0.01   24.93  11.00  0.38   0.29   
1831824.91 406770.79 -5964.63 "30/10/2015" 21.00  1831824.91 406770.79 -5964.63 6.23   0.00   7.32   0.00   0.10   2929.18 244.89 137.70 50.90  -0.87  -0.50  0.00   0.35   -0.61  0.71   0.40   3.41   0.07   0.92   0.92   0.84   0.82   4.47   0.10   0.27   0.37   3.00   0.00   -999.25 -1.48  4394.99 0.01   22.42  11.00  1.18   0.07   
1831614.54 406676.60 -5951.52 "30/10/2015" 22.00  1831614.54 406676.60 -5951.52 8.07   3.00   8.66   0.00   0.08   2960.94 169.13 69.93  38.13  0.82   0.57   0.00   -0.55  0.80   -0.25  0.17   3.29   0.14   0.92   0.95   0.88   0.85   7.91   0.23   0.45   0.49   3.00   0.00   -999.25 -1.67  2341.15 0.01   10.45  8.00   6.23   0.04   
1831963.59 406734.51 -5918.57 "30/10/2015" 24.00  1831963.59 406734.51 -5918.57 5.65   0.00   6.27   0.00   0.10   2826.81 276.48 233.41 69.10  0.89   0.45   0.02   0.32   -0.65  0.69   0.37   3.46   0.08   0.84   0.84   0.87   0.77   4.02   0.11   0.27   0.41   3.00   0.00   -999.25 -1.63  2622.54 0.01   16.85  11.00  1.67   0.09   
1832086.92 406875.64 -5778.25 "30/10/2015" 27.00  1832086.92 406875.64 -5778.25 3.02   3.00   3.12   0.00   0.62   2891.88 195.03 94.45  67.35  0.91   0.42   -0.00  -0.41  0.90   0.13   0.96   2.65   0.04   0.88   0.91   0.81   0.78   4.06   0.15   0.32   0.50   3.00   0.00   -999.25 -1.86  1195.59 0.00   16.60  10.00  0.79   0.00   
1831975.81 406854.53 -5746.09 "30/10/2015" 36.00  1831975.81 406854.53 -5746.09 2.37   3.00   2.86   0.00   0.20   2920.79 108.88 82.95  3.97   0.89   0.45   0.00   -0.45  0.89   0.00   0.56   2.09   0.00   0.85   0.82   0.77   0.68   2.88   0.07   0.18   0.39   3.00   0.00   -999.25 -1.90  1060.20 0.00   11.06  8.00   2.38   0.10   
1832090.51 406953.68 -6111.36 "30/10/2015" 37.00  1832090.51 406953.68 -6111.36 2.68   0.00   2.85   0.00   2.45   2987.33 300.64 142.94 89.13  -0.09  0.18   0.98   0.91   0.41   0.01   0.11   3.29   0.03   0.70   0.95   0.87   0.85   2.38   0.05   0.34   0.13   3.00   0.00   -999.25 -2.01  719.70 0.00   11.80  5.00   1.33   0.53   
1832421.04 407051.99 -6284.91 "30/10/2015" 40.00  1832421.04 407051.99 -6284.91 1.71   0.00   2.01   0.00   0.62   2991.66 444.92 403.85 285.01 -0.30  0.93   -0.20  -0.95  -0.31  0.01   0.84   2.78   0.01   0.74   0.66   0.66   0.49   1.59   0.02   0.16   0.16   3.00   0.00   -999.25 -2.06  597.00 0.00   11.93  5.00   1.07   0.40   
1832704.37 407081.73 -5752.24 "30/10/2015" 41.00  1832704.37 407081.73 -5752.24 1.90   0.00   2.45   0.00   0.50   2895.90 472.19 93.07  68.37  -0.98  -0.22  -0.00  0.21   -0.93  0.29   0.94   2.94   0.01   0.73   0.72   0.79   0.62   1.81   0.03   0.17   0.20   3.00   0.00   -999.25 -2.00  726.84 0.00   12.54  5.00   1.12   0.29   
1832349.39 407014.05 -5802.14 "30/10/2015" 42.00  1832349.39 407014.05 -5802.14 2.42   0.00   3.12   0.00   0.48   2924.67 201.20 165.09 96.05  -0.95  -0.32  0.00   0.32   -0.94  -0.12  0.47   3.02   0.03   0.87   0.83   0.71   0.64   2.07   0.04   0.19   0.22   3.00   0.00   -999.25 -1.43  5225.65 0.02   38.86  7.00   0.27   0.17   
1832242.40 406904.03 -5773.29 "30/10/2015" 43.00  1832242.40 406904.03 -5773.29 4.85   0.00   5.22   0.00   0.70   2857.46 106.71 66.34  48.33  -0.93  -0.37  0.00   0.36   -0.90  0.25   0.47   3.60   0.08   0.90   0.96   0.83   0.82   4.02   0.12   0.54   0.25   3.00   0.00   -999.25 -1.81  1439.40 0.00   15.24  11.00  1.24   0.23   
1832144.80 407035.65 -6025.38 "30/10/2015" 47.00  1832144.80 407035.65 -6025.38 2.32   0.00   2.56   0.00   0.48   3031.07 425.09 127.31 83.52  -0.93  -0.38  -0.00  0.22   -0.53  0.82   0.84   3.09   0.02   0.82   0.83   0.81   0.72   1.93   0.04   0.19   0.20   3.00   0.00   -999.25 -1.59  2994.68 0.01   40.28  7.00   0.14   0.29   
1832492.21 406767.48 -5682.08 "30/10/2015" 50.00  1832492.21 406767.48 -5682.08 2.31   3.00   2.96   0.00   0.15   2648.16 319.45 90.11  46.98  0.95   0.30   -0.00  -0.30  0.95   0.06   0.09   2.54   0.03   0.69   0.68   0.67   0.48   5.35   0.11   0.15   0.76   3.00   0.00   -999.25 -1.99  759.12 0.00   13.49  6.00   0.94   0.00   
1832253.86 406956.52 -5865.79 "30/10/2015" 52.00  1832253.86 406956.52 -5865.79 4.65   0.00   4.63   0.00   0.52   2905.49 217.92 175.42 89.16  0.17   -0.45  0.87   0.93   0.36   -0.00  0.43   3.35   0.06   0.89   0.93   0.82   0.80   3.03   0.09   0.36   0.25   3.00   0.00   -999.25 -1.55  3458.11 0.01   33.92  11.00  0.27   0.17   
1832343.07 406932.25 -5835.12 "30/10/2015" 53.00  1832343.07 406932.25 -5835.12 2.21   3.00   2.62   0.00   0.17   2848.26 328.57 94.13  61.81  0.94   0.33   -0.00  -0.33  0.94   0.01   0.56   2.28   0.03   0.76   0.76   0.78   0.66   4.17   0.09   0.15   0.59   3.00   0.00   -999.25 -2.00  736.90 0.00   12.47  8.00   1.15   0.00   
1831818.56 407218.31 -6302.93 "30/10/2015" 54.00  1831818.56 407218.31 -6302.93 3.17   0.00   3.40   0.00   2.05   3367.57 220.83 137.42 120.29 0.27   -0.54  -0.80  0.89   0.45   -0.01  0.69   3.34   0.05   0.89   0.96   0.94   0.92   2.52   0.06   0.35   0.16   3.00   0.00   -999.25 -1.75  1781.70 0.01   23.97  10.00  0.39   0.54   
1831964.53 406833.26 -6174.90 "30/10/2015" 57.00  1831964.53 406833.26 -6174.90 2.16   0.00   2.60   0.00   0.66   2942.49 249.82 206.49 117.55 -0.89  -0.45  0.00   0.06   -0.11  0.99   0.41   3.06   0.03   0.77   0.82   0.74   0.70   2.04   0.04   0.22   0.19   3.00   0.00   -999.25 -1.83  1350.48 0.00   21.96  6.00   0.39   0.42   
1832294.83 406958.85 -5765.37 "30/10/2015" 58.00  1832294.83 406958.85 -5765.37 3.25   0.00   3.90   0.00   1.33   2889.94 89.62  65.58  46.89  -0.93  -0.36  0.00   0.35   -0.90  -0.24  0.48   3.62   0.09   0.77   0.94   0.88   0.86   3.98   0.12   0.57   0.20   3.00   0.00   -999.25 -1.53  3763.63 0.01   28.77  11.00  0.48   0.33   
1832350.14 406937.36 -5781.42 "30/10/2015" 59.00  1832350.14 406937.36 -5781.42 6.65   0.00   7.85   0.00   2.34   2851.41 80.51  78.69  49.73  -0.23  -0.94  0.24   -0.97  0.20   -0.13  0.35   3.94   0.14   0.77   0.98   0.93   0.92   7.11   0.18   0.80   0.23   3.00   0.00   -999.25 -1.34  7297.55 0.02   22.71  11.00  1.89   0.37   
1832084.67 407081.60 -6041.32 "30/10/2015" 60.00  1832084.67 407081.60 -6041.32 4.39   0.00   4.92   0.00   0.35   3097.93 221.36 171.94 73.98  -0.92  -0.40  0.01   0.28   -0.62  0.74   0.72   3.54   0.10   0.82   0.92   0.88   0.83   3.98   0.14   0.40   0.38   3.00   0.00   -999.25 -1.69  2181.44 0.01   18.75  11.00  1.00   0.15   
1832341.51 406990.47 -5848.68 "30/10/2015" 61.00  1832341.51 406990.47 -5848.68 3.89   0.00   3.95   0.00   0.53   2906.64 167.71 99.12  77.54  0.10   -0.29  0.95   0.94   0.33   0.00   0.18   3.40   0.07   0.85   0.95   0.83   0.81   3.02   0.09   0.36   0.23   3.00   0.00   -999.25 -1.74  1791.09 0.01   20.99  11.00  0.59   0.14   
1832349.43 406949.87 -5901.69 "30/10/2015" 64.00  1832349.43 406949.87 -5901.69 1.95   0.00   2.17   0.00   0.91   2868.64 498.10 407.98 112.15 0.95   0.32   0.02   0.12   -0.40  0.91   0.44   2.71   0.01   0.64   0.58   0.64   0.41   1.56   0.03   0.17   0.14   3.00   0.00   -999.25 -2.09  548.17 0.00   12.01  8.00   0.96   0.44   
1832540.91 407079.34 -5774.31 "30/10/2015" 65.00  1832540.91 407079.34 -5774.31 7.56   0.00   7.98   0.00   0.20   2931.29 112.08 72.20  50.18  -0.97  -0.25  -0.00  0.25   -0.97  0.08   0.17   3.66   0.15   0.92   0.95   0.83   0.80   4.62   0.20   0.46   0.40   3.00   0.00   -999.25 -1.33  7392.90 0.02   21.08  11.00  2.40   0.10   
1832370.82 406955.17 -5774.72 "30/10/2015" 66.00  1832370.82 406955.17 -5774.72 5.97   0.00   6.59   0.00   0.54   2861.39 114.94 66.94  50.79  -0.94  -0.33  -0.00  0.33   -0.94  0.02   0.15   3.67   0.14   0.87   0.90   0.85   0.81   4.93   0.17   0.59   0.28   3.00   0.00   -999.25 -1.59  3069.15 0.01   19.65  11.00  1.23   0.24   
1832559.42 406673.09 -5681.50 "30/10/2015" 68.00  1832559.42 406673.09 -5681.50 1.88   3.00   2.43   0.00   0.54   2538.34 447.73 85.35  19.23  0.96   0.29   0.00   -0.29  0.95   0.09   0.05   2.20   0.02   0.71   0.61   0.67   0.49   2.84   0.06   0.16   0.41   3.00   0.00   -999.25 -2.06  598.72 0.00   16.18  5.00   0.43   0.00   
1832585.44 406665.12 -5749.71 "30/10/2015" 69.00  1832585.44 406665.12 -5749.71 2.20   3.00   2.80   0.00   0.23   2520.58 122.92 53.37  4.46   0.96   0.28   0.00   -0.28  0.96   0.02   0.79   2.55   0.02   0.73   0.70   0.73   0.53   2.64   0.05   0.15   0.35   3.00   0.00   -999.25 -1.90  1061.40 0.00   17.71  3.00   0.58   0.17   
1832285.95 406922.70 -5803.08 "30/10/2015" 70.00  1832285.95 406922.70 -5803.08 3.22   0.00   3.61   0.00   0.32   2860.00 282.18 96.88  68.85  -0.94  -0.35  -0.00  -0.23  0.62   -0.75  0.82   3.23   0.04   0.83   0.89   0.85   0.80   2.41   0.06   0.24   0.22   3.00   0.00   -999.25 -1.97  823.96 0.00   10.35  8.00   2.26   0.12   
1832231.41 406714.43 -5684.78 "30/10/2015" 72.00  1832231.41 406714.43 -5684.78 3.56   3.00   3.86   0.00   0.29   2689.01 269.91 84.44  17.32  0.92   0.39   0.00   -0.39  0.92   0.07   0.90   2.48   0.05   0.90   0.89   0.88   0.82   4.15   0.12   0.24   0.48   3.00   0.00   -999.25 -1.91  1020.07 0.00   16.72  9.00   0.66   0.09   
1832022.32 406687.24 -6117.35 "30/10/2015" 73.00  1832022.32 406687.24 -6117.35 2.81   0.00   2.94   0.00   0.96   2779.36 246.58 236.60 176.93 -0.02  0.10   1.00   0.89   0.46   -0.03  0.99   3.18   0.03   0.82   0.86   0.81   0.74   2.18   0.05   0.23   0.21   3.00   0.00   -999.25 -1.72  1949.88 0.00   18.14  9.00   0.99   0.26   
1832301.30 407109.99 -5747.40 "30/10/2015" 75.00  1832301.30 407109.99 -5747.40 3.15   0.00   3.90   0.00   0.25   3029.95 242.21 76.98  42.28  -0.94  -0.33  -0.00  -0.24  0.70   -0.68  0.18   3.11   0.04   0.83   0.85   0.80   0.74   2.85   0.06   0.26   0.24   3.00   0.00   -999.25 -1.70  2063.09 0.01   13.64  11.00  2.47   0.15   
1832526.26 407149.90 -5764.40 "30/10/2015" 78.00  1832526.26 407149.90 -5764.40 3.59   0.00   4.02   0.00   0.35   3003.07 147.76 80.08  50.22  -0.97  -0.26  -0.00  0.26   -0.97  0.00   0.40   3.36   0.06   0.93   0.94   0.84   0.83   2.70   0.07   0.25   0.27   3.00   0.00   -999.25 -1.70  2075.45 0.01   20.46  11.00  0.74   0.16   
1831742.49 407017.86 -5773.22 "30/10/2015" 79.00  1831742.49 407017.86 -5773.22 5.34   0.00   6.07   0.00   1.33   3174.79 88.95  71.62  50.31  -0.88  -0.48  -0.01  0.47   -0.87  0.17   0.39   3.87   0.12   0.78   0.97   0.92   0.91   5.02   0.15   0.75   0.21   3.00   0.00   -999.25 -1.46  4802.87 0.01   22.38  11.00  1.30   0.30   
1831543.49 406962.49 -5774.37 "30/10/2015" 80.00  1831543.49 406962.49 -5774.37 3.30   0.00   3.52   0.00   0.77   3229.62 149.81 85.03  49.81  -0.84  -0.54  -0.00  0.53   -0.84  0.14   0.58   3.34   0.05   0.86   0.94   0.85   0.82   2.64   0.06   0.33   0.20   3.00   0.00   -999.25 -1.63  2661.26 0.01   25.22  11.00  0.50   0.22   
1831973.92 407069.31 -6049.61 "30/10/2015" 81.00  1831973.92 407069.31 -6049.61 5.76   0.00   6.37   0.00   0.40   3132.41 335.49 112.76 58.96  -0.91  -0.42  0.00   -0.31  0.65   -0.69  0.32   3.50   0.13   0.70   0.80   0.89   0.76   4.28   0.16   0.47   0.31   3.00   0.00   -999.25 -1.53  3797.17 0.01   22.74  10.00  0.98   0.14   
1831597.62 407214.92 -6138.57 "30/10/2015" 82.00  1831597.62 407214.92 -6138.57 1.85   0.00   2.01   0.00   1.98   3442.90 232.00 204.41 147.90 0.03   -0.06  1.00   0.87   0.50   0.00   0.19   2.50   0.01   0.75   0.92   0.83   0.81   1.86   0.03   0.25   0.13   3.00   0.00   -999.25 -1.83  1315.09 0.00   11.35  6.00   2.73   0.57   
1831763.17 406830.68 -6255.38 "30/10/2015" 83.00  1831763.17 406830.68 -6255.38 2.52   3.00   3.12   0.00   2.58   3033.35 68.16  63.10  10.15  -0.51  0.86   0.04   0.86   0.51   -0.00  0.26   2.15   0.00   0.62   0.98   0.91   0.91   1.65   0.03   0.18   0.15   3.00   0.02   -999.25 -1.29  8470.32 0.03   16.60  11.00  5.63   0.55   
1832468.96 406672.47 -5766.16 "30/10/2015" 86.00  1832468.96 406672.47 -5766.16 6.24   3.00   6.05   0.00   0.44   2562.10 71.28  40.89  35.43  0.95   0.32   0.00   -0.31  0.93   0.20   0.74   3.52   0.16   0.97   0.97   0.85   0.84   6.25   0.24   0.45   0.53   3.00   0.00   -999.25 -1.41  5663.80 0.02   29.10  11.00  0.70   0.15   
1831666.30 406642.14 -6431.16 "30/10/2015" 87.00  1831666.30 406642.14 -6431.16 2.33   3.00   2.51   0.00   3.55   2958.31 156.22 52.79  41.03  0.83   0.56   0.00   0.04   -0.05  1.00   0.93   2.11   0.00   0.72   0.95   0.89   0.87   1.49   0.02   0.18   0.12   3.00   0.00   -999.25 -2.15  434.07 0.00   7.28   9.00   3.42   0.81   
1831720.96 407041.26 -6338.40 "30/10/2015" 89.00  1831720.96 407041.26 -6338.40 2.79   3.00   3.24   0.00   2.07   3247.21 166.68 108.47 14.30  0.87   0.49   -0.00  -0.49  0.87   -0.02  0.52   2.24   0.01   0.90   0.95   0.87   0.85   2.50   0.07   0.32   0.18   3.00   0.00   -999.25 -1.87  1142.17 0.00   12.78  8.00   1.66   0.00   
1832290.39 406881.79 -5779.89 "30/10/2015" 91.00  1832290.39 406881.79 -5779.89 4.04   0.00   4.40   0.00   0.47   2819.57 111.72 108.77 72.81  -0.43  0.88   -0.20  -0.90  -0.43  0.02   0.86   3.34   0.07   0.90   0.93   0.79   0.78   2.86   0.08   0.33   0.25   3.00   0.00   -999.25 -1.45  4910.65 0.01   30.30  11.00  0.54   0.20   
1832138.87 407069.59 -6091.93 "30/10/2015" 93.00  1832138.87 407069.59 -6091.93 3.27   0.00   3.30   0.00   0.55   3071.96 364.91 242.16 89.32  0.12   -0.30  0.95   0.93   0.38   -0.00  0.77   3.05   0.02   0.78   0.78   0.84   0.69   1.77   0.03   0.17   0.18   3.00   0.00   -999.25 -1.87  1169.44 0.00   12.07  11.00  2.02   0.27   
1831827.22 407360.64 -6390.75 "30/10/2015" 94.00  1831827.22 407360.64 -6390.75 1.90   3.00   2.14   0.00   0.20   3506.00 230.35 89.47  55.99  0.91   0.42   -0.00  -0.28  0.59   0.76   0.48   2.58   0.01   0.93   0.91   0.89   0.85   1.48   0.02   0.15   0.15   3.00   0.00   -999.25 -1.80  1474.95 0.01   18.59  10.00  0.70   0.09   
1832446.13 406679.79 -5766.05 "30/10/2015" 99.00  1832446.13 406679.79 -5766.05 3.69   0.00   4.26   0.00   0.30   2576.34 148.35 72.12  52.76  -0.94  -0.33  -0.00  0.32   -0.91  -0.26  0.99   3.31   0.05   0.88   0.92   0.76   0.73   2.89   0.08   0.25   0.32   3.00   0.00   -999.25 -1.80  1474.15 0.00   18.98  10.00  0.66   0.15   
1831905.57 407195.05 -6201.38 "30/10/2015" 100.00 1831905.57 407195.05 -6201.38 2.85   3.00   2.91   0.00   2.69   3293.32 16.69  16.49  0.57   0.91   0.42   0.00   -0.42  0.91   0.00   0.49   2.37   0.01   0.73   0.93   0.86   0.84   2.57   0.04   0.39   0.12   3.00   0.00   -999.25 -1.70  2075.69 0.01   19.02  11.00  0.92   0.88   
1832690.37 407013.75 -5750.35 "30/10/2015" 101.00 1832690.37 407013.75 -5750.35 3.57   3.00   3.92   0.00   0.23   2832.26 156.65 76.01  5.94   0.98   0.21   0.00   -0.21  0.98   0.02   0.95   2.55   0.03   0.87   0.87   0.81   0.75   3.25   0.08   0.21   0.37   3.00   0.00   -999.25 -1.68  2229.35 0.01   21.99  8.00   0.64   0.10   
1832642.70 407251.26 -5763.11 "30/10/2015" 102.00 1832642.70 407251.26 -5763.11 5.39   3.00   5.58   0.00   0.22   3074.79 119.76 70.62  64.09  0.98   0.21   -0.00  -0.20  0.95   0.22   0.30   2.97   0.08   0.94   0.94   0.89   0.87   4.66   0.20   0.45   0.45   3.00   0.00   -999.25 -1.65  2513.99 0.01   14.27  11.00  2.63   0.06   
1832584.42 406978.34 -5479.23 "30/10/2015" 103.00 1832584.42 406978.34 -5479.23 4.87   3.00   5.45   0.00   0.35   2832.12 133.55 74.70  40.07  0.97   0.25   -0.00  -0.25  0.97   0.01   0.84   3.26   0.14   0.95   0.96   0.86   0.86   7.18   0.30   0.54   0.55   3.00   0.00   -999.25 -1.92  982.33 0.00   12.90  11.00  1.39   0.06   
1832025.89 406531.63 -5801.18 "30/10/2015" 106.00 1832025.89 406531.63 -5801.18 3.46   3.00   4.19   0.00   0.12   2611.70 282.16 61.36  49.55  0.88   0.48   -0.00  -0.48  0.87   0.15   0.72   2.73   0.04   0.84   0.84   0.84   0.76   3.25   0.10   0.23   0.41   3.00   0.00   -999.25 -1.75  1759.39 0.01   15.55  8.00   1.42   0.07   
1832051.64 407041.34 -6141.40 "30/10/2015" 107.00 1832051.64 407041.34 -6141.40 3.27   0.00   3.33   0.00   2.23   3086.38 283.70 226.44 131.46 -0.14  0.31   0.94   0.91   0.41   0.00   0.80   2.92   0.03   0.87   0.92   0.90   0.85   2.45   0.06   0.32   0.17   3.00   0.00   -999.25 -1.78  1551.16 0.00   15.02  10.00  1.39   0.54   
1832435.82 406826.34 -5797.30 "30/10/2015" 108.00 1832435.82 406826.34 -5797.30 7.16   0.00   7.41   0.00   0.49   2719.18 112.33 98.97  85.28  -0.95  -0.31  0.00   0.31   -0.92  0.23   0.75   3.62   0.12   0.94   0.96   0.89   0.87   3.98   0.15   0.44   0.31   3.00   0.00   -999.25 -1.25  9826.00 0.03   50.61  11.00  0.23   0.11   
1832658.38 407020.23 -5692.88 "30/10/2015" 115.00 1832658.38 407020.23 -5692.88 1.93   3.00   2.17   0.00   0.46   2848.07 405.70 97.44  65.39  0.98   0.22   0.00   -0.22  0.97   0.12   0.02   2.12   0.02   0.78   0.72   0.77   0.61   2.75   0.07   0.18   0.37   3.00   0.00   -999.25 -1.92  975.69 0.00   19.96  8.00   0.37   0.00   
1832554.80 407163.76 -5478.84 "30/10/2015" 117.00 1832554.80 407163.76 -5478.84 7.06   3.00   7.54   0.00   0.41   3018.52 92.42  79.82  74.99  0.97   0.24   0.00   -0.01  0.05   1.00   0.87   2.22   0.02   0.97   0.97   0.87   0.86   3.23   0.10   0.37   0.28   3.00   0.00   -999.25 -1.61  2846.77 0.01   15.49  11.00  2.33   0.04   
1832634.94 407192.39 -5455.93 "30/10/2015" 119.00 1832634.94 407192.39 -5455.93 3.32   3.00   3.59   0.00   0.36   3040.08 274.07 109.65 99.04  0.98   0.22   0.00   -0.06  0.26   0.96   0.33   2.20   0.03   0.91   0.91   0.86   0.82   2.94   0.09   0.27   0.32   3.00   0.00   -999.25 -1.84  1278.30 0.00   16.85  8.00   0.81   0.00   
1832509.17 407193.40 -5479.07 "30/10/2015" 121.00 1832509.17 407193.40 -5479.07 7.86   3.00   8.10   0.00   0.30   3058.48 119.56 77.13  38.96  0.97   0.26   -0.00  -0.26  0.97   0.02   0.95   2.66   0.02   0.96   0.96   0.92   0.91   5.52   0.20   0.74   0.26   3.00   0.00   -999.25 -1.63  2638.05 0.01   16.14  11.00  1.91   0.04   
1832694.04 407036.98 -5522.85 "30/10/2015" 141.00 1832694.04 407036.98 -5522.85 3.47   3.00   4.09   0.00   0.28   2860.69 123.95 56.30  24.66  0.98   0.21   0.00   -0.21  0.98   0.05   0.97   3.01   0.09   0.95   0.95   0.84   0.82   4.45   0.18   0.40   0.45   3.00   0.00   -999.25 -2.08  562.85 0.00   9.23   10.00  2.18   0.06   
1832479.92 406972.72 -5480.02 "30/10/2015" 142.00 1832479.92 406972.72 -5480.02 4.26   3.00   4.57   0.00   0.35   2854.47 172.83 61.83  39.03  0.96   0.28   -0.00  -0.28  0.96   0.02   0.23   2.86   0.07   0.94   0.95   0.92   0.89   4.34   0.17   0.48   0.37   3.00   0.00   -999.25 -1.75  1767.35 0.01   25.24  11.00  0.33   0.07   
1831685.02 406551.59 -5751.73 "30/10/2015" 159.00 1831685.02 406551.59 -5751.73 4.35   3.00   4.79   0.00   0.64   2809.01 110.50 108.72 10.24  0.82   0.57   -0.00  -0.57  0.82   0.04   0.94   2.50   0.05   0.92   0.96   0.86   0.84   4.80   0.19   0.58   0.34   3.00   0.00   -999.25 -2.02  690.55 0.00   8.96   10.00  2.92   0.11   
1832535.49 407019.80 -5657.01 "30/10/2015" 162.00 1832535.49 407019.80 -5657.01 2.71   3.00   3.01   0.00   0.77   2875.28 142.75 93.46  5.29   0.97   0.26   0.00   -0.26  0.97   0.00   0.08   2.05   0.01   0.92   0.91   0.90   0.86   2.78   0.07   0.33   0.22   3.00   0.00   -999.25 -2.04  648.35 0.00   10.63  10.00  1.64   0.15   
