# Petrel Points with attributes
# Unit in X and Y direction: ftUS
# Unit in depth: ft
VERSION 1
BEGIN HEADER
X
Y
Z
DATE,Time
DOUBLE,Event ID
DOUBLE,X(easting)
DOUBLE,Y(northing)
DOUBLE,Z(elevation)
DOUBLE,Detection SNR
DOUBLE,Event type
DOUBLE,Location SNR
DOUBLE,NOISE_LEVEL_ACC
DOUBLE,PSH_AMPL_RATIO
DOUBLE,QC Distance
DOUBLE,QC_EIGVAL_MAX
DOUBLE,QC_EIGVAL_MID
DOUBLE,QC_EIGVAL_MIN
DOUBLE,QC_EIGVEC_MAX_E
DOUBLE,QC_EIGVEC_MAX_N
DOUBLE,QC_EIGVEC_MAX_U
DOUBLE,QC_EIGVEC_MID_E
DOUBLE,QC_EIGVEC_MID_N
DOUBLE,QC_EIGVEC_MID_U
DOUBLE,QC_LOC_T0
DOUBLE,QI_CONFIDENCE
DOUBLE,QI_DATA_LOCATION
DOUBLE,QI_ORTHOGONALITY
DOUBLE,QI_POLARIZATION_AZM
DOUBLE,QI_POLARIZATION_INC
DOUBLE,QI_POLARIZATION_RESIDUAL
DOUBLE,QI_SNR
DOUBLE,QI_TRACEDATA
DOUBLE,QI_TRACEDATA_P
DOUBLE,QI_TRACEDATA_S
DOUBLE,SP_COMPONENTS_USED
DOUBLE,SP_ENERGY
DOUBLE,SP_LOCAL_MAGNITUDE
DOUBLE,SP_MAGNITUDE
DOUBLE,SP_MOMENT
DOUBLE,SP_POTENCY
DOUBLE,SP_RADIUS
DOUBLE,SP_RECEIVERS_USED
DOUBLE,SP_STRESS_DROP
DOUBLE,SVSH_AMPL_RATIO
END HEADER
1834949.23 404385.56 -5971.56 "5/11/2015" 4.00   1834949.23 404385.56 -5971.56 3.59   3.00   4.23   0.00   0.54   1673.48 114.19 28.96  16.82  -0.08  1.00   0.00   1.00   0.08   -0.04  0.79   3.48   0.09   0.90   0.89   0.91   0.85   3.40   0.11   0.34   0.29   3.00   0.00   -999.25 -2.10  532.12 0.00   22.10  12.00  0.15   0.18   
1834986.11 404137.97 -5957.67 "5/11/2015" 5.00   1834986.11 404137.97 -5957.67 6.95   3.00   7.41   0.00   0.72   1706.55 93.46  55.58  36.47  0.06   1.00   -0.00  1.00   -0.06  -0.08  0.63   3.25   0.12   0.83   0.90   0.92   0.87   6.62   0.34   0.77   0.41   3.00   0.00   -999.25 -1.64  2547.06 0.01   32.32  12.00  0.23   0.14   
1834607.59 403772.71 -6069.75 "5/11/2015" 6.00   1834607.59 403772.71 -6069.75 2.46   0.00   2.82   0.00   1.48   1423.54 159.82 65.93  41.37  -0.34  -0.94  -0.00  0.94   -0.34  0.04   0.85   3.37   0.04   0.71   0.91   0.89   0.85   2.60   0.06   0.37   0.15   3.00   0.00   -999.25 -1.58  3180.17 0.01   57.60  12.00  0.05   0.54   
1834326.15 403738.07 -6406.46 "5/11/2015" 9.00   1834326.15 403738.07 -6406.46 10.35  0.00   11.35  0.00   0.78   1296.23 64.15  54.94  32.97  0.90   -0.43  0.07   0.07   -0.03  -1.00  0.14   4.21   0.21   0.78   0.96   0.95   0.94   11.73  0.28   1.00   0.28   3.00   0.00   -999.25 -1.52  3816.35 0.02   36.08  12.00  0.25   0.36   
1834587.92 403660.97 -6268.89 "5/11/2015" 10.00  1834587.92 403660.97 -6268.89 1.92   3.00   2.25   0.00   0.53   1494.35 184.10 29.46  23.25  0.41   0.91   0.00   0.91   -0.41  0.12   0.07   3.02   0.03   0.72   0.75   0.77   0.63   1.96   0.04   0.18   0.21   3.00   0.00   -999.25 -2.37  208.16 0.00   15.42  12.00  0.17   0.27   
1834533.65 403624.44 -6371.81 "5/11/2015" 11.00  1834533.65 403624.44 -6371.81 2.13   0.00   2.53   0.00   1.14   1497.48 156.60 65.11  63.14  -0.45  -0.89  0.00   0.27   -0.13  0.95   0.95   3.07   0.02   0.72   0.78   0.86   0.69   1.92   0.04   0.24   0.15   3.00   0.00   -999.25 -2.47  144.63 0.00   13.93  11.00  0.16   0.55   
1834390.66 403947.00 -6448.71 "5/11/2015" 12.00  1834390.66 403947.00 -6448.71 3.18   0.00   3.65   0.00   1.37   1304.34 103.65 64.50  50.09  -0.27  -0.96  0.00   0.95   -0.27  -0.14  0.52   3.31   0.06   0.88   0.88   0.83   0.75   2.83   0.07   0.39   0.17   3.00   0.00   -999.25 -2.13  479.61 0.00   21.10  12.00  0.16   0.27   
1834289.52 403769.46 -6422.20 "5/11/2015" 14.00  1834289.52 403769.46 -6422.20 3.64   0.00   4.20   0.00   0.75   1262.31 171.54 63.62  53.66  -0.43  -0.90  0.00   0.90   -0.43  -0.01  0.52   3.43   0.08   0.92   0.86   0.86   0.82   3.04   0.09   0.34   0.26   3.00   0.00   -999.25 -2.57  103.40 0.00   12.73  12.00  0.15   0.22   
1834296.30 403717.76 -6226.89 "5/11/2015" 15.00  1834296.30 403717.76 -6226.89 1.96   3.00   2.37   0.00   0.89   1208.75 201.11 29.61  24.79  0.46   0.89   -0.00  0.89   -0.46  -0.04  0.88   2.80   0.02   0.74   0.62   0.79   0.51   1.77   0.04   0.20   0.16   3.00   0.00   -999.25 -2.02  688.88 0.00   30.45  10.00  0.07   0.45   
1834455.84 403702.50 -6166.70 "5/11/2015" 17.00  1834455.84 403702.50 -6166.70 6.53   0.00   7.41   0.00   0.37   1333.70 66.46  58.45  48.59  0.80   -0.37  0.47   0.43   -0.19  -0.88  0.46   3.94   0.22   0.90   0.93   0.91   0.88   6.40   0.26   0.71   0.34   3.00   0.00   -999.25 -1.93  926.97 0.00   20.44  12.00  0.33   0.15   
1834396.64 403715.69 -6060.79 "5/11/2015" 18.00  1834396.64 403715.69 -6060.79 9.77   0.00   10.32  0.00   0.19   1251.91 65.02  56.81  40.67  -0.89  0.45   -0.02  -0.45  -0.89  0.00   0.30   4.10   0.32   0.93   0.96   0.94   0.92   6.55   0.36   0.70   0.50   3.00   0.00   -999.25 -1.91  1017.57 0.00   17.36  12.00  0.59   0.09   
1834351.03 403691.57 -6166.64 "5/11/2015" 19.00  1834351.03 403691.57 -6166.64 4.41   0.00   5.23   0.00   0.50   1247.82 100.22 72.89  62.64  -0.48  -0.88  -0.00  0.86   -0.47  0.19   0.18   3.59   0.13   0.84   0.86   0.91   0.83   4.11   0.16   0.45   0.31   3.00   0.00   -999.25 -2.30  263.84 0.00   15.19  12.00  0.23   0.25   
1834355.35 403744.17 -6197.37 "5/11/2015" 20.00  1834355.35 403744.17 -6197.37 2.41   0.00   2.84   0.00   0.63   1238.18 213.66 71.53  43.12  -0.43  -0.90  -0.00  0.84   -0.40  0.36   0.77   3.15   0.02   0.74   0.78   0.83   0.74   2.05   0.04   0.22   0.19   3.00   0.00   -999.25 -2.17  405.15 0.00   27.37  11.00  0.06   0.36   
1834396.42 403685.43 -6043.95 "5/11/2015" 21.00  1834396.42 403685.43 -6043.95 4.67   0.00   4.95   0.00   0.43   1261.71 164.98 64.94  39.58  -0.47  -0.89  0.00   0.88   -0.46  -0.10  0.19   3.41   0.11   0.87   0.85   0.84   0.74   3.75   0.14   0.42   0.32   3.00   0.00   -999.25 -2.09  539.32 0.00   25.64  12.00  0.10   0.21   
1834592.03 403852.79 -6022.70 "5/11/2015" 22.00  1834592.03 403852.79 -6022.70 4.02   0.00   4.54   0.00   0.72   1376.54 172.45 64.77  39.81  -0.29  -0.96  0.00   0.95   -0.29  -0.09  0.65   3.54   0.09   0.89   0.91   0.94   0.88   3.33   0.11   0.44   0.22   3.00   0.00   -999.25 -1.96  860.20 0.00   25.42  12.00  0.16   0.21   
1834191.21 403538.61 -6200.90 "5/11/2015" 23.00  1834191.21 403538.61 -6200.90 10.41  0.00   10.55  0.00   0.41   1208.71 71.73  43.92  43.53  -0.72  0.57   -0.39  -0.38  0.14   0.91   0.99   4.16   0.30   0.95   0.97   0.94   0.93   7.28   0.34   0.87   0.38   3.00   0.00   -999.25 -1.73  1906.61 0.01   25.16  12.00  0.36   0.19   
1834461.96 403947.27 -6379.90 "5/11/2015" 25.00  1834461.96 403947.27 -6379.90 2.39   0.00   2.78   0.00   0.80   1334.65 92.16  66.61  55.11  -0.24  -0.97  0.01   0.86   -0.21  0.46   0.25   3.15   0.03   0.73   0.71   0.87   0.73   2.13   0.05   0.23   0.19   3.00   0.00   -999.25 -2.45  157.43 0.00   16.97  9.00   0.10   0.30   
1834290.11 403528.36 -6195.62 "5/11/2015" 27.00  1834290.11 403528.36 -6195.62 2.16   0.00   2.32   0.00   1.06   1288.36 125.66 64.72  57.29  -0.57  -0.82  0.00   0.78   -0.55  0.29   0.01   3.20   0.03   0.84   0.84   0.89   0.80   2.01   0.04   0.25   0.15   3.00   0.00   -999.25 -2.05  628.73 0.00   35.09  12.00  0.04   0.45   
1834499.06 403767.37 -6054.91 "5/11/2015" 30.00  1834499.06 403767.37 -6054.91 2.24   0.00   2.63   0.00   0.81   1322.80 135.84 65.39  41.25  -0.36  -0.93  -0.00  0.93   -0.36  0.03   0.82   3.16   0.04   0.79   0.81   0.83   0.73   2.16   0.05   0.24   0.20   3.00   0.00   -999.25 -2.04  638.23 0.00   32.21  12.00  0.06   0.36   
1834354.04 403818.65 -6157.08 "5/11/2015" 31.00  1834354.04 403818.65 -6157.08 2.25   0.00   3.38   0.00   0.33   1196.75 111.57 66.00  17.34  -0.37  -0.93  -0.00  0.93   -0.37  0.05   0.71   2.87   0.03   0.63   0.60   0.69   0.45   2.32   0.06   0.17   0.28   3.00   0.00   -999.25 -2.25  307.30 0.00   20.30  10.00  0.11   0.26   
1834315.29 403799.50 -6253.57 "5/11/2015" 33.00  1834315.29 403799.50 -6253.57 1.73   0.00   2.21   0.00   0.53   1201.10 380.87 103.09 83.73  -0.40  -0.92  0.01   0.83   -0.36  0.42   0.84   2.68   0.01   0.55   0.53   0.69   0.39   1.61   0.03   0.16   0.17   3.00   0.00   -999.25 -2.34  228.56 0.00   21.46  12.00  0.07   0.45   
1834314.91 403605.72 -6143.51 "5/11/2015" 32.00  1834314.91 403605.72 -6143.51 3.72   0.00   4.47   0.00   0.36   1252.40 133.78 66.42  16.38  -0.52  -0.85  0.01   0.85   -0.52  0.05   0.40   3.12   0.06   0.87   0.85   0.86   0.77   3.00   0.11   0.29   0.31   3.00   0.00   -999.25 -1.87  1166.08 0.00   40.07  12.00  0.06   0.19   
1834204.00 403502.30 -6064.76 "5/11/2015" 34.00  1834204.00 403502.30 -6064.76 3.31   0.00   3.70   0.00   0.44   1204.64 339.51 68.00  43.30  -0.62  -0.78  0.00   0.78   -0.62  0.02   0.98   3.23   0.06   0.81   0.76   0.84   0.67   2.87   0.09   0.29   0.29   3.00   0.00   -999.25 -1.81  1426.95 0.00   49.28  12.00  0.04   0.36   
1834252.78 403542.67 -6056.66 "5/11/2015" 35.00  1834252.78 403542.67 -6056.66 7.14   0.00   7.46   0.00   0.31   1216.77 79.79  65.23  40.57  -0.58  -0.81  0.00   0.81   -0.58  0.02   0.04   3.73   0.19   0.90   0.87   0.90   0.81   4.71   0.22   0.49   0.43   3.00   0.00   -999.25 -1.78  1588.84 0.00   33.51  12.00  0.13   0.17   
1834238.95 403554.53 -6289.22 "5/11/2015" 36.00  1834238.95 403554.53 -6289.22 4.62   0.00   4.97   0.00   1.83   1265.94 69.27  63.36  47.10  -0.61  -0.79  -0.01  0.79   -0.61  0.07   0.99   3.66   0.09   0.83   0.94   0.92   0.90   3.80   0.12   0.53   0.23   3.00   0.00   -999.25 -2.06  608.31 0.00   25.75  12.00  0.11   0.38   
1834591.06 403743.47 -6180.72 "5/11/2015" 38.00  1834591.06 403743.47 -6180.72 1.80   0.00   2.28   0.00   0.61   1442.17 470.22 64.13  56.79  -0.36  -0.93  0.00   0.88   -0.34  0.34   0.62   3.01   0.03   0.67   0.62   0.89   0.64   1.89   0.05   0.21   0.17   3.00   0.00   -999.25 -2.29  272.02 0.00   17.37  12.00  0.16   0.31   
1834355.17 403605.63 -6444.93 "5/11/2015" 39.00  1834355.17 403605.63 -6444.93 3.66   0.00   4.46   0.00   0.29   1392.83 293.99 64.53  52.63  -0.51  -0.86  -0.00  0.86   -0.51  -0.08  0.89   3.28   0.04   0.78   0.72   0.86   0.71   2.82   0.07   0.23   0.33   3.00   0.00   -999.25 -2.18  390.90 0.00   20.59  12.00  0.14   0.40   
1834480.16 403678.18 -6355.39 "5/11/2015" 40.00  1834480.16 403678.18 -6355.39 2.53   0.00   3.31   0.00   0.42   1424.90 432.58 66.54  65.03  -0.42  -0.91  -0.01  0.91   -0.42  0.07   0.92   3.09   0.03   0.78   0.69   0.81   0.63   2.29   0.05   0.19   0.27   3.00   0.00   -999.25 -2.34  230.06 0.00   18.34  12.00  0.11   0.39   
1834253.98 403488.93 -6224.76 "5/11/2015" 41.00  1834253.98 403488.93 -6224.76 3.36   0.00   3.73   0.00   1.66   1292.20 126.57 72.33  42.41  -0.61  -0.79  -0.00  0.73   -0.57  0.37   0.76   3.43   0.06   0.82   0.83   0.90   0.81   3.09   0.08   0.42   0.19   3.00   0.00   -999.25 -2.27  294.82 0.00   20.22  12.00  0.11   0.47   
1833566.72 404093.50 -5956.31 "5/11/2015" 42.00  1833566.72 404093.50 -5956.31 3.41   3.00   4.43   0.00   0.39   345.78 44.72  27.71  8.10   0.48   0.88   0.00   0.87   -0.48  -0.12  0.05   3.68   0.18   0.77   0.78   0.89   0.80   5.08   0.23   0.40   0.48   3.00   0.00   -999.25 -2.92  30.59  0.00   8.61   10.00  0.15   0.35   
1834130.87 403425.55 -6213.89 "5/11/2015" 43.00  1834130.87 403425.55 -6213.89 9.70   0.00   10.01  0.00   1.57   1240.35 71.40  60.55  43.09  -0.65  0.67   -0.37  -0.71  -0.70  -0.01  0.84   4.02   0.22   0.91   0.95   0.92   0.90   9.87   0.26   0.90   0.28   3.00   0.00   -999.25 -2.06  599.64 0.00   12.68  12.00  0.89   0.32   
1834437.54 403553.99 -6070.92 "5/11/2015" 45.00  1834437.54 403553.99 -6070.92 2.64   0.00   2.95   0.00   0.70   1364.60 153.52 64.90  41.05  -0.52  -0.86  0.00   0.85   -0.52  0.04   0.72   3.23   0.04   0.79   0.80   0.87   0.76   2.32   0.05   0.29   0.18   3.00   0.00   -999.25 -1.91  1022.78 0.00   39.47  12.00  0.05   0.40   
1834249.37 403400.03 -6167.66 "5/11/2015" 47.00  1834249.37 403400.03 -6167.66 3.69   0.00   4.57   0.00   1.83   1326.71 66.04  58.62  58.22  -0.71  0.55   -0.44  -0.47  0.09   0.88   0.19   3.78   0.10   0.76   0.95   0.94   0.92   5.97   0.13   0.67   0.19   3.00   0.00   -999.25 -2.07  572.45 0.00   17.88  12.00  0.30   0.33   
1834199.58 403519.01 -6043.75 "5/11/2015" 48.00  1834199.58 403519.01 -6043.75 15.17  0.00   15.29  0.00   0.34   1186.85 65.28  44.90  38.70  -0.77  0.62   0.11   -0.63  -0.78  0.00   0.45   4.22   0.33   0.88   0.97   0.95   0.94   11.29  0.39   0.92   0.43   3.00   0.00   -999.25 -1.36  6846.86 0.02   20.83  12.00  2.30   0.19   
1834776.33 404187.17 -6022.08 "5/11/2015" 49.00  1834776.33 404187.17 -6022.08 12.45  0.00   13.10  0.00   0.29   1502.70 115.90 64.60  39.72  -0.04  -1.00  0.00   0.99   -0.04  -0.10  0.74   4.10   0.28   0.90   0.92   0.92   0.89   9.29   0.34   0.71   0.49   3.00   0.00   -999.25 -1.99  767.99 0.00   14.02  12.00  0.85   0.07   
1834791.79 404251.60 -6040.36 "5/11/2015" 50.00  1834791.79 404251.60 -6040.36 2.48   3.00   2.95   0.00   0.67   1519.46 131.61 30.03  21.59  -0.00  1.00   0.00   1.00   0.00   0.03   0.61   3.10   0.04   0.72   0.76   0.87   0.72   2.33   0.06   0.26   0.21   3.00   0.00   -999.25 -1.97  827.48 0.00   35.19  12.00  0.06   0.24   
1834190.32 403411.75 -6252.90 "5/11/2015" 51.00  1834190.32 403411.75 -6252.90 5.41   0.00   5.26   0.00   1.22   1302.83 95.10  62.15  58.30  -0.46  0.43   -0.77  -0.65  -0.76  -0.03  0.13   3.60   0.11   0.93   0.96   0.92   0.90   3.75   0.13   0.48   0.26   3.00   0.00   -999.25 -2.25  305.47 0.00   14.79  12.00  0.29   0.25   
1834468.64 403665.34 -6036.40 "5/11/2015" 52.00  1834468.64 403665.34 -6036.40 2.29   0.00   2.82   0.00   0.49   1332.92 254.66 68.73  43.08  -0.44  -0.90  -0.00  0.89   -0.44  -0.11  0.03   2.99   0.03   0.67   0.64   0.84   0.63   2.05   0.04   0.19   0.22   3.00   0.00   -999.25 -2.32  247.02 0.00   18.55  12.00  0.12   0.30   
1834337.28 403530.57 -6449.63 "5/11/2015" 53.00  1834337.28 403530.57 -6449.63 5.03   0.00   5.57   0.00   0.35   1417.66 174.96 64.36  53.27  -0.56  -0.83  0.00   0.83   -0.56  -0.06  0.83   3.55   0.09   0.89   0.87   0.89   0.84   3.60   0.12   0.32   0.39   3.00   0.00   -999.25 -2.11  513.22 0.00   23.41  12.00  0.12   0.24   
1834277.61 404058.62 -6179.91 "5/11/2015" 54.00  1834277.61 404058.62 -6179.91 1.74   0.00   2.27   0.00   0.49   1069.53 283.45 72.45  54.66  -0.19  -0.98  0.00   0.98   -0.19  -0.09  0.91   2.76   0.01   0.65   0.55   0.66   0.43   1.61   0.03   0.16   0.16   3.00   0.00   -999.25 -2.28  280.01 0.00   25.73  11.00  0.05   0.46   
1834885.64 404449.53 -6036.21 "5/11/2015" 55.00  1834885.64 404449.53 -6036.21 3.33   3.00   3.69   0.00   1.43   1624.63 89.69  29.95  22.36  -0.13  0.99   0.00   0.99   0.13   0.03   0.01   3.44   0.07   0.77   0.91   0.89   0.84   3.36   0.09   0.49   0.18   3.00   0.00   -999.25 -2.01  720.47 0.00   26.47  12.00  0.12   0.32   
1834325.99 403595.50 -6187.17 "5/11/2015" 56.00  1834325.99 403595.50 -6187.17 1.93   0.00   2.66   0.00   0.36   1278.64 542.13 71.00  62.62  -0.53  -0.85  0.00   0.81   -0.50  0.30   0.32   2.84   0.01   0.67   0.59   0.69   0.43   2.13   0.04   0.16   0.25   3.00   0.00   -999.25 -2.18  395.22 0.00   23.60  12.00  0.09   0.38   
1834097.34 403325.14 -6169.54 "5/11/2015" 57.00  1834097.34 403325.14 -6169.54 6.78   0.00   8.61   0.00   2.39   1274.65 65.37  56.81  43.19  0.62   -0.71  0.33   0.22   -0.25  -0.94  0.57   3.85   0.14   0.88   0.96   0.94   0.93   5.13   0.16   0.66   0.26   3.00   0.00   -999.25 -2.02  689.81 0.00   13.07  12.00  0.94   0.28   
1834034.71 403443.18 -6172.24 "5/11/2015" 58.00  1834034.71 403443.18 -6172.24 3.20   0.00   3.96   0.00   0.21   1151.48 204.06 64.37  52.56  -0.73  -0.68  -0.00  0.68   -0.73  0.02   0.14   3.27   0.05   0.80   0.72   0.88   0.72   2.82   0.07   0.19   0.35   3.00   0.00   -999.25 -2.05  624.34 0.00   24.33  12.00  0.13   0.20   
1834449.89 403903.97 -5968.03 "5/11/2015" 60.00  1834449.89 403903.97 -5968.03 1.79   0.00   2.42   0.00   0.53   1219.67 239.16 66.07  37.75  -0.29  -0.96  0.00   0.96   -0.29  -0.06  0.35   2.83   0.01   0.66   0.51   0.79   0.49   1.72   0.03   0.16   0.19   3.00   0.00   -999.25 -2.37  205.98 0.00   21.13  12.00  0.07   0.39   
1834366.33 403656.35 -6425.02 "5/11/2015" 62.00  1834366.33 403656.35 -6425.02 2.11   0.00   2.89   0.00   0.49   1370.03 412.00 64.14  56.83  -0.48  -0.88  0.00   0.86   -0.47  0.21   0.47   2.92   0.02   0.69   0.53   0.84   0.51   2.03   0.04   0.19   0.22   3.00   0.00   -999.25 -2.44  163.21 0.00   16.01  11.00  0.12   0.44   
1834557.76 403996.29 -6418.96 "5/11/2015" 63.00  1834557.76 403996.29 -6418.96 2.48   0.00   3.04   0.00   0.60   1426.13 222.22 67.77  60.48  -0.19  -0.98  -0.00  0.91   -0.18  0.37   0.27   3.05   0.02   0.72   0.70   0.81   0.63   2.12   0.04   0.20   0.23   3.00   0.00   -999.25 -2.18  394.89 0.00   27.73  12.00  0.06   0.56   
1834302.72 403569.46 -6039.80 "5/11/2015" 64.00  1834302.72 403569.46 -6039.80 5.00   0.00   5.35   0.00   0.23   1238.79 174.29 65.21  39.30  -0.55  -0.84  -0.00  0.83   -0.55  -0.10  0.27   3.46   0.09   0.88   0.91   0.85   0.82   3.66   0.12   0.32   0.37   3.00   0.00   -999.25 -2.19  384.90 0.00   18.92  12.00  0.17   0.13   
1834443.04 403934.18 -6023.69 "5/11/2015" 65.00  1834443.04 403934.18 -6023.69 2.58   0.00   3.48   0.00   0.22   1213.18 233.13 69.90  43.66  -0.27  -0.96  0.00   0.96   -0.27  -0.11  0.20   3.02   0.03   0.71   0.61   0.79   0.54   2.54   0.05   0.17   0.31   3.00   0.00   -999.25 -2.44  161.90 0.00   15.36  12.00  0.14   0.16   
1834434.65 403553.79 -6047.40 "5/11/2015" 66.00  1834434.65 403553.79 -6047.40 3.10   0.00   3.37   0.00   0.47   1358.10 218.83 65.27  41.21  -0.51  -0.86  0.00   0.86   -0.51  0.04   0.26   3.29   0.06   0.81   0.80   0.88   0.75   2.70   0.08   0.28   0.26   3.00   0.00   -999.25 -2.17  402.50 0.00   22.98  12.00  0.10   0.37   
1834332.85 403707.87 -6354.42 "5/11/2015" 68.00  1834332.85 403707.87 -6354.42 2.25   0.00   2.71   0.00   0.67   1291.19 280.74 63.58  57.45  -0.46  -0.89  0.00   0.87   -0.45  -0.21  0.31   3.12   0.03   0.83   0.78   0.81   0.70   2.10   0.05   0.20   0.22   3.00   0.00   -999.25 -2.50  131.80 0.00   16.69  12.00  0.09   0.34   
1834170.90 403438.92 -6200.44 "5/11/2015" 69.00  1834170.90 403438.92 -6200.44 6.15   0.00   6.55   0.00   1.49   1255.10 71.75  62.12  42.27  -0.70  0.60   -0.38  -0.66  -0.75  0.02   0.84   3.90   0.17   0.96   0.95   0.95   0.92   4.99   0.19   0.75   0.25   3.00   0.00   -999.25 -1.96  840.79 0.00   24.72  12.00  0.17   0.26   
1834248.83 404018.41 -6085.20 "5/11/2015" 70.00  1834248.83 404018.41 -6085.20 24.74  0.00   27.85  0.00   0.25   1022.19 65.73  37.92  19.45  -0.97  0.24   0.03   -0.24  -0.97  0.00   0.10   4.38   0.49   0.93   0.97   0.93   0.92   24.48  0.55   0.89   0.61   3.00   0.00   -999.25 -1.53  3747.56 0.01   16.28  12.00  2.64   0.21   
1834614.90 403755.81 -6026.85 "5/11/2015" 72.00  1834614.90 403755.81 -6026.85 3.47   0.00   3.89   0.00   0.29   1429.10 230.32 64.85  40.38  -0.34  -0.94  0.00   0.94   -0.34  -0.10  0.05   3.29   0.05   0.80   0.81   0.90   0.78   2.75   0.07   0.26   0.27   3.00   0.00   -999.25 -2.04  637.29 0.00   26.91  12.00  0.10   0.20   
1834547.19 403867.66 -6361.59 "5/11/2015" 73.00  1834547.19 403867.66 -6361.59 2.32   0.00   2.90   0.00   0.59   1422.03 384.10 63.70  62.30  -0.29  -0.96  -0.00  0.95   -0.29  -0.10  0.45   2.97   0.03   0.75   0.62   0.77   0.57   2.00   0.04   0.19   0.21   3.00   0.00   -999.25 -2.41  178.98 0.00   16.81  9.00   0.11   0.44   
1834032.12 403335.57 -6161.98 "5/11/2015" 74.00  1834032.12 403335.57 -6161.98 6.46   0.00   7.39   0.00   0.32   1224.40 109.52 66.18  17.06  -0.77  -0.64  -0.00  0.64   -0.77  0.05   0.01   3.82   0.19   0.87   0.92   0.93   0.89   5.66   0.26   0.54   0.46   3.00   0.00   -999.25 -1.94  909.51 0.00   21.45  12.00  0.28   0.14   
1834511.07 403625.20 -6010.79 "5/11/2015" 75.00  1834511.07 403625.20 -6010.79 4.69   0.00   4.75   0.00   0.68   1384.29 98.73  78.02  38.39  -0.48  -0.88  0.00   0.87   -0.47  -0.16  0.01   3.44   0.07   0.90   0.92   0.89   0.86   3.06   0.09   0.36   0.25   3.00   0.00   -999.25 -2.03  668.83 0.00   20.73  12.00  0.23   0.27   
1833806.03 404640.90 -5723.85 "5/11/2015" 78.00  1833806.03 404640.90 -5723.85 3.56   3.00   6.29   0.00   0.03   657.85 120.31 29.30  9.94   -0.61  0.79   0.00   0.79   0.61   -0.04  0.88   3.31   0.05   0.76   0.65   0.81   0.59   4.78   0.09   0.16   0.57   3.00   0.00   -999.25 -2.39  194.42 0.00   14.46  12.00  0.20   0.22   
1834081.09 403507.62 -6181.02 "5/11/2015" 80.00  1834081.09 403507.62 -6181.02 7.64   0.00   8.21   0.00   0.24   1142.06 119.87 64.30  52.02  -0.69  -0.72  0.00   0.72   -0.69  0.03   0.07   3.93   0.23   0.89   0.89   0.92   0.87   7.29   0.29   0.58   0.49   3.00   0.00   -999.25 -1.99  753.10 0.00   22.71  12.00  0.20   0.14   
1833946.04 403365.80 -6072.94 "5/11/2015" 81.00  1833946.04 403365.80 -6072.94 12.89  0.00   12.59  0.00   0.10   1127.45 106.87 65.14  39.74  -0.80  -0.60  0.00   0.60   -0.80  -0.01  0.31   4.25   0.37   0.86   0.92   0.92   0.88   10.96  0.46   0.83   0.54   3.00   0.00   -999.25 -1.39  5985.77 0.02   21.40  12.00  1.86   0.24   
1834230.76 403890.58 -6031.99 "5/11/2015" 82.00  1834230.76 403890.58 -6031.99 2.07   0.00   2.87   0.00   0.27   1029.24 164.42 65.34  35.16  -0.35  -0.94  0.00   0.93   -0.35  -0.12  0.99   2.84   0.02   0.66   0.58   0.65   0.41   2.21   0.05   0.16   0.28   3.00   0.00   -999.25 -2.19  375.81 0.00   28.11  11.00  0.05   0.44   
1834109.25 403503.03 -6191.21 "5/11/2015" 85.00  1834109.25 403503.03 -6191.21 1.99   0.00   2.45   0.00   0.95   1167.91 135.81 63.00  48.30  -0.67  -0.74  0.00   0.74   -0.67  -0.08  0.25   3.22   0.05   0.80   0.78   0.85   0.74   2.82   0.07   0.29   0.19   3.00   0.00   -999.25 -2.52  123.41 0.00   12.41  12.00  0.20   0.25   
1833969.05 403368.60 -6218.25 "5/11/2015" 86.00  1833969.05 403368.60 -6218.25 2.38   0.00   2.85   0.00   1.44   1179.92 337.26 71.10  44.61  -0.79  -0.62  0.00   0.57   -0.72  0.40   0.31   3.28   0.05   0.74   0.79   0.89   0.77   2.72   0.08   0.37   0.17   3.00   0.00   -999.25 -2.25  310.56 0.00   26.34  12.00  0.05   0.45   
1834212.43 403985.58 -6166.37 "5/11/2015" 87.00  1834212.43 403985.58 -6166.37 29.97  0.00   33.57  0.00   0.48   1020.92 65.15  27.33  23.10  -0.96  0.28   -0.06  -0.28  -0.96  -0.05  0.85   4.47   0.49   0.96   0.97   0.93   0.92   32.81  0.55   1.00   0.55   3.00   0.00   -999.25 -1.54  3577.71 0.01   19.40  12.00  1.49   0.15   
1834778.15 404455.62 -5808.26 "5/11/2015" 88.00  1834778.15 404455.62 -5808.26 3.08   3.00   2.98   0.00   0.40   1504.22 120.75 82.32  53.95  -0.14  0.99   0.00   0.99   0.14   0.06   0.16   2.18   0.00   0.92   0.92   0.86   0.82   3.07   0.10   0.29   0.31   3.00   0.00   -999.25 -1.75  1746.77 0.01   34.88  12.00  0.13   0.19   
1833543.22 404064.42 -5896.36 "5/11/2015" 89.00  1833543.22 404064.42 -5896.36 5.27   3.00   7.59   0.00   0.35   322.10 26.98  23.43  6.16   0.81   -0.58  -0.07  0.58   0.81   -0.00  0.60   4.15   0.34   0.84   0.86   0.94   0.89   8.33   0.40   0.59   0.66   3.00   0.00   -999.25 -2.15  446.25 0.00   30.65  12.00  0.05   0.58   
1834227.24 404111.76 -6088.54 "5/11/2015" 91.00  1834227.24 404111.76 -6088.54 2.41   0.00   3.24   0.00   0.44   985.89 243.99 65.64  19.71  -0.14  -0.99  0.00   0.99   -0.14  -0.04  0.20   3.07   0.04   0.79   0.71   0.82   0.68   2.38   0.06   0.20   0.28   3.00   0.00   -999.25 -2.46  153.23 0.00   19.90  11.00  0.06   0.27   
1834318.58 404276.06 -6360.90 "5/11/2015" 92.00  1834318.58 404276.06 -6360.90 2.19   0.00   2.93   0.00   0.35   1164.62 73.74  64.49  53.29  0.04   -1.00  -0.01  0.96   0.04   -0.26  0.17   2.95   0.02   0.66   0.67   0.65   0.53   2.11   0.04   0.16   0.26   3.00   0.00   -999.25 -2.43  168.48 0.00   20.02  12.00  0.06   0.27   
1834338.60 403780.67 -6353.78 "5/11/2015" 95.00  1834338.60 403780.67 -6353.78 3.29   0.00   3.52   0.00   1.08   1267.10 137.16 63.83  56.58  -0.40  -0.92  -0.00  0.89   -0.39  -0.23  0.79   3.32   0.04   0.88   0.81   0.90   0.82   2.52   0.06   0.30   0.20   3.00   0.00   -999.25 -2.40  188.04 0.00   19.59  12.00  0.08   0.36   
1834263.93 403668.02 -6373.70 "5/11/2015" 96.00  1834263.93 403668.02 -6373.70 3.36   0.00   3.96   0.00   0.45   1262.33 142.70 64.00  55.90  -0.50  -0.87  -0.00  0.83   -0.48  -0.29  0.95   3.40   0.07   0.83   0.82   0.88   0.79   3.05   0.10   0.27   0.34   3.00   0.00   -999.25 -2.41  179.80 0.00   17.79  12.00  0.10   0.21   
1834296.41 403721.88 -6365.44 "5/11/2015" 97.00  1834296.41 403721.88 -6365.44 2.48   0.00   3.05   0.00   0.61   1260.74 304.93 63.38  56.14  -0.47  -0.88  0.01   0.86   -0.46  -0.23  0.79   3.00   0.02   0.73   0.70   0.82   0.60   1.99   0.04   0.20   0.20   3.00   0.00   -999.25 -2.36  211.86 0.00   21.44  12.00  0.07   0.30   
1834367.96 404014.11 -6374.37 "5/11/2015" 98.00  1834367.96 404014.11 -6374.37 1.64   0.00   2.12   0.00   0.77   1236.11 518.76 70.30  59.70  -0.21  -0.98  0.00   0.94   -0.21  -0.25  0.22   2.72   0.01   0.59   0.55   0.78   0.41   1.54   0.02   0.15   0.16   3.00   0.00   -999.25 -2.25  305.40 0.00   28.12  12.00  0.04   0.53   
1834633.28 403993.61 -6362.33 "5/11/2015" 99.00  1834633.28 403993.61 -6362.33 1.78   0.00   2.24   0.00   0.78   1472.31 522.43 68.85  67.47  -0.18  -0.98  0.00   -0.61  0.11   -0.79  0.89   2.75   0.01   0.67   0.52   0.70   0.41   1.67   0.03   0.17   0.16   3.00   0.00   -999.25 -2.14  458.37 0.00   31.98  12.00  0.04   0.55   
1834312.68 403483.85 -6376.17 "5/11/2015" 102.00 1834312.68 403483.85 -6376.17 1.65   0.00   2.02   0.00   0.95   1392.97 455.78 63.35  60.86  -0.60  -0.80  0.00   0.77   -0.59  -0.24  0.45   3.02   0.01   0.62   0.67   0.88   0.67   1.72   0.03   0.20   0.15   3.00   0.00   -999.25 -2.20  367.03 0.00   28.10  12.00  0.05   0.65   
1834289.58 403470.10 -6323.51 "5/11/2015" 103.00 1834289.58 403470.10 -6323.51 1.57   0.00   2.06   0.00   0.99   1363.35 383.53 83.32  74.53  -0.62  -0.78  -0.00  0.78   -0.61  -0.14  0.11   2.64   0.01   0.55   0.41   0.70   0.33   1.56   0.02   0.17   0.14   3.00   0.00   -999.25 -2.16  420.14 0.00   29.61  11.00  0.05   0.75   
1834573.19 403852.83 -6369.18 "5/11/2015" 107.00 1834573.19 403852.83 -6369.18 1.80   0.00   2.08   0.00   0.87   1451.90 237.77 68.46  67.59  -0.30  -0.95  0.00   0.83   -0.27  -0.48  0.45   3.04   0.02   0.73   0.69   0.84   0.69   1.77   0.03   0.20   0.16   3.00   0.00   -999.25 -2.46  149.37 0.00   14.72  10.00  0.14   0.61   
1834555.90 404076.62 -6411.36 "5/11/2015" 109.00 1834555.90 404076.62 -6411.36 1.79   0.00   2.41   0.00   0.65   1409.41 387.19 64.89  57.97  -0.13  -0.99  0.00   0.93   -0.13  0.33   0.96   2.90   0.01   0.62   0.58   0.86   0.58   1.61   0.02   0.17   0.16   3.00   0.00   -999.25 -2.15  438.26 0.00   29.78  10.00  0.05   0.51   
1834538.88 403509.97 -6184.40 "5/11/2015" 111.00 1834538.88 403509.97 -6184.40 1.76   0.00   2.14   0.00   0.60   1496.11 344.62 83.25  74.91  -0.51  -0.86  0.00   0.65   -0.38  0.66   0.97   2.93   0.01   0.62   0.59   0.85   0.59   1.69   0.03   0.18   0.16   3.00   0.00   -999.25 -1.86  1191.39 0.00   36.18  12.00  0.08   0.47   
1834310.35 403576.13 -6367.34 "5/11/2015" 114.00 1834310.35 403576.13 -6367.34 1.67   0.00   2.00   0.00   0.92   1339.31 303.14 81.03  71.52  -0.55  -0.84  0.00   0.77   -0.51  -0.39  0.81   2.81   0.01   0.64   0.56   0.75   0.51   1.51   0.02   0.16   0.15   3.00   0.00   -999.25 -2.26  300.32 0.00   25.34  12.00  0.06   0.65   
1834267.55 403437.68 -6390.90 "5/11/2015" 117.00 1834267.55 403437.68 -6390.90 1.74   0.00   2.09   0.00   0.59   1392.52 323.12 68.07  55.89  -0.64  -0.77  0.00   0.64   -0.54  0.54   0.46   2.88   0.01   0.65   0.64   0.76   0.55   1.64   0.03   0.17   0.16   3.00   0.00   -999.25 -2.23  339.21 0.00   24.47  11.00  0.07   0.40   
1834537.51 404082.47 -6354.61 "5/11/2015" 119.00 1834537.51 404082.47 -6354.61 1.74   0.00   2.21   0.00   0.61   1368.98 344.39 63.88  60.47  -0.12  -0.99  -0.00  0.98   -0.12  -0.14  0.63   2.91   0.01   0.78   0.69   0.70   0.58   1.65   0.03   0.16   0.17   3.00   0.00   -999.25 -2.26  304.44 0.00   23.99  11.00  0.07   0.37   
1834430.90 403673.52 -6348.80 "5/11/2015" 121.00 1834430.90 403673.52 -6348.80 2.13   0.00   2.54   0.00   0.59   1383.35 295.56 63.88  61.06  -0.45  -0.89  -0.00  0.89   -0.44  -0.13  0.55   2.86   0.01   0.69   0.61   0.69   0.49   1.84   0.03   0.18   0.19   3.00   0.00   -999.25 -2.17  406.51 0.00   25.12  12.00  0.08   0.34   
1834461.84 403927.69 -6329.82 "5/11/2015" 123.00 1834461.84 403927.69 -6329.82 1.86   0.00   2.51   0.00   0.68   1318.83 335.02 63.62  56.17  -0.26  -0.97  -0.00  0.95   -0.25  -0.17  0.80   2.83   0.01   0.59   0.53   0.77   0.49   1.73   0.03   0.17   0.18   3.00   0.00   -999.25 -2.14  456.03 0.00   28.72  11.00  0.06   0.45   
1834146.99 403348.12 -6088.60 "5/11/2015" 124.00 1834146.99 403348.12 -6088.60 3.82   0.00   4.18   0.00   0.40   1270.97 270.73 65.58  17.57  -0.73  -0.69  -0.00  0.69   -0.73  -0.01  0.25   3.24   0.07   0.83   0.82   0.84   0.74   3.07   0.10   0.31   0.30   3.00   0.00   -999.25 -1.96  841.99 0.00   28.63  12.00  0.11   0.21   
1834207.69 403611.67 -6326.35 "5/11/2015" 125.00 1834207.69 403611.67 -6326.35 1.87   0.00   2.28   0.00   0.77   1226.73 188.25 83.08  58.99  -0.57  -0.83  -0.00  0.79   -0.54  -0.30  0.64   2.93   0.01   0.66   0.64   0.79   0.61   1.64   0.03   0.16   0.17   3.00   0.00   -999.25 -2.26  304.72 0.00   23.73  11.00  0.07   0.44   
1834551.60 403856.43 -6412.91 "5/11/2015" 126.00 1834551.60 403856.43 -6412.91 2.21   0.00   2.54   0.00   1.16   1449.24 182.28 65.50  58.78  -0.29  -0.96  0.00   0.86   -0.26  0.44   0.86   3.13   0.02   0.75   0.80   0.86   0.75   1.91   0.04   0.23   0.15   3.00   0.00   -999.25 -2.24  319.97 0.00   21.11  11.00  0.10   0.51   
1834434.01 403413.47 -6495.14 "5/11/2015" 127.00 1834434.01 403413.47 -6495.14 1.91   0.00   2.28   0.00   1.06   1569.30 327.16 69.92  17.58  -0.60  -0.80  -0.00  0.80   -0.59  -0.10  0.65   3.15   0.02   0.75   0.83   0.84   0.75   1.97   0.04   0.24   0.15   3.00   0.00   -999.25 -1.76  1701.26 0.00   38.10  12.00  0.09   0.54   
1834503.06 403619.35 -6449.12 "5/11/2015" 128.00 1834503.06 403619.35 -6449.12 2.43   0.00   2.83   0.00   1.10   1505.05 144.53 64.42  55.67  -0.46  -0.89  -0.00  0.89   -0.46  -0.00  0.46   3.26   0.03   0.75   0.88   0.86   0.82   2.20   0.04   0.28   0.16   3.00   0.00   -999.25 -1.85  1237.40 0.00   46.19  12.00  0.04   0.48   
1834546.37 403743.74 -6456.76 "5/11/2015" 129.00 1834546.37 403743.74 -6456.76 2.33   0.00   2.69   0.00   1.00   1497.21 311.73 64.22  55.35  -0.37  -0.93  -0.00  0.93   -0.37  -0.02  0.67   3.24   0.03   0.82   0.79   0.93   0.79   2.22   0.05   0.28   0.16   3.00   0.00   -999.25 -1.82  1370.30 0.00   44.61  12.00  0.05   0.50   
1834502.10 403556.41 -6494.32 "5/11/2015" 130.00 1834502.10 403556.41 -6494.32 2.71   0.00   2.90   0.00   0.86   1550.72 190.28 70.72  17.88  -0.50  -0.87  -0.00  0.86   -0.49  -0.09  0.14   3.30   0.04   0.88   0.87   0.91   0.83   2.37   0.05   0.29   0.18   3.00   0.00   -999.25 -1.58  3105.87 0.01   61.52  12.00  0.04   0.47   
1834422.37 403516.94 -6457.93 "5/11/2015" 132.00 1834422.37 403516.94 -6457.93 2.41   0.00   2.61   0.00   1.11   1491.87 276.91 64.19  55.23  -0.54  -0.84  0.00   0.84   -0.54  -0.01  0.82   3.16   0.02   0.76   0.78   0.85   0.74   2.11   0.04   0.28   0.14   3.00   0.00   -999.25 -1.86  1182.53 0.00   40.66  12.00  0.05   0.41   
1834323.30 404069.83 -6305.33 "5/11/2015" 131.00 1834323.30 404069.83 -6305.33 1.76   0.00   2.08   0.00   0.61   1157.06 120.22 88.33  57.39  -0.17  -0.99  0.00   0.97   -0.16  -0.17  0.49   2.79   0.01   0.69   0.50   0.77   0.49   1.50   0.02   0.16   0.14   3.00   0.00   -999.25 -2.03  658.10 0.00   32.88  11.00  0.06   0.45   
1834284.24 403773.26 -6344.42 "5/11/2015" 135.00 1834284.24 403773.26 -6344.42 4.50   0.00   4.75   0.00   0.72   1221.21 107.83 63.48  53.96  -0.43  -0.90  0.00   0.87   -0.42  -0.26  0.49   3.52   0.09   0.93   0.91   0.91   0.87   3.25   0.11   0.36   0.29   3.00   0.00   -999.25 -2.01  719.08 0.00   19.13  12.00  0.31   0.19   
1834415.44 403718.78 -6193.97 "5/11/2015" 141.00 1834415.44 403718.78 -6193.97 3.62   0.00   3.28   0.00   0.79   1299.40 181.53 94.31  83.10  -0.42  -0.91  -0.00  0.88   -0.40  0.25   0.90   3.31   0.05   0.85   0.82   0.90   0.80   2.58   0.07   0.29   0.22   3.00   0.00   -999.25 -2.04  634.70 0.00   25.09  12.00  0.12   0.34   
1834266.79 403772.15 -6473.70 "5/11/2015" 142.00 1834266.79 403772.15 -6473.70 2.05   0.00   2.57   0.00   0.80   1269.16 493.97 72.14  23.15  -0.42  -0.91  0.01   0.90   -0.42  -0.14  0.31   2.83   0.02   0.73   0.48   0.70   0.50   1.88   0.04   0.18   0.20   3.00   0.00   -999.25 -2.13  470.96 0.00   28.85  11.00  0.06   0.65   
1833669.51 403136.79 -6191.26 "5/11/2015" 143.00 1833669.51 403136.79 -6191.26 3.80   3.00   4.26   0.00   0.33   1230.36 117.19 30.05  24.09  0.95   0.32   0.00   -0.32  0.95   -0.02  0.12   3.62   0.13   0.85   0.88   0.90   0.85   4.08   0.17   0.39   0.39   3.00   0.00   -999.25 -1.95  870.00 0.00   28.53  12.00  0.11   0.19   
1833790.44 403836.69 -6087.90 "5/11/2015" 145.00 1833790.44 403836.69 -6087.90 22.62  3.00   28.47  0.00   0.05   701.28 64.23  29.26  3.69   0.63   0.78   0.00   0.77   -0.63  -0.03  0.96   4.54   0.51   0.85   0.86   0.95   0.87   28.12  0.68   0.88   0.80   3.00   0.00   -999.25 -1.79  1542.46 0.00   12.55  12.00  2.37   0.26   
1834132.79 403264.34 -6103.65 "5/11/2015" 146.00 1834132.79 403264.34 -6103.65 2.92   0.00   3.11   0.00   2.41   1325.51 281.41 75.17  20.92  -0.76  -0.65  -0.00  0.65   -0.76  -0.01  0.10   3.32   0.04   0.75   0.77   0.87   0.72   3.13   0.06   0.46   0.13   3.00   0.00   -999.25 -1.90  1028.67 0.00   19.29  12.00  0.44   0.43   
1834384.90 403684.41 -6107.06 "5/11/2015" 147.00 1834384.90 403684.41 -6107.06 1.64   0.00   2.02   0.00   0.65   1264.98 214.26 92.46  49.22  -0.46  -0.89  -0.00  0.89   -0.46  0.06   0.20   2.70   0.01   0.72   0.58   0.55   0.37   1.65   0.03   0.16   0.17   3.00   0.00   -999.25 -1.99  765.81 0.00   31.71  12.00  0.07   0.57   
1834311.72 403347.01 -6409.29 "5/11/2015" 150.00 1834311.72 403347.01 -6409.29 1.73   3.00   2.52   0.00   0.99   1484.47 198.70 31.01  26.93  0.66   0.75   -0.00  0.63   -0.56  0.54   0.26   2.76   0.01   0.54   0.49   0.78   0.41   1.76   0.03   0.18   0.17   3.00   0.00   -999.25 -2.08  559.58 0.00   29.37  12.00  0.07   0.67   
1834176.92 403405.14 -6341.56 "5/11/2015" 151.00 1834176.92 403405.14 -6341.56 1.85   0.00   2.55   0.00   0.42   1330.20 487.52 79.41  61.11  -0.69  -0.72  0.00   0.69   -0.66  -0.29  0.68   2.76   0.01   0.59   0.59   0.62   0.42   1.72   0.03   0.15   0.20   3.00   0.00   -999.25 -2.09  547.84 0.00   31.32  12.00  0.05   0.40   
1834303.39 403921.12 -6228.96 "5/11/2015" 155.00 1834303.39 403921.12 -6228.96 2.01   0.00   2.94   0.00   0.63   1141.83 432.90 71.23  53.71  -0.31  -0.95  0.00   0.77   -0.25  0.58   0.36   2.83   0.02   0.59   0.48   0.80   0.44   1.94   0.04   0.21   0.18   3.00   0.00   -999.25 -2.01  704.71 0.00   26.24  12.00  0.12   0.44   
1834297.64 403267.69 -6409.54 "5/11/2015" 157.00 1834297.64 403267.69 -6409.54 2.05   0.00   2.43   0.00   0.78   1524.53 381.54 67.15  60.12  -0.69  -0.72  -0.00  0.57   -0.54  0.62   0.45   2.94   0.01   0.75   0.72   0.68   0.58   1.80   0.03   0.19   0.17   3.00   0.00   -999.25 -2.32  242.45 0.00   16.71  11.00  0.16   0.50   
1834410.30 404159.02 -6427.83 "5/11/2015" 162.00 1834410.30 404159.02 -6427.83 1.78   0.00   2.17   0.00   0.62   1279.60 477.05 67.53  57.31  -0.08  -1.00  0.00   1.00   -0.08  0.03   0.96   2.74   0.01   0.75   0.51   0.61   0.44   1.52   0.02   0.14   0.16   3.00   0.00   -999.25 -2.34  225.27 0.00   21.11  11.00  0.07   0.72   
1834148.39 403563.98 -6383.08 "5/11/2015" 161.00 1834148.39 403563.98 -6383.08 2.19   0.00   2.66   0.00   0.62   1234.10 392.71 64.36  53.18  -0.63  -0.78  0.00   0.75   -0.61  0.26   0.51   2.93   0.01   0.72   0.67   0.73   0.57   1.80   0.03   0.18   0.18   3.00   0.00   -999.25 -2.12  487.10 0.00   29.73  12.00  0.06   0.43   
1834419.88 403694.00 -6455.61 "5/11/2015" 163.00 1834419.88 403694.00 -6455.61 2.35   0.00   2.63   0.00   1.03   1410.81 227.85 64.15  53.01  -0.45  -0.90  0.00   0.89   -0.44  -0.07  0.34   3.24   0.03   0.78   0.79   0.88   0.79   2.28   0.05   0.31   0.15   3.00   0.00   -999.25 -2.10  528.95 0.00   27.69  9.00   0.08   0.41   
1834466.85 403594.25 -6429.60 "5/11/2015" 164.00 1834466.85 403594.25 -6429.60 2.68   0.00   3.22   0.00   1.27   1478.63 246.05 66.70  60.58  -0.48  -0.88  -0.00  0.78   -0.42  0.46   0.04   3.37   0.03   0.62   0.84   0.92   0.84   2.64   0.06   0.36   0.16   3.00   0.00   -999.25 -1.78  1577.77 0.01   44.44  12.00  0.05   0.48   
1834544.35 403625.67 -6458.51 "5/11/2015" 165.00 1834544.35 403625.67 -6458.51 2.88   0.00   3.16   0.00   0.90   1539.89 324.23 64.13  56.52  -0.45  -0.89  0.00   0.89   -0.45  0.04   0.52   3.11   0.02   0.71   0.70   0.86   0.68   2.18   0.04   0.29   0.15   3.00   0.00   -999.25 -1.96  855.10 0.00   30.01  12.00  0.10   0.42   
1834465.67 403588.32 -6446.95 "5/11/2015" 166.00 1834465.67 403588.32 -6446.95 2.95   0.00   2.90   0.00   1.19   1487.58 259.03 72.70  60.97  -0.48  -0.88  -0.01  0.87   -0.47  -0.11  0.10   3.24   0.03   0.80   0.80   0.84   0.75   2.43   0.05   0.35   0.14   3.00   0.00   -999.25 -1.82  1371.90 0.00   38.60  11.00  0.07   0.44   
1834519.90 403561.40 -6460.14 "5/11/2015" 167.00 1834519.90 403561.40 -6460.14 3.22   0.00   3.48   0.00   0.93   1548.02 138.47 64.14  56.72  -0.50  -0.87  0.00   0.87   -0.50  0.04   0.51   3.47   0.05   0.85   0.92   0.90   0.86   3.05   0.07   0.45   0.16   3.00   0.00   -999.25 -1.87  1138.19 0.00   33.88  12.00  0.09   0.29   
1833949.47 403935.70 -6156.56 "5/11/2015" 168.00 1833949.47 403935.70 -6156.56 2.20   0.00   2.43   0.00   1.25   804.54 137.75 106.21 39.14  -0.42  -0.91  -0.01  0.91   -0.42  -0.03  1.00   3.15   0.02   0.74   0.73   0.90   0.74   2.09   0.04   0.28   0.14   3.00   0.00   -999.25 -2.04  634.57 0.00   38.85  12.00  0.03   0.51   
1834458.36 403604.53 -6456.76 "5/11/2015" 169.00 1834458.36 403604.53 -6456.76 4.27   0.00   4.00   0.00   1.01   1478.89 69.56  64.35  54.87  -0.46  -0.89  -0.00  0.89   -0.46  -0.03  0.11   3.52   0.06   0.90   0.95   0.91   0.89   3.16   0.07   0.47   0.16   3.00   0.00   -999.25 -1.86  1182.42 0.00   37.68  12.00  0.07   0.39   
1834318.40 403609.35 -6418.68 "5/11/2015" 170.00 1834318.40 403609.35 -6418.68 3.52   0.00   3.78   0.00   0.87   1351.27 171.27 64.18  56.42  -0.52  -0.85  -0.00  0.84   -0.52  0.15   0.67   3.48   0.07   0.87   0.87   0.93   0.87   3.06   0.09   0.39   0.22   3.00   0.00   -999.25 -2.00  747.52 0.00   34.43  12.00  0.06   0.35   
1834403.87 403898.16 -6440.21 "5/11/2015" 171.00 1834403.87 403898.16 -6440.21 2.46   0.00   3.11   0.00   1.16   1323.43 438.10 64.59  50.83  -0.29  -0.96  -0.00  0.95   -0.29  -0.11  0.59   3.15   0.03   0.66   0.73   0.87   0.70   2.23   0.05   0.29   0.16   3.00   0.00   -999.25 -1.95  872.93 0.00   33.47  12.00  0.07   0.54   
1834409.21 403771.68 -6409.01 "5/11/2015" 173.00 1834409.21 403771.68 -6409.01 2.89   0.00   3.25   0.00   1.14   1352.58 281.90 64.46  56.57  -0.40  -0.92  -0.00  0.90   -0.39  0.18   0.87   3.22   0.03   0.81   0.85   0.81   0.75   2.36   0.05   0.30   0.17   3.00   0.00   -999.25 -2.09  542.16 0.00   27.58  12.00  0.08   0.45   
1834585.90 404007.08 -6447.52 "5/11/2015" 174.00 1834585.90 404007.08 -6447.52 1.95   0.00   2.34   0.00   1.32   1461.48 475.52 75.42  61.92  -0.17  -0.98  -0.00  0.98   -0.17  -0.14  0.04   2.90   0.01   0.67   0.52   0.84   0.53   1.85   0.03   0.23   0.14   3.00   0.00   -999.25 -1.87  1157.72 0.00   41.24  11.00  0.05   0.70   
1834360.14 403607.78 -6438.47 "5/11/2015" 176.00 1834360.14 403607.78 -6438.47 3.20   0.00   3.79   0.00   1.00   1392.77 125.19 64.57  52.72  -0.51  -0.86  -0.00  0.86   -0.51  -0.07  0.36   3.45   0.06   0.81   0.89   0.85   0.81   3.19   0.09   0.45   0.19   3.00   0.00   -999.25 -1.90  1029.54 0.00   34.16  12.00  0.08   0.39   
1834583.54 403667.51 -6404.47 "5/11/2015" 177.00 1834583.54 403667.51 -6404.47 1.99   0.00   2.36   0.00   0.77   1534.52 435.75 82.86  65.92  -0.41  -0.91  0.01   0.66   -0.30  0.68   0.08   2.95   0.01   0.74   0.63   0.79   0.62   1.67   0.03   0.19   0.14   3.00   0.00   -999.25 -2.11  512.84 0.00   28.85  11.00  0.06   0.52   
1834384.94 403675.49 -6451.84 "5/11/2015" 178.00 1834384.94 403675.49 -6451.84 3.84   0.00   4.21   0.00   1.14   1388.72 117.01 64.27  52.45  -0.46  -0.89  0.00   0.89   -0.46  -0.08  0.44   3.51   0.07   0.83   0.93   0.90   0.88   3.18   0.09   0.44   0.20   3.00   0.00   -999.25 -1.81  1430.31 0.00   40.45  12.00  0.07   0.44   
1834345.84 403569.06 -6424.21 "5/11/2015" 179.00 1834345.84 403569.06 -6424.21 3.36   0.00   3.77   0.00   0.98   1393.83 189.94 64.49  57.50  -0.54  -0.84  0.00   0.81   -0.52  0.27   0.69   3.37   0.05   0.82   0.87   0.88   0.83   2.70   0.07   0.35   0.19   3.00   0.00   -999.25 -2.00  748.30 0.00   31.19  12.00  0.07   0.38   
1834389.18 403617.83 -6416.43 "5/11/2015" 180.00 1834389.18 403617.83 -6416.43 4.08   0.00   4.39   0.00   1.08   1401.17 140.74 64.73  57.81  -0.50  -0.87  -0.00  0.83   -0.48  0.28   0.54   3.59   0.08   0.90   0.89   0.92   0.87   3.57   0.11   0.51   0.20   3.00   0.00   -999.25 -2.01  717.82 0.00   30.26  12.00  0.08   0.43   
1834335.98 403572.15 -6404.95 "5/11/2015" 181.00 1834335.98 403572.15 -6404.95 4.37   0.00   4.71   0.00   0.82   1376.54 207.81 66.86  55.93  -0.54  -0.84  -0.00  0.73   -0.47  0.49   0.85   3.56   0.09   0.88   0.88   0.92   0.86   3.48   0.12   0.45   0.25   3.00   0.00   -999.25 -2.02  680.59 0.00   30.69  12.00  0.07   0.34   
1834358.47 403637.81 -6420.43 "5/11/2015" 182.00 1834358.47 403637.81 -6420.43 4.53   0.00   4.93   0.00   0.87   1369.95 193.12 64.38  56.97  -0.48  -0.88  -0.00  0.86   -0.48  0.18   0.94   3.56   0.10   0.89   0.87   0.90   0.84   3.62   0.13   0.45   0.27   3.00   0.00   -999.25 -2.04  642.99 0.00   31.00  12.00  0.07   0.42   
1834407.59 403652.08 -6380.92 "5/11/2015" 184.00 1834407.59 403652.08 -6380.92 3.79   0.00   4.18   0.00   0.88   1386.03 235.55 68.11  55.84  -0.47  -0.88  0.00   0.74   -0.39  0.54   0.08   3.45   0.07   0.82   0.82   0.94   0.82   3.12   0.09   0.41   0.21   3.00   0.00   -999.25 -2.00  743.42 0.00   34.14  12.00  0.06   0.33   
1834369.44 403662.38 -6427.75 "5/11/2015" 186.00 1834369.44 403662.38 -6427.75 3.66   0.00   3.99   0.00   0.89   1371.12 137.76 64.07  56.81  -0.48  -0.88  0.01   0.86   -0.47  0.22   0.15   3.53   0.07   0.86   0.87   0.94   0.87   3.33   0.09   0.46   0.20   3.00   0.00   -999.25 -1.95  886.49 0.00   34.25  12.00  0.07   0.42   
1834364.33 403678.68 -6428.74 "5/11/2015" 187.00 1834364.33 403678.68 -6428.74 4.34   0.00   4.64   0.00   0.86   1360.66 148.51 63.98  56.56  -0.48  -0.88  0.00   0.87   -0.47  0.18   0.79   3.53   0.08   0.88   0.90   0.91   0.87   3.28   0.10   0.41   0.25   3.00   0.00   -999.25 -1.95  885.43 0.00   34.73  12.00  0.06   0.37   
1834452.74 403665.82 -6403.67 "5/11/2015" 188.00 1834452.74 403665.82 -6403.67 2.95   0.00   3.22   0.00   0.91   1426.24 155.36 70.99  58.08  -0.44  -0.90  -0.00  0.73   -0.36  0.59   0.42   3.30   0.04   0.77   0.86   0.86   0.80   2.53   0.06   0.34   0.17   3.00   0.00   -999.25 -1.97  810.61 0.00   34.59  12.00  0.06   0.40   
1834666.94 403891.85 -6456.30 "5/11/2015" 190.00 1834666.94 403891.85 -6456.30 1.79   0.00   2.14   0.00   1.00   1559.53 496.92 64.32  57.09  -0.25  -0.97  -0.00  0.97   -0.25  0.05   0.62   2.89   0.01   0.67   0.60   0.83   0.57   1.62   0.02   0.20   0.12   3.00   0.00   -999.25 -1.90  1028.40 0.00   34.39  12.00  0.08   0.44   
1834421.32 403645.54 -6465.65 "5/11/2015" 189.00 1834421.32 403645.54 -6465.65 3.76   0.00   4.08   0.00   0.71   1436.09 217.07 64.35  53.84  -0.48  -0.88  0.00   0.88   -0.48  -0.07  0.06   3.50   0.07   0.83   0.88   0.94   0.87   3.12   0.09   0.40   0.23   3.00   0.00   -999.25 -1.85  1253.69 0.00   32.75  12.00  0.11   0.45   
1834391.91 403764.58 -6430.56 "5/11/2015" 191.00 1834391.91 403764.58 -6430.56 3.98   0.00   4.41   0.00   0.73   1350.44 168.47 67.04  58.78  -0.40  -0.92  -0.00  0.91   -0.39  0.15   0.34   3.47   0.06   0.76   0.86   0.93   0.85   3.10   0.09   0.38   0.24   3.00   0.00   -999.25 -1.93  932.13 0.00   28.52  11.00  0.12   0.49   
1834361.44 403627.61 -6421.27 "5/11/2015" 192.00 1834361.44 403627.61 -6421.27 3.83   0.00   4.26   0.00   0.92   1377.19 152.53 64.33  57.12  -0.51  -0.86  0.00   0.84   -0.50  0.21   0.26   3.39   0.06   0.75   0.81   0.90   0.80   2.96   0.08   0.39   0.20   3.00   0.00   -999.25 -1.96  845.44 0.00   33.66  12.00  0.07   0.38   
1834317.76 403583.52 -6430.58 "5/11/2015" 193.00 1834317.76 403583.52 -6430.58 3.44   0.00   3.79   0.00   0.72   1368.42 132.07 64.03  56.71  -0.55  -0.84  0.00   0.82   -0.54  0.21   0.86   3.39   0.05   0.85   0.85   0.90   0.83   2.79   0.07   0.36   0.20   3.00   0.00   -999.25 -1.90  1061.45 0.00   37.84  12.00  0.06   0.38   
1834339.66 403612.26 -6443.99 "5/11/2015" 194.00 1834339.66 403612.26 -6443.99 3.66   0.00   4.25   0.00   0.97   1377.50 225.72 64.83  52.19  -0.50  -0.86  -0.01  0.86   -0.50  -0.11  0.04   3.46   0.06   0.82   0.85   0.91   0.82   3.16   0.09   0.41   0.22   3.00   0.00   -999.25 -1.78  1587.31 0.01   44.00  12.00  0.06   0.42   
1834333.11 403630.18 -6431.20 "5/11/2015" 195.00 1834333.11 403630.18 -6431.20 3.91   0.00   4.37   0.00   0.99   1358.51 168.59 64.01  56.50  -0.50  -0.86  0.00   0.85   -0.50  0.16   0.38   3.36   0.05   0.81   0.80   0.86   0.77   2.92   0.07   0.40   0.18   3.00   0.00   -999.25 -1.93  946.03 0.00   38.49  12.00  0.05   0.34   
1834382.70 403674.09 -6407.85 "5/11/2015" 196.00 1834382.70 403674.09 -6407.85 4.09   0.00   4.33   0.00   0.84   1367.99 93.51  70.18  62.08  -0.45  -0.89  -0.00  0.88   -0.45  0.15   0.18   3.63   0.10   0.91   0.93   0.94   0.92   3.56   0.12   0.46   0.25   3.00   0.00   -999.25 -2.00  727.45 0.00   32.94  12.00  0.06   0.28   
1834378.82 403657.25 -6431.64 "5/11/2015" 197.00 1834378.82 403657.25 -6431.64 4.34   0.00   4.72   0.00   0.86   1382.42 146.68 64.10  57.10  -0.49  -0.87  0.01   0.85   -0.47  0.23   0.30   3.54   0.09   0.86   0.87   0.92   0.84   3.50   0.12   0.44   0.26   3.00   0.00   -999.25 -1.95  885.04 0.00   36.95  12.00  0.05   0.34   
1834468.88 403629.30 -6412.34 "5/11/2015" 198.00 1834468.88 403629.30 -6412.34 2.73   0.00   2.96   0.00   0.54   1458.05 188.58 65.73  59.05  -0.47  -0.88  -0.00  0.79   -0.42  0.45   0.59   3.33   0.04   0.84   0.87   0.89   0.84   2.45   0.06   0.29   0.20   3.00   0.00   -999.25 -1.83  1326.82 0.01   43.89  12.00  0.05   0.34   
1834407.66 403600.24 -6429.84 "5/11/2015" 199.00 1834407.66 403600.24 -6429.84 3.29   0.00   3.38   0.00   0.55   1429.31 231.60 123.71 110.21 -0.50  -0.86  0.00   0.85   -0.50  0.16   0.16   3.14   0.02   0.83   0.84   0.89   0.80   1.69   0.03   0.17   0.16   3.00   0.00   -999.25 -1.98  804.89 0.00   27.12  12.00  0.12   0.40   
1834506.43 403688.47 -6459.94 "5/11/2015" 201.00 1834506.43 403688.47 -6459.94 2.67   0.00   3.07   0.00   0.76   1485.05 375.59 64.84  55.53  -0.41  -0.91  0.00   0.91   -0.41  -0.03  0.84   3.23   0.03   0.72   0.76   0.89   0.75   2.40   0.05   0.30   0.18   3.00   0.00   -999.25 -1.54  3668.29 0.01   66.58  12.00  0.04   0.42   
1834454.30 403636.66 -6442.14 "5/11/2015" 202.00 1834454.30 403636.66 -6442.14 3.06   0.00   3.39   0.00   1.52   1455.67 200.36 64.42  54.39  -0.46  -0.89  -0.00  0.89   -0.46  -0.03  0.13   3.42   0.05   0.80   0.85   0.88   0.82   3.00   0.07   0.45   0.14   3.00   0.00   -999.25 -1.63  2616.59 0.01   46.32  12.00  0.08   0.69   
1834453.90 403496.83 -6425.56 "5/11/2015" 203.00 1834453.90 403496.83 -6425.56 3.45   0.00   3.77   0.00   0.79   1512.45 349.39 68.66  61.69  -0.55  -0.84  0.00   0.68   -0.44  0.59   0.51   3.37   0.06   0.84   0.80   0.89   0.78   2.93   0.08   0.39   0.20   3.00   0.00   -999.25 -1.86  1204.49 0.01   40.40  12.00  0.06   0.30   
1834399.87 403627.76 -6429.81 "5/11/2015" 204.00 1834399.87 403627.76 -6429.81 3.46   0.00   3.72   0.00   0.96   1410.94 150.45 64.50  57.87  -0.50  -0.87  0.00   0.83   -0.47  0.31   0.19   3.47   0.06   0.87   0.89   0.91   0.87   2.99   0.08   0.38   0.22   3.00   0.00   -999.25 -1.87  1161.26 0.01   41.04  12.00  0.05   0.38   
1834356.49 403665.81 -6430.60 "5/11/2015" 205.00 1834356.49 403665.81 -6430.60 4.38   0.00   4.59   0.00   0.88   1360.75 169.95 73.22  63.67  -0.48  -0.88  -0.00  0.87   -0.48  0.08   0.40   3.46   0.07   0.89   0.87   0.92   0.86   3.00   0.09   0.35   0.25   3.00   0.00   -999.25 -1.94  909.22 0.00   29.80  12.00  0.10   0.41   
1834365.13 403629.22 -6439.84 "5/11/2015" 207.00 1834365.13 403629.22 -6439.84 4.95   0.00   5.31   0.00   0.92   1387.56 145.45 64.87  52.52  -0.49  -0.87  -0.01  0.87   -0.48  -0.10  0.85   3.63   0.10   0.88   0.90   0.91   0.87   3.83   0.13   0.51   0.26   3.00   0.00   -999.25 -1.87  1166.80 0.00   31.34  12.00  0.12   0.39   
1834386.00 403611.16 -6447.57 "5/11/2015" 206.00 1834386.00 403611.16 -6447.57 4.56   0.00   4.74   0.00   0.74   1415.26 175.18 64.63  53.21  -0.50  -0.87  -0.00  0.87   -0.49  -0.08  0.23   3.51   0.08   0.89   0.90   0.92   0.88   3.18   0.10   0.39   0.25   3.00   0.00   -999.25 -1.77  1638.04 0.01   34.45  12.00  0.12   0.41   
1834535.98 403626.22 -6444.77 "5/11/2015" 209.00 1834535.98 403626.22 -6444.77 3.22   0.00   3.38   0.00   0.59   1527.15 209.87 69.46  60.65  -0.45  -0.89  0.00   0.89   -0.45  0.07   0.95   3.33   0.05   0.79   0.82   0.90   0.79   2.67   0.07   0.30   0.24   3.00   0.00   -999.25 -1.85  1256.15 0.00   35.44  12.00  0.09   0.39   
1834379.48 403650.25 -6448.30 "5/11/2015" 208.00 1834379.48 403650.25 -6448.30 5.06   0.00   5.24   0.00   0.82   1393.39 111.68 64.38  52.61  -0.49  -0.87  0.00   0.87   -0.49  -0.08  0.44   3.60   0.09   0.87   0.92   0.90   0.87   3.63   0.12   0.48   0.25   3.00   0.00   -999.25 -1.73  1885.68 0.01   37.51  12.00  0.11   0.37   
1834604.84 403757.53 -6445.90 "5/11/2015" 210.00 1834604.84 403757.53 -6445.90 3.62   0.00   3.82   0.00   0.68   1537.76 416.95 64.33  56.60  -0.34  -0.94  -0.00  0.94   -0.34  0.05   0.68   3.36   0.06   0.83   0.83   0.85   0.78   2.91   0.08   0.40   0.19   3.00   0.00   -999.25 -1.90  1037.45 0.00   34.57  12.00  0.08   0.24   
1834380.23 403739.03 -6402.88 "5/11/2015" 211.00 1834380.23 403739.03 -6402.88 4.34   0.00   4.61   0.00   0.79   1337.97 163.07 66.01  55.10  -0.42  -0.91  0.00   0.81   -0.38  0.45   0.23   3.46   0.08   0.83   0.83   0.90   0.80   3.31   0.11   0.39   0.27   3.00   0.00   -999.25 -1.97  813.69 0.00   30.20  12.00  0.09   0.40   
1834362.58 403627.63 -6401.63 "5/11/2015" 213.00 1834362.58 403627.63 -6401.63 4.29   0.00   4.36   0.00   0.95   1369.58 162.73 66.89  55.68  -0.51  -0.86  0.00   0.75   -0.44  0.50   0.92   3.52   0.08   0.88   0.89   0.92   0.86   3.28   0.10   0.42   0.24   3.00   0.00   -999.25 -1.99  769.77 0.00   27.49  12.00  0.11   0.41   
1834367.51 403627.63 -6424.49 "5/11/2015" 212.00 1834367.51 403627.63 -6424.49 3.89   0.00   4.16   0.00   0.92   1383.32 170.37 64.38  57.23  -0.49  -0.87  0.00   0.85   -0.47  0.24   0.10   3.53   0.08   0.86   0.89   0.92   0.87   3.28   0.10   0.43   0.22   3.00   0.00   -999.25 -1.95  884.91 0.00   28.50  12.00  0.12   0.45   
1834016.37 403894.91 -6167.37 "5/11/2015" 214.00 1834016.37 403894.91 -6167.37 3.72   0.00   3.92   0.00   0.73   880.09 64.78  61.57  41.81  -0.85  0.49   0.18   0.50   0.87   -0.02  0.73   3.58   0.09   0.85   0.90   0.94   0.89   3.46   0.11   0.45   0.24   3.00   0.00   -999.25 -1.77  1603.30 0.00   41.43  12.00  0.07   0.28   
1834470.30 403476.06 -6443.57 "5/11/2015" 216.00 1834470.30 403476.06 -6443.57 3.51   0.00   3.57   0.00   0.76   1542.64 175.76 64.27  56.73  -0.55  -0.83  0.00   0.83   -0.55  0.08   0.77   3.45   0.06   0.80   0.87   0.92   0.85   2.97   0.08   0.38   0.21   3.00   0.00   -999.25 -1.80  1446.98 0.00   35.20  12.00  0.10   0.45   
1834513.65 403607.06 -6431.49 "5/11/2015" 215.00 1834513.65 403607.06 -6431.49 4.46   0.00   4.51   0.00   0.64   1511.50 211.27 68.39  61.90  -0.47  -0.88  0.00   0.73   -0.38  0.57   0.27   3.54   0.08   0.90   0.87   0.93   0.86   3.40   0.10   0.47   0.21   3.00   0.00   -999.25 -1.92  980.64 0.00   24.83  12.00  0.19   0.29   
1834439.03 403618.66 -6425.06 "5/11/2015" 218.00 1834439.03 403618.66 -6425.06 4.92   0.00   4.92   0.00   0.78   1443.90 173.28 68.87  62.43  -0.49  -0.87  0.00   0.82   -0.45  0.35   0.81   3.66   0.11   0.87   0.92   0.93   0.90   3.83   0.13   0.50   0.26   3.00   0.00   -999.25 -1.95  887.72 0.00   25.89  12.00  0.16   0.42   
1834415.01 403611.46 -6427.05 "5/11/2015" 217.00 1834415.01 403611.46 -6427.05 4.96   0.00   4.93   0.00   0.79   1428.87 78.37  65.45  58.97  -0.48  -0.88  -0.00  0.83   -0.45  0.34   0.20   3.61   0.09   0.88   0.93   0.93   0.90   3.53   0.11   0.47   0.24   3.00   0.00   -999.25 -1.90  1036.93 0.00   28.15  12.00  0.14   0.35   
1834527.18 403605.19 -6452.81 "5/11/2015" 219.00 1834527.18 403605.19 -6452.81 4.52   0.00   4.48   0.00   0.60   1531.98 242.17 64.47  56.37  -0.45  -0.89  -0.00  0.89   -0.45  0.01   0.40   3.47   0.07   0.88   0.89   0.91   0.85   3.10   0.09   0.42   0.20   3.00   0.00   -999.25 -1.75  1722.29 0.01   30.84  12.00  0.18   0.34   
1834463.25 403588.22 -6451.99 "5/11/2015" 221.00 1834463.25 403588.22 -6451.99 4.72   0.00   4.50   0.00   0.52   1487.84 109.46 64.32  55.18  -0.50  -0.87  0.00   0.87   -0.50  -0.02  0.60   3.52   0.07   0.91   0.92   0.89   0.87   3.24   0.09   0.42   0.23   3.00   0.00   -999.25 -1.75  1737.29 0.01   31.57  12.00  0.17   0.32   
1834452.43 403680.24 -6400.43 "5/11/2015" 220.00 1834452.43 403680.24 -6400.43 4.34   0.00   4.42   0.00   0.68   1418.85 162.71 71.76  59.59  -0.44  -0.90  0.00   0.75   -0.36  0.56   0.06   3.48   0.07   0.82   0.87   0.93   0.85   3.15   0.09   0.39   0.24   3.00   0.00   -999.25 -1.85  1250.83 0.01   31.90  12.00  0.12   0.36   
1834462.69 403563.93 -6439.79 "5/11/2015" 223.00 1834462.69 403563.93 -6439.79 4.71   0.00   4.71   0.00   0.81   1493.18 172.73 64.53  55.46  -0.50  -0.87  -0.00  0.87   -0.50  -0.00  0.79   3.64   0.10   0.90   0.89   0.91   0.86   3.90   0.13   0.56   0.22   3.00   0.00   -999.25 -1.78  1589.64 0.01   30.57  12.00  0.17   0.45   
1834435.67 403636.60 -6300.59 "5/11/2015" 222.00 1834435.67 403636.60 -6300.59 4.13   0.00   3.76   0.00   0.42   1385.40 140.46 139.47 108.50 0.02   -1.00  0.08   -0.99  -0.03  -0.16  0.17   3.25   0.03   0.87   0.89   0.90   0.84   2.05   0.04   0.21   0.20   3.00   0.00   -999.25 -1.90  1049.84 0.00   25.20  12.00  0.20   0.28   
1834527.18 403608.44 -6465.96 "5/11/2015" 224.00 1834527.18 403608.44 -6465.96 4.49   0.00   4.52   0.00   0.41   1536.12 229.96 80.72  66.59  -0.45  -0.89  -0.00  0.88   -0.45  -0.13  0.56   3.44   0.07   0.91   0.88   0.88   0.84   2.98   0.09   0.36   0.24   3.00   0.00   -999.25 -1.79  1517.75 0.01   30.61  12.00  0.16   0.26   
1834483.28 403560.44 -6432.54 "5/11/2015" 225.00 1834483.28 403560.44 -6432.54 4.56   0.00   4.71   0.00   0.43   1508.02 136.60 66.39  59.47  -0.51  -0.86  0.01   0.70   -0.40  0.59   0.39   3.53   0.08   0.87   0.90   0.93   0.88   3.25   0.10   0.41   0.24   3.00   0.00   -999.25 -1.73  1906.22 0.01   35.39  12.00  0.13   0.30   
1834468.59 403480.34 -6452.01 "5/11/2015" 227.00 1834468.59 403480.34 -6452.01 3.63   0.00   3.62   0.00   0.39   1542.64 185.33 84.19  69.04  -0.54  -0.84  -0.00  0.84   -0.53  -0.14  0.69   3.44   0.06   0.87   0.92   0.93   0.89   2.75   0.07   0.33   0.22   3.00   0.00   -999.25 -1.80  1467.02 0.01   33.49  12.00  0.12   0.35   
1834403.29 403636.48 -6427.45 "5/11/2015" 226.00 1834403.29 403636.48 -6427.45 4.41   0.00   4.82   0.00   0.77   1408.82 167.67 64.57  57.91  -0.47  -0.88  -0.00  0.84   -0.46  0.28   0.03   3.63   0.09   0.83   0.89   0.91   0.87   3.83   0.13   0.53   0.23   3.00   0.00   -999.25 -1.91  1021.07 0.00   27.15  12.00  0.15   0.33   
1834443.25 403616.39 -6434.79 "5/11/2015" 228.00 1834443.25 403616.39 -6434.79 4.25   0.00   4.28   0.00   0.59   1452.35 278.02 66.00  59.55  -0.49  -0.87  0.00   0.79   -0.44  0.43   0.37   3.44   0.06   0.85   0.86   0.93   0.84   2.98   0.08   0.39   0.21   3.00   0.00   -999.25 -1.76  1670.89 0.01   33.42  12.00  0.14   0.39   
1834445.06 403608.73 -6437.11 "5/11/2015" 230.00 1834445.06 403608.73 -6437.11 4.35   0.00   4.54   0.00   0.64   1458.11 225.29 64.33  54.53  -0.49  -0.87  0.00   0.87   -0.49  -0.01  0.85   3.49   0.07   0.84   0.84   0.93   0.84   3.29   0.10   0.44   0.22   3.00   0.00   -999.25 -1.75  1749.93 0.01   33.33  12.00  0.14   0.38   
1834366.43 403631.40 -6425.15 "5/11/2015" 229.00 1834366.43 403631.40 -6425.15 3.99   0.00   4.33   0.00   0.53   1381.08 154.02 89.73  75.50  -0.49  -0.87  -0.00  0.87   -0.49  -0.10  0.22   3.27   0.03   0.82   0.86   0.92   0.85   2.13   0.05   0.22   0.20   3.00   0.00   -999.25 -1.91  1013.46 0.00   28.07  12.00  0.14   0.34   
1834467.90 403621.43 -6457.43 "5/11/2015" 231.00 1834467.90 403621.43 -6457.43 4.56   0.00   4.51   0.00   0.62   1479.52 139.21 64.10  54.89  -0.47  -0.88  0.00   0.88   -0.47  -0.02  0.40   3.56   0.07   0.87   0.92   0.93   0.90   3.30   0.09   0.45   0.21   3.00   0.00   -999.25 -1.71  2010.28 0.01   34.32  12.00  0.15   0.41   
1834379.71 403659.38 -6432.28 "5/11/2015" 233.00 1834379.71 403659.38 -6432.28 3.61   0.00   3.56   0.00   0.73   1382.50 111.06 78.07  69.09  -0.46  -0.89  -0.00  0.86   -0.45  0.22   0.55   3.42   0.06   0.87   0.91   0.92   0.89   2.69   0.07   0.31   0.23   3.00   0.00   -999.25 -1.78  1599.47 0.01   33.07  12.00  0.13   0.40   
1834393.71 403648.70 -6407.66 "5/11/2015" 232.00 1834393.71 403648.70 -6407.66 3.79   0.00   4.15   0.00   1.00   1387.47 126.84 78.36  67.77  -0.47  -0.88  -0.01  0.88   -0.47  0.05   0.01   3.48   0.06   0.83   0.88   0.92   0.86   3.11   0.09   0.41   0.21   3.00   0.00   -999.25 -1.88  1121.07 0.01   29.54  12.00  0.13   0.46   
1834427.91 403624.02 -6435.66 "5/11/2015" 235.00 1834427.91 403624.02 -6435.66 3.62   0.00   3.88   0.00   0.72   1437.25 276.97 77.99  70.30  -0.48  -0.88  0.00   0.81   -0.44  0.39   0.78   3.34   0.04   0.76   0.78   0.91   0.79   2.74   0.07   0.34   0.20   3.00   0.00   -999.25 -1.79  1537.59 0.01   32.54  12.00  0.14   0.47   
1834472.31 403601.36 -6445.88 "5/11/2015" 234.00 1834472.31 403601.36 -6445.88 4.62   0.00   4.79   0.00   0.54   1486.68 162.21 70.66  60.18  -0.48  -0.88  -0.00  0.88   -0.48  -0.00  0.11   3.52   0.07   0.87   0.89   0.91   0.86   3.31   0.10   0.44   0.22   3.00   0.00   -999.25 -1.73  1863.64 0.01   31.73  12.00  0.18   0.34   
1834481.49 403634.49 -6438.80 "5/11/2015" 237.00 1834481.49 403634.49 -6438.80 3.44   0.00   3.47   0.00   0.46   1477.03 134.82 103.35 69.32  -0.44  -0.90  -0.00  0.86   -0.43  -0.28  0.87   3.35   0.04   0.90   0.92   0.92   0.88   2.36   0.05   0.26   0.21   3.00   0.00   -999.25 -1.83  1313.21 0.00   33.08  12.00  0.11   0.34   
1834361.74 403618.68 -6426.89 "5/11/2015" 236.00 1834361.74 403618.68 -6426.89 4.11   0.00   4.45   0.00   0.65   1383.91 182.76 64.28  57.17  -0.51  -0.86  0.00   0.83   -0.49  0.25   0.34   3.45   0.06   0.83   0.89   0.90   0.86   2.99   0.09   0.33   0.26   3.00   0.00   -999.25 -1.91  993.21 0.00   29.71  12.00  0.12   0.39   
1834487.92 403555.96 -6434.19 "5/11/2015" 239.00 1834487.92 403555.96 -6434.19 3.76   0.00   3.83   0.00   0.40   1514.41 322.94 66.42  59.59  -0.51  -0.86  0.01   0.69   -0.40  0.60   0.92   3.35   0.05   0.81   0.81   0.91   0.80   2.75   0.07   0.34   0.21   3.00   0.00   -999.25 -1.74  1823.87 0.01   33.46  12.00  0.15   0.30   
1834441.68 403637.44 -6404.62 "5/11/2015" 238.00 1834441.68 403637.44 -6404.62 4.28   0.00   4.42   0.00   0.53   1429.46 153.13 74.91  63.03  -0.46  -0.89  0.00   0.74   -0.39  0.55   0.31   3.50   0.07   0.88   0.90   0.94   0.88   3.10   0.09   0.36   0.26   3.00   0.00   -999.25 -1.89  1063.23 0.00   30.33  12.00  0.12   0.38   
1834418.17 403558.80 -6390.02 "5/11/2015" 241.00 1834418.17 403558.80 -6390.02 4.14   0.00   4.26   0.00   0.29   1440.35 164.52 130.72 109.34 -0.52  -0.85  -0.01  0.72   -0.45  0.53   0.77   3.28   0.04   0.87   0.89   0.92   0.86   2.12   0.05   0.19   0.23   3.00   0.00   -999.25 -1.98  793.04 0.00   24.14  12.00  0.17   0.25   
1834666.80 403851.10 -6478.90 "5/11/2015" 240.00 1834666.80 403851.10 -6478.90 3.15   0.00   3.68   0.00   0.60   1578.48 361.16 70.51  17.34  -0.27  -0.96  0.00   0.96   -0.27  -0.09  0.26   3.18   0.05   0.75   0.79   0.82   0.71   2.83   0.08   0.34   0.23   3.00   0.00   -999.25 -1.52  3890.91 0.01   51.53  12.00  0.09   0.48   
1834515.94 403473.94 -6463.47 "5/11/2015" 243.00 1834515.94 403473.94 -6463.47 4.24   0.00   4.34   0.00   0.42   1586.90 134.88 65.09  58.51  -0.53  -0.85  0.00   0.85   -0.52  0.08   0.66   3.37   0.07   0.81   0.83   0.83   0.76   3.05   0.09   0.39   0.22   3.00   0.00   -999.25 -1.80  1481.13 0.01   31.81  12.00  0.14   0.37   
1834513.69 403666.16 -6428.63 "5/11/2015" 242.00 1834513.69 403666.16 -6428.63 3.98   0.00   3.99   0.00   0.43   1486.35 74.82  73.47  69.08  0.88   -0.35  0.33   -0.38  -0.92  0.04   0.31   3.45   0.07   0.91   0.90   0.92   0.86   2.95   0.08   0.36   0.23   3.00   0.00   -999.25 -1.88  1099.78 0.01   28.37  12.00  0.15   0.33   
1834420.58 403600.22 -6452.53 "5/11/2015" 245.00 1834420.58 403600.22 -6452.53 3.94   0.00   3.96   0.00   0.60   1449.25 212.47 65.37  54.83  -0.49  -0.87  -0.00  0.87   -0.48  -0.06  0.69   3.42   0.06   0.89   0.91   0.91   0.87   2.78   0.07   0.33   0.22   3.00   0.00   -999.25 -1.73  1886.49 0.01   38.02  12.00  0.10   0.36   
1834452.29 403586.38 -6448.26 "5/11/2015" 244.00 1834452.29 403586.38 -6448.26 5.04   0.00   5.05   0.00   0.81   1478.43 147.28 64.43  54.96  -0.49  -0.87  -0.00  0.87   -0.49  -0.03  0.21   3.67   0.10   0.87   0.91   0.92   0.88   3.98   0.13   0.55   0.24   3.00   0.00   -999.25 -1.75  1756.69 0.01   35.85  12.00  0.12   0.46   
1834522.52 403526.15 -6475.39 "5/11/2015" 247.00 1834522.52 403526.15 -6475.39 3.38   0.00   3.81   0.00   0.49   1572.29 243.06 70.73  17.36  -0.50  -0.87  0.00   0.86   -0.50  -0.09  0.72   3.27   0.05   0.81   0.81   0.88   0.78   2.99   0.08   0.37   0.23   3.00   0.00   -999.25 -1.67  2342.16 0.01   43.89  12.00  0.08   0.50   
1834391.53 403612.50 -6393.25 "5/11/2015" 246.00 1834391.53 403612.50 -6393.25 3.88   0.00   4.19   0.00   0.74   1395.70 169.33 67.84  56.17  -0.50  -0.87  -0.00  0.73   -0.42  0.54   0.38   3.44   0.06   0.83   0.89   0.90   0.85   2.96   0.08   0.35   0.24   3.00   0.00   -999.25 -1.88  1119.69 0.01   32.14  12.00  0.10   0.32   
1834457.21 403622.00 -6438.67 "5/11/2015" 249.00 1834457.21 403622.00 -6438.67 4.13   0.00   4.29   0.00   0.63   1462.72 275.91 64.68  54.64  -0.47  -0.88  -0.00  0.88   -0.47  -0.03  0.72   3.46   0.07   0.84   0.85   0.93   0.84   3.09   0.09   0.40   0.22   3.00   0.00   -999.25 -1.70  2064.94 0.01   36.39  12.00  0.13   0.42   
1834509.97 403501.49 -6453.65 "5/11/2015" 248.00 1834509.97 403501.49 -6453.65 4.03   0.00   4.34   0.00   0.51   1565.01 141.21 69.12  61.44  -0.52  -0.85  0.00   0.85   -0.52  0.12   0.15   3.52   0.08   0.87   0.90   0.90   0.85   3.38   0.11   0.43   0.25   3.00   0.00   -999.25 -1.70  2053.87 0.01   33.83  12.00  0.16   0.29   
1834510.21 403713.63 -6434.79 "5/11/2015" 251.00 1834510.21 403713.63 -6434.79 3.06   0.00   3.34   0.00   0.59   1468.17 167.15 67.76  60.94  -0.40  -0.91  0.00   0.80   -0.35  0.49   0.82   3.32   0.04   0.78   0.86   0.87   0.81   2.58   0.06   0.32   0.19   3.00   0.00   -999.25 -1.63  2647.01 0.01   44.69  12.00  0.09   0.39   
1834495.91 403664.85 -6450.77 "5/11/2015" 250.00 1834495.91 403664.85 -6450.77 4.46   0.00   4.74   0.00   0.69   1481.57 136.22 64.39  55.01  -0.43  -0.90  -0.00  0.90   -0.43  -0.02  0.15   3.53   0.08   0.86   0.90   0.88   0.84   3.44   0.11   0.43   0.26   3.00   0.00   -999.25 -1.71  2041.89 0.01   36.93  12.00  0.12   0.38   
1834452.65 403599.23 -6424.07 "5/11/2015" 252.00 1834452.65 403599.23 -6424.07 4.75   0.00   4.86   0.00   0.59   1462.84 184.28 65.50  58.95  -0.49  -0.87  0.00   0.77   -0.43  0.47   0.72   3.54   0.08   0.85   0.88   0.93   0.85   3.45   0.11   0.43   0.26   3.00   0.00   -999.25 -1.86  1211.68 0.01   30.49  12.00  0.13   0.36   
1834437.12 403652.88 -6395.47 "5/11/2015" 254.00 1834437.12 403652.88 -6395.47 4.48   0.00   4.75   0.00   0.96   1415.51 118.36 68.44  56.33  -0.46  -0.89  -0.00  0.73   -0.38  0.57   0.78   3.59   0.09   0.87   0.92   0.93   0.89   3.50   0.12   0.45   0.25   3.00   0.00   -999.25 -1.84  1301.98 0.01   43.69  12.00  0.05   0.30   
1834389.20 403461.49 -6424.46 "5/11/2015" 253.00 1834389.20 403461.49 -6424.46 3.69   0.00   3.91   0.00   0.85   1481.12 132.47 72.11  64.87  -0.58  -0.81  -0.00  0.72   -0.51  0.47   0.29   3.53   0.08   0.90   0.92   0.94   0.90   3.15   0.09   0.41   0.22   3.00   0.00   -999.25 -1.83  1315.62 0.01   38.40  12.00  0.07   0.40   
1834509.26 403583.20 -6457.69 "5/11/2015" 256.00 1834509.26 403583.20 -6457.69 3.96   0.00   3.98   0.00   1.14   1528.98 136.35 64.41  56.20  -0.47  -0.88  -0.00  0.88   -0.47  -0.01  0.69   3.57   0.08   0.91   0.90   0.92   0.88   3.48   0.10   0.49   0.21   3.00   0.00   -999.25 -1.93  947.06 0.00   28.97  12.00  0.12   0.47   
1834439.91 403977.40 -6366.19 "5/11/2015" 258.00 1834439.91 403977.40 -6366.19 1.68   0.00   2.10   0.00   0.49   1302.97 116.57 96.70  78.30  -0.24  -0.97  0.00   0.87   -0.22  -0.44  0.96   2.99   0.02   0.74   0.72   0.75   0.62   1.82   0.03   0.17   0.19   3.00   0.00   -999.25 -2.37  204.48 0.00   20.81  12.00  0.07   0.41   
1834360.82 403636.33 -6398.79 "5/11/2015" 257.00 1834360.82 403636.33 -6398.79 4.57   0.00   4.77   0.00   0.91   1363.09 88.96  66.75  55.70  -0.49  -0.87  -0.00  0.77   -0.43  0.48   0.56   3.57   0.08   0.92   0.95   0.95   0.91   3.28   0.10   0.42   0.23   3.00   0.00   -999.25 -1.67  2271.12 0.01   49.28  12.00  0.06   0.34   
1834451.91 403590.89 -6423.37 "5/11/2015" 259.00 1834451.91 403590.89 -6423.37 4.61   0.00   4.40   0.00   0.72   1465.67 74.31  68.17  51.90  0.84   -0.47  0.28   0.25   -0.14  -0.96  0.69   3.62   0.09   0.92   0.97   0.94   0.92   3.49   0.11   0.46   0.24   3.00   0.00   -999.25 -1.82  1386.44 0.01   31.21  12.00  0.14   0.43   
1834498.34 403612.86 -6460.55 "5/11/2015" 261.00 1834498.34 403612.86 -6460.55 5.34   0.00   5.46   0.00   0.57   1508.80 67.01  64.34  55.64  -0.50  -0.86  -0.00  0.86   -0.50  -0.02  0.92   3.72   0.13   0.90   0.93   0.94   0.91   4.07   0.16   0.53   0.29   3.00   0.00   -999.25 -1.57  3216.30 0.01   48.08  12.00  0.09   0.30   
1834513.74 403552.70 -6448.91 "5/11/2015" 260.00 1834513.74 403552.70 -6448.91 4.76   0.00   4.86   0.00   0.47   1542.37 142.90 67.33  59.33  -0.50  -0.87  -0.00  0.87   -0.49  0.07   0.19   3.55   0.09   0.85   0.91   0.91   0.87   3.40   0.11   0.43   0.25   3.00   0.00   -999.25 -1.66  2378.11 0.01   44.06  12.00  0.08   0.36   
1834115.40 403769.82 -6412.65 "5/11/2015" 263.00 1834115.40 403769.82 -6412.65 1.61   0.00   2.04   0.00   0.96   1124.02 387.44 63.19  49.41  -0.51  -0.86  0.00   0.85   -0.50  -0.13  0.93   2.75   0.01   0.58   0.42   0.72   0.45   1.50   0.02   0.16   0.15   3.00   0.00   -999.25 -2.06  599.15 0.00   30.91  10.00  0.06   0.81   
1834519.78 403595.34 -6460.54 "5/11/2015" 262.00 1834519.78 403595.34 -6460.54 5.14   0.00   4.99   0.00   0.69   1533.39 178.20 64.24  56.33  -0.47  -0.88  0.00   0.88   -0.47  0.01   0.39   3.64   0.11   0.86   0.89   0.92   0.86   3.90   0.13   0.52   0.26   3.00   0.00   -999.25 -1.70  2065.00 0.01   37.07  12.00  0.12   0.38   
1834435.73 403560.23 -6458.89 "5/11/2015" 264.00 1834435.73 403560.23 -6458.89 5.04   0.00   4.73   0.00   0.95   1481.95 136.40 71.44  60.28  -0.52  -0.86  0.00   0.85   -0.51  -0.09  0.44   3.62   0.08   0.88   0.93   0.95   0.92   3.53   0.10   0.51   0.19   3.00   0.00   -999.25 -1.83  1309.27 0.00   28.50  12.00  0.17   0.47   
1834433.39 403581.44 -6449.14 "5/11/2015" 266.00 1834433.39 403581.44 -6449.14 4.28   0.00   4.48   0.00   0.83   1466.21 136.58 64.40  54.76  -0.51  -0.86  0.00   0.86   -0.51  -0.02  0.85   3.55   0.09   0.90   0.88   0.88   0.84   3.57   0.11   0.49   0.22   3.00   0.00   -999.25 -1.71  1987.81 0.01   36.55  12.00  0.12   0.46   
1834430.17 403506.59 -6444.11 "5/11/2015" 265.00 1834430.17 403506.59 -6444.11 4.66   0.00   4.84   0.00   0.81   1497.04 168.85 64.44  55.52  -0.54  -0.84  -0.00  0.84   -0.54  -0.00  0.08   3.59   0.09   0.90   0.90   0.93   0.88   3.55   0.11   0.46   0.25   3.00   0.00   -999.25 -1.73  1866.16 0.01   38.66  12.00  0.10   0.51   
1834463.36 403508.85 -6452.49 "5/11/2015" 268.00 1834463.36 403508.85 -6452.49 3.34   0.00   4.55   0.00   0.56   1524.87 67.29  64.25  56.18  -0.48  -0.88  0.01   0.88   -0.48  0.03   0.86   3.56   0.08   0.90   0.93   0.95   0.91   3.21   0.10   0.40   0.25   3.00   0.00   -999.25 -1.56  3328.67 0.01   50.78  12.00  0.08   0.39   
1834452.69 403546.87 -6463.29 "5/11/2015" 267.00 1834452.69 403546.87 -6463.29 5.22   0.00   5.24   0.00   0.72   1503.17 77.62  64.15  55.46  -0.53  -0.85  0.00   0.85   -0.53  -0.02  0.58   3.63   0.10   0.86   0.96   0.91   0.90   3.68   0.12   0.49   0.25   3.00   0.00   -999.25 -1.69  2129.01 0.01   49.29  12.00  0.05   0.30   
1834536.89 403643.64 -6450.95 "5/11/2015" 269.00 1834536.89 403643.64 -6450.95 4.70   0.00   4.95   0.00   0.68   1523.48 216.25 64.52  56.14  -0.42  -0.91  -0.00  0.91   -0.42  -0.00  0.62   3.53   0.09   0.84   0.86   0.89   0.82   3.56   0.12   0.47   0.24   3.00   0.00   -999.25 -1.62  2744.74 0.01   47.87  12.00  0.08   0.40   
1834389.12 403466.86 -6442.10 "5/11/2015" 271.00 1834389.12 403466.86 -6442.10 3.64   0.00   3.98   0.00   0.85   1485.56 289.50 67.49  57.89  -0.58  -0.82  -0.00  0.82   -0.58  0.01   0.70   3.35   0.05   0.82   0.80   0.89   0.78   2.89   0.08   0.35   0.23   3.00   0.00   -999.25 -1.58  3099.00 0.01   48.15  12.00  0.08   0.46   
1834526.60 403577.53 -6460.23 "5/11/2015" 270.00 1834526.60 403577.53 -6460.23 3.38   0.00   3.72   0.00   0.90   1546.34 331.30 66.78  58.75  -0.48  -0.88  0.00   0.88   -0.48  -0.00  0.02   3.36   0.06   0.79   0.83   0.87   0.79   2.87   0.08   0.37   0.20   3.00   0.00   -999.25 -2.18  391.60 0.00   20.19  12.00  0.14   0.26   
1834591.58 403709.34 -6450.21 "5/11/2015" 273.00 1834591.58 403709.34 -6450.21 1.91   0.00   2.09   0.00   0.95   1544.27 386.24 68.38  60.38  -0.39  -0.92  0.00   0.92   -0.38  0.10   0.87   2.94   0.01   0.69   0.67   0.79   0.61   1.67   0.03   0.19   0.14   3.00   0.00   -999.25 -2.09  533.39 0.00   32.03  12.00  0.05   0.55   
1834469.12 403583.38 -6472.33 "5/11/2015" 272.00 1834469.12 403583.38 -6472.33 6.23   0.00   6.41   0.00   0.68   1503.36 129.13 71.26  18.47  -0.47  -0.88  0.01   0.88   -0.47  -0.09  0.43   3.69   0.14   0.91   0.91   0.90   0.86   4.43   0.18   0.58   0.30   3.00   0.00   -999.25 -1.65  2437.33 0.01   41.57  12.00  0.10   0.34   
1834520.06 403626.90 -6459.01 "5/11/2015" 274.00 1834520.06 403626.90 -6459.01 5.25   0.00   5.39   0.00   0.53   1519.85 150.62 64.41  55.96  -0.45  -0.90  -0.00  0.90   -0.45  -0.02  0.67   3.61   0.10   0.90   0.90   0.94   0.88   3.66   0.12   0.48   0.25   3.00   0.00   -999.25 -1.63  2645.60 0.01   45.84  12.00  0.08   0.30   
1834502.64 403604.64 -6444.61 "5/11/2015" 275.00 1834502.64 403604.64 -6444.61 5.69   0.00   5.75   0.00   0.72   1509.01 138.77 64.38  55.81  -0.46  -0.89  -0.00  0.89   -0.46  0.01   0.54   3.69   0.12   0.91   0.94   0.93   0.90   3.92   0.14   0.52   0.27   3.00   0.00   -999.25 -1.54  3548.49 0.01   57.02  12.00  0.06   0.34   
1834543.47 403566.92 -6459.46 "5/11/2015" 276.00 1834543.47 403566.92 -6459.46 3.55   0.00   3.78   0.00   0.75   1564.15 160.74 64.07  57.14  -0.48  -0.88  0.00   0.87   -0.48  0.08   0.02   3.42   0.06   0.77   0.88   0.91   0.85   2.86   0.08   0.35   0.22   3.00   0.00   -999.25 -1.90  1061.39 0.00   33.02  12.00  0.09   0.34   
1834502.54 403597.52 -6459.51 "5/11/2015" 277.00 1834502.54 403597.52 -6459.51 5.30   0.00   5.19   0.00   0.80   1518.21 76.30  64.27  55.93  -0.46  -0.89  -0.00  0.89   -0.46  -0.00  0.08   3.60   0.10   0.86   0.93   0.89   0.87   3.68   0.13   0.49   0.24   3.00   0.00   -999.25 -1.64  2544.78 0.01   58.60  12.00  0.04   0.28   
1834448.34 403539.47 -6464.04 "5/11/2015" 279.00 1834448.34 403539.47 -6464.04 5.38   0.00   5.50   0.00   0.81   1503.58 192.10 64.23  55.45  -0.52  -0.85  0.00   0.85   -0.52  -0.03  0.73   3.68   0.12   0.88   0.89   0.94   0.89   3.95   0.14   0.55   0.24   3.00   0.00   -999.25 -1.84  1281.20 0.00   37.52  12.00  0.07   0.38   
1834455.05 403538.66 -6447.71 "5/11/2015" 278.00 1834455.05 403538.66 -6447.71 5.20   0.00   4.83   0.00   0.77   1502.23 64.24  55.62  51.59  0.85   -0.53  0.02   0.03   -0.00  -1.00  0.36   3.60   0.08   0.92   0.94   0.92   0.90   3.52   0.10   0.51   0.19   3.00   0.00   -999.25 -2.00  743.81 0.00   25.65  12.00  0.13   0.33   
1834409.77 403505.21 -6452.26 "5/11/2015" 281.00 1834409.77 403505.21 -6452.26 3.20   0.00   3.59   0.00   0.90   1485.69 137.54 64.16  55.11  -0.56  -0.83  0.00   0.83   -0.56  0.00   0.94   3.42   0.04   0.69   0.89   0.91   0.87   2.76   0.07   0.38   0.17   3.00   0.00   -999.25 -1.83  1318.32 0.00   41.35  12.00  0.06   0.47   
1834566.78 403601.51 -6457.58 "5/11/2015" 280.00 1834566.78 403601.51 -6457.58 4.38   0.00   4.32   0.00   0.74   1567.62 114.43 64.34  57.28  -0.44  -0.90  -0.00  0.90   -0.44  0.05   0.50   3.52   0.07   0.82   0.93   0.91   0.88   3.22   0.10   0.43   0.21   3.00   0.00   -999.25 -1.95  886.71 0.00   32.19  12.00  0.08   0.28   
1834463.66 403581.72 -6463.11 "5/11/2015" 282.00 1834463.66 403581.72 -6463.11 5.00   0.00   5.14   0.00   1.11   1495.81 109.31 63.99  55.26  -0.50  -0.87  0.01   0.87   -0.50  -0.00  0.38   3.71   0.11   0.90   0.93   0.93   0.90   4.04   0.13   0.58   0.23   3.00   0.00   -999.25 -1.84  1291.60 0.00   36.82  12.00  0.08   0.42   
1834429.44 403710.75 -6429.21 "5/11/2015" 283.00 1834429.44 403710.75 -6429.21 4.12   0.00   4.31   0.00   0.96   1400.34 173.11 64.39  57.70  -0.42  -0.91  -0.00  0.88   -0.41  0.24   0.69   3.52   0.09   0.90   0.87   0.94   0.86   3.30   0.11   0.41   0.25   3.00   0.00   -999.25 -1.94  906.67 0.00   46.87  12.00  0.03   0.34   
1834498.03 403611.49 -6460.02 "5/11/2015" 284.00 1834498.03 403611.49 -6460.02 3.87   0.00   3.98   0.00   1.23   1508.90 74.40  62.73  61.85  -0.89  0.45   0.14   0.16   0.01   0.99   0.69   3.59   0.08   0.86   0.96   0.92   0.91   3.41   0.10   0.49   0.19   3.00   0.00   -999.25 -2.05  629.29 0.00   26.95  12.00  0.10   0.36   
1834414.70 403688.79 -6399.60 "5/11/2015" 285.00 1834414.70 403688.79 -6399.60 3.00   0.00   3.54   0.00   1.00   1384.27 104.04 76.05  65.10  -0.44  -0.90  0.01   0.81   -0.39  0.44   0.22   3.44   0.06   0.76   0.88   0.93   0.85   2.93   0.08   0.39   0.20   3.00   0.00   -999.25 -1.98  778.63 0.00   40.40  12.00  0.04   0.30   
1834391.32 403568.12 -6460.03 "5/11/2015" 286.00 1834391.32 403568.12 -6460.03 3.63   0.00   3.79   0.00   1.13   1444.63 110.81 64.10  53.86  -0.52  -0.85  0.00   0.85   -0.52  -0.05  0.38   3.43   0.06   0.87   0.88   0.90   0.85   2.92   0.08   0.40   0.19   3.00   0.00   -999.25 -1.93  944.37 0.00   41.25  12.00  0.04   0.31   
1834408.14 403557.54 -6454.97 "5/11/2015" 288.00 1834408.14 403557.54 -6454.97 3.65   0.00   3.68   0.00   1.18   1460.25 222.86 64.25  54.38  -0.53  -0.85  0.00   0.85   -0.53  -0.04  0.65   3.39   0.06   0.90   0.88   0.88   0.83   2.83   0.07   0.38   0.19   3.00   0.00   -999.25 -1.81  1428.85 0.00   49.48  12.00  0.04   0.52   
1834473.85 403635.50 -6459.33 "5/11/2015" 287.00 1834473.85 403635.50 -6459.33 4.51   0.00   4.54   0.00   1.14   1479.23 132.59 64.44  54.84  -0.45  -0.89  -0.00  0.89   -0.45  -0.05  0.18   3.58   0.09   0.90   0.90   0.90   0.87   3.58   0.11   0.50   0.22   3.00   0.00   -999.25 -1.91  1014.35 0.00   38.91  12.00  0.05   0.42   
1834456.19 403609.22 -6463.10 "5/11/2015" 290.00 1834456.19 403609.22 -6463.10 4.13   0.00   4.09   0.00   1.41   1477.90 160.63 64.19  54.75  -0.47  -0.88  0.00   0.88   -0.47  -0.04  0.90   3.47   0.07   0.88   0.87   0.89   0.85   3.12   0.09   0.43   0.20   3.00   0.00   -999.25 -1.86  1189.80 0.00   47.44  12.00  0.03   0.48   
1834457.81 403594.98 -6461.42 "5/11/2015" 289.00 1834457.81 403594.98 -6461.42 3.50   0.00   3.71   0.00   1.35   1484.63 152.97 64.10  54.96  -0.50  -0.87  0.00   0.87   -0.50  -0.03  0.36   3.42   0.06   0.88   0.89   0.90   0.85   2.86   0.07   0.38   0.20   3.00   0.00   -999.25 -1.87  1147.63 0.00   46.94  12.00  0.03   0.58   
1834463.52 403633.87 -6459.31 "5/11/2015" 292.00 1834463.52 403633.87 -6459.31 3.98   0.00   4.03   0.00   1.11   1471.63 88.22  64.19  54.63  -0.47  -0.88  0.00   0.88   -0.47  -0.04  0.74   3.45   0.07   0.83   0.91   0.90   0.85   2.99   0.08   0.40   0.20   3.00   0.00   -999.25 -1.86  1184.13 0.00   48.32  12.00  0.03   0.39   
1834503.54 403555.61 -6460.24 "5/11/2015" 291.00 1834503.54 403555.61 -6460.24 2.61   0.00   2.76   0.00   1.17   1537.67 120.67 64.21  56.41  -0.49  -0.87  0.00   0.87   -0.49  0.01   0.24   3.29   0.04   0.78   0.82   0.86   0.79   2.51   0.06   0.32   0.18   3.00   0.00   -999.25 -1.90  1037.16 0.00   44.11  12.00  0.04   0.48   
1834511.90 403619.85 -6458.41 "5/11/2015" 293.00 1834511.90 403619.85 -6458.41 2.96   0.00   3.11   0.00   1.02   1515.89 189.16 64.27  55.87  -0.46  -0.89  0.00   0.89   -0.46  -0.00  0.55   3.32   0.05   0.86   0.90   0.88   0.84   2.40   0.06   0.28   0.20   3.00   0.00   -999.25 -1.96  845.07 0.00   38.04  12.00  0.05   0.59   
1834494.08 403648.08 -6464.54 "5/11/2015" 294.00 1834494.08 403648.08 -6464.54 3.23   0.00   3.38   0.00   0.96   1492.65 167.94 64.15  55.16  -0.45  -0.89  0.00   0.89   -0.45  -0.03  0.63   3.38   0.05   0.81   0.88   0.89   0.84   2.71   0.07   0.34   0.20   3.00   0.00   -999.25 -1.93  940.13 0.00   48.37  12.00  0.03   0.38   
1834506.78 403624.19 -6446.55 "5/11/2015" 295.00 1834506.78 403624.19 -6446.55 1.85   0.00   2.12   0.00   1.12   1504.98 130.68 65.99  57.18  -0.46  -0.89  0.00   0.89   -0.46  0.02   0.85   2.99   0.02   0.69   0.66   0.83   0.63   1.78   0.03   0.20   0.15   3.00   0.00   -999.25 -2.08  555.44 0.00   34.79  11.00  0.04   0.70   
1834291.02 403579.40 -6228.45 "5/11/2015" 296.00 1834291.02 403579.40 -6228.45 1.76   3.00   2.30   0.00   0.55   1271.59 227.02 29.70  25.87  0.55   0.83   0.00   0.83   -0.55  0.07   0.63   2.67   0.01   0.60   0.42   0.71   0.34   1.87   0.04   0.17   0.19   3.00   0.00   -999.25 -2.37  203.07 0.00   21.84  12.00  0.06   0.47   
1834341.24 403373.67 -6207.53 "5/11/2015" 297.00 1834341.24 403373.67 -6207.53 2.27   0.00   2.56   0.00   1.46   1421.21 128.77 69.86  37.12  -0.64  -0.77  0.00   0.74   -0.61  0.28   0.06   3.13   0.03   0.82   0.85   0.89   0.80   2.39   0.05   0.33   0.15   3.00   0.00   -999.25 -2.37  203.76 0.00   16.04  12.00  0.15   0.32   
1834585.51 403891.56 -6382.42 "5/11/2015" 298.00 1834585.51 403891.56 -6382.42 2.03   0.00   2.63   0.00   0.44   1457.96 167.42 70.31  56.87  -0.25  -0.97  -0.01  0.76   -0.20  0.62   0.20   2.92   0.02   0.67   0.66   0.73   0.54   1.91   0.04   0.15   0.23   3.00   0.00   -999.25 -2.57  102.52 0.00   12.66  12.00  0.15   0.26   
1834900.83 403969.79 -6182.62 "5/11/2015" 299.00 1834900.83 403969.79 -6182.62 2.35   3.00   2.99   0.00   0.41   1675.71 127.22 34.75  28.33  0.17   0.99   0.00   0.51   -0.09  0.85   0.40   3.01   0.04   0.73   0.58   0.83   0.58   2.23   0.06   0.22   0.21   3.00   0.00   -999.25 -1.85  1229.53 0.00   38.66  12.00  0.06   0.23   
1834525.62 403754.65 -6177.71 "5/11/2015" 300.00 1834525.62 403754.65 -6177.71 5.63   0.00   6.38   0.00   0.29   1378.55 129.50 67.43  59.43  -0.37  -0.93  0.00   0.74   -0.30  0.60   0.42   3.47   0.12   0.88   0.85   0.81   0.75   4.43   0.15   0.32   0.40   3.00   0.00   -999.25 -2.14  459.58 0.00   18.61  12.00  0.22   0.15   
1834083.95 403371.95 -6198.04 "5/11/2015" 301.00 1834083.95 403371.95 -6198.04 2.58   0.00   2.81   0.00   1.34   1241.02 100.13 71.60  42.83  -0.75  -0.67  -0.00  0.62   -0.69  0.38   0.50   3.35   0.04   0.78   0.87   0.92   0.85   2.53   0.06   0.36   0.15   3.00   0.00   -999.25 -2.02  696.93 0.00   31.87  11.00  0.07   0.37   
1834121.57 404740.26 -5686.55 "5/11/2015" 302.00 1834121.57 404740.26 -5686.55 1.90   3.00   2.17   0.00   1.05   977.57 93.80  28.91  6.90   -0.51  0.86   0.00   0.86   0.51   0.03   0.97   3.22   0.04   0.88   0.84   0.86   0.78   2.23   0.05   0.26   0.19   3.00   0.00   -999.25 -2.54  112.56 0.00   16.47  12.00  0.08   0.28   
1834417.04 403631.84 -6418.29 "5/11/2015" 303.00 1834417.04 403631.84 -6418.29 2.39   0.00   2.91   0.00   0.44   1417.83 264.38 64.85  58.21  -0.48  -0.88  -0.00  0.83   -0.45  0.31   0.13   3.10   0.04   0.74   0.71   0.84   0.64   2.27   0.06   0.22   0.24   3.00   0.00   -999.25 -2.32  247.81 0.00   22.94  12.00  0.06   0.38   
1834101.73 403236.06 -6169.00 "5/11/2015" 304.00 1834101.73 403236.06 -6169.00 2.24   0.00   2.73   0.00   2.35   1342.90 236.13 87.97  74.66  -0.78  -0.63  -0.00  0.63   -0.77  0.10   0.50   3.43   0.05   0.81   0.85   0.93   0.85   3.08   0.07   0.43   0.16   3.00   0.00   -999.25 -2.22  347.01 0.00   19.70  12.00  0.14   0.38   
1834221.21 403758.71 -6426.63 "5/11/2015" 306.00 1834221.21 403758.71 -6426.63 3.09   0.00   3.53   0.00   0.73   1215.35 222.80 63.37  52.06  -0.47  -0.88  0.00   0.88   -0.46  -0.08  0.69   3.28   0.05   0.83   0.72   0.91   0.77   2.54   0.07   0.28   0.23   3.00   0.00   -999.25 -2.38  196.61 0.00   24.24  12.00  0.04   0.39   
1834136.94 403896.74 -6133.81 "5/11/2015" 307.00 1834136.94 403896.74 -6133.81 1.89   0.00   2.60   0.00   0.33   970.03 207.11 64.70  32.41  -0.39  -0.92  0.00   0.92   -0.39  -0.01  0.16   2.94   0.02   0.68   0.55   0.77   0.52   2.11   0.04   0.15   0.26   3.00   0.00   -999.25 -2.50  132.42 0.00   15.63  11.00  0.11   0.28   
1834554.84 403547.68 -6411.12 "5/11/2015" 309.00 1834554.84 403547.68 -6411.12 1.92   0.00   2.19   0.00   0.82   1562.69 90.27  65.72  60.37  -0.49  -0.87  -0.00  0.65   -0.37  0.66   0.23   3.09   0.02   0.64   0.76   0.85   0.72   1.84   0.03   0.20   0.17   3.00   0.00   -999.25 -2.59  94.82  0.00   11.18  11.00  0.21   0.46   
1834245.07 403849.89 -6402.65 "5/11/2015" 310.00 1834245.07 403849.89 -6402.65 4.16   0.00   4.96   0.00   0.27   1188.72 106.09 62.91  51.85  -0.40  -0.92  0.01   0.91   -0.39  0.14   0.24   3.49   0.10   0.88   0.82   0.83   0.77   3.97   0.13   0.28   0.44   3.00   0.00   -999.25 -2.23  332.14 0.00   28.95  12.00  0.04   0.13   
1834293.92 403957.56 -6413.64 "5/11/2015" 311.00 1834293.92 403957.56 -6413.64 2.39   0.00   2.94   0.00   0.53   1203.42 141.63 63.67  51.90  -0.27  -0.96  -0.00  0.96   -0.27  -0.07  0.18   3.15   0.04   0.80   0.72   0.79   0.67   2.39   0.06   0.22   0.26   3.00   0.00   -999.25 -2.36  213.90 0.00   24.88  11.00  0.04   0.29   
1834351.18 403779.72 -6362.87 "5/11/2015" 312.00 1834351.18 403779.72 -6362.87 2.99   0.00   3.54   0.00   0.36   1281.72 245.02 63.75  56.99  -0.40  -0.92  0.00   0.89   -0.39  -0.24  0.71   3.15   0.03   0.80   0.78   0.77   0.68   2.37   0.06   0.21   0.26   3.00   0.00   -999.25 -2.35  223.37 0.00   21.68  11.00  0.07   0.25   
1833526.25 404059.91 -5853.91 "5/11/2015" 313.00 1833526.25 404059.91 -5853.91 2.80   0.00   3.54   0.00   0.27   303.65 57.46  27.53  17.09  -0.77  0.63   0.05   -0.63  -0.77  0.00   0.38   3.44   0.10   0.84   0.68   0.82   0.73   3.80   0.14   0.28   0.44   3.00   0.00   -999.25 -2.96  26.62  0.00   13.84  8.00   0.03   0.33   
1834278.20 403872.22 -6426.30 "5/11/2015" 314.00 1834278.20 403872.22 -6426.30 2.29   0.00   2.95   0.00   0.47   1220.07 284.51 63.36  52.11  -0.35  -0.94  -0.00  0.93   -0.35  -0.08  0.49   3.12   0.03   0.75   0.77   0.77   0.67   2.26   0.05   0.22   0.24   3.00   0.00   -999.25 -2.59  97.15  0.00   15.81  11.00  0.07   0.26   
1834474.86 403993.61 -6397.01 "5/11/2015" 315.00 1834474.86 403993.61 -6397.01 3.36   0.00   3.95   0.00   0.56   1343.78 206.48 66.32  55.24  -0.20  -0.98  -0.00  0.87   -0.18  0.46   0.00   3.16   0.04   0.74   0.69   0.83   0.69   2.37   0.06   0.25   0.22   3.00   0.00   -999.25 -2.42  174.99 0.00   19.50  12.00  0.07   0.22   
1834425.29 403714.93 -6003.07 "5/11/2015" 316.00 1834425.29 403714.93 -6003.07 2.27   0.00   2.77   0.00   0.43   1267.96 432.47 65.83  32.31  -0.42  -0.91  -0.00  0.90   -0.41  -0.14  0.03   3.03   0.03   0.69   0.66   0.82   0.60   2.16   0.05   0.21   0.22   3.00   0.00   -999.25 -1.82  1385.78 0.00   43.06  12.00  0.05   0.45   
1834376.49 403837.55 -6424.83 "5/11/2015" 317.00 1834376.49 403837.55 -6424.83 2.76   0.00   3.33   0.00   0.68   1310.74 145.63 65.64  56.66  -0.35  -0.94  -0.00  0.93   -0.35  0.09   0.61   3.16   0.05   0.77   0.77   0.80   0.66   2.50   0.07   0.23   0.26   3.00   0.00   -999.25 -2.26  300.00 0.00   20.80  10.00  0.10   0.25   
1834265.97 403550.66 -6419.62 "5/11/2015" 318.00 1834265.97 403550.66 -6419.62 2.81   0.00   3.64   0.00   0.41   1341.62 217.14 64.04  56.07  -0.59  -0.81  0.00   0.80   -0.58  0.16   0.61   3.14   0.03   0.69   0.75   0.81   0.68   2.26   0.05   0.20   0.25   3.00   0.00   -999.25 -2.19  383.24 0.00   26.73  11.00  0.06   0.28   
1834068.77 403978.66 -6223.59 "5/11/2015" 319.00 1834068.77 403978.66 -6223.59 3.23   0.00   3.99   0.00   0.31   918.85 126.22 63.47  49.75  -0.33  -0.95  0.00   0.91   -0.31  0.28   0.42   3.35   0.05   0.86   0.81   0.91   0.82   2.76   0.06   0.19   0.34   3.00   0.00   -999.25 -2.19  388.51 0.00   28.39  11.00  0.05   0.28   
1834437.93 403901.82 -6408.52 "5/11/2015" 320.00 1834437.93 403901.82 -6408.52 3.10   0.00   3.93   0.00   0.25   1337.03 131.30 64.54  56.14  -0.28  -0.96  -0.01  0.95   -0.27  0.14   0.32   3.17   0.05   0.76   0.74   0.75   0.64   2.93   0.07   0.21   0.32   3.00   0.00   -999.25 -2.31  256.13 0.00   18.83  12.00  0.12   0.15   
1834386.78 403835.39 -6380.43 "5/11/2015" 321.00 1834386.78 403835.39 -6380.43 3.20   0.00   3.50   0.00   1.42   1300.15 89.56  65.92  54.65  -0.35  -0.94  -0.00  0.86   -0.33  0.38   0.07   3.43   0.05   0.84   0.86   0.92   0.86   2.87   0.07   0.40   0.18   3.00   0.00   -999.25 -2.30  260.22 0.00   22.27  11.00  0.07   0.30   
1834365.10 403963.42 -6415.56 "5/11/2015" 322.00 1834365.10 403963.42 -6415.56 2.42   0.00   3.10   0.00   0.36   1263.07 355.86 63.94  53.80  -0.25  -0.97  -0.00  0.97   -0.25  0.00   0.16   2.90   0.01   0.73   0.69   0.68   0.49   2.00   0.04   0.15   0.25   3.00   0.00   -999.25 -2.49  133.99 0.00   15.52  11.00  0.11   0.28   
1833526.73 404083.85 -5866.46 "5/11/2015" 323.00 1833526.73 404083.85 -5866.46 3.89   0.00   5.83   0.00   0.35   291.84 58.13  51.43  15.89  -0.88  0.47   0.06   -0.47  -0.88  -0.01  0.57   3.95   0.26   0.82   0.73   0.86   0.76   6.38   0.37   0.57   0.62   3.00   0.00   -999.25 -2.27  294.83 0.00   29.89  12.00  0.03   0.38   
1834159.27 404008.87 -6410.99 "5/11/2015" 324.00 1834159.27 404008.87 -6410.99 5.17   0.00   5.66   0.00   1.02   1079.63 63.35  52.03  48.00  -0.95  0.26   0.17   -0.26  -0.96  -0.00  0.18   3.63   0.12   0.90   0.91   0.94   0.89   3.70   0.14   0.41   0.33   3.00   0.00   -999.25 -2.50  133.32 0.00   13.76  12.00  0.16   0.32   
1834846.09 403531.96 -6225.81 "5/11/2015" 325.00 1834846.09 403531.96 -6225.81 2.20   3.00   2.86   0.00   0.31   1760.98 199.29 37.15  28.52  0.42   0.91   0.00   0.35   -0.16  0.92   0.32   2.92   0.03   0.78   0.63   0.66   0.49   2.24   0.06   0.18   0.26   3.00   0.00   -999.25 -2.11  508.65 0.00   20.94  12.00  0.17   0.23   
1834113.25 403940.53 -6402.94 "5/11/2015" 326.00 1834113.25 403940.53 -6402.94 2.55   0.00   3.46   0.00   0.30   1056.00 74.55  61.75  47.86  -0.35  -0.94  -0.00  0.94   -0.34  -0.08  0.02   3.15   0.06   0.81   0.76   0.79   0.57   3.02   0.08   0.19   0.39   3.00   0.00   -999.25 -2.59  96.59  0.00   15.66  9.00   0.08   0.20   
1834189.01 403732.07 -6394.54 "5/11/2015" 328.00 1834189.01 403732.07 -6394.54 1.99   3.00   2.41   0.00   0.60   1186.04 151.14 32.01  21.26  0.50   0.87   0.00   0.79   -0.45  0.42   0.40   2.86   0.01   0.78   0.78   0.69   0.52   1.68   0.03   0.13   0.21   3.00   0.00   -999.25 -2.30  259.18 0.00   24.59  9.00   0.05   0.58   
1834162.36 404107.61 -6401.53 "5/11/2015" 330.00 1834162.36 404107.61 -6401.53 4.34   0.00   4.95   0.00   0.74   1059.64 147.13 62.06  48.04  -0.16  -0.99  -0.00  0.98   -0.16  -0.08  0.14   3.35   0.08   0.83   0.85   0.83   0.74   3.09   0.10   0.28   0.34   3.00   0.00   -999.25 -1.91  1010.21 0.00   37.91  12.00  0.06   0.40   
1834237.93 403594.68 -6398.23 "5/11/2015" 331.00 1834237.93 403594.68 -6398.23 1.86   0.00   2.25   0.00   0.92   1288.96 318.45 65.30  54.34  -0.57  -0.82  0.00   0.76   -0.53  0.36   0.67   2.83   0.01   0.65   0.69   0.72   0.53   1.49   0.02   0.15   0.15   3.00   0.00   -999.25 -2.17  410.20 0.00   27.51  11.00  0.06   0.54   
1834306.92 403756.53 -6417.35 "5/11/2015" 332.00 1834306.92 403756.53 -6417.35 6.29   0.00   7.53   0.00   0.28   1278.75 209.99 63.66  54.25  -0.44  -0.90  0.00   0.90   -0.44  0.04   0.05   3.52   0.11   0.84   0.79   0.84   0.76   4.79   0.15   0.30   0.46   3.00   0.00   -999.25 -2.00  743.58 0.00   24.42  12.00  0.16   0.18   
1834160.05 403412.91 -6424.27 "5/11/2015" 334.00 1834160.05 403412.91 -6424.27 2.71   0.00   3.45   0.00   0.50   1349.15 506.02 64.28  56.54  -0.69  -0.73  -0.00  0.72   -0.68  0.12   0.69   2.97   0.03   0.82   0.64   0.72   0.56   2.09   0.05   0.18   0.24   3.00   0.00   -999.25 -1.92  985.41 0.00   28.18  11.00  0.13   0.40   
1834173.84 404013.17 -6427.08 "5/11/2015" 336.00 1834173.84 404013.17 -6427.08 4.83   0.00   6.05   0.00   2.94   1099.31 63.42  48.29  43.50  -0.96  0.23   0.18   0.18   -0.02  0.98   0.48   3.92   0.12   0.78   0.95   0.96   0.94   5.97   0.16   0.75   0.23   3.00   0.00   -999.25 -2.24  322.19 0.00   18.31  12.00  0.16   0.62   
1834385.53 404029.82 -5955.00 "5/11/2015" 337.00 1834385.53 404029.82 -5955.00 1.78   0.00   2.23   0.00   0.81   1126.22 101.54 75.81  30.51  -0.20  -0.98  0.00   0.98   -0.20  -0.07  0.28   2.60   0.00   0.67   0.63   0.48   0.30   1.51   0.02   0.15   0.15   3.00   0.00   -999.25 -1.87  1170.80 0.00   39.35  11.00  0.06   0.62   
1834276.20 403805.51 -6428.84 "5/11/2015" 341.00 1834276.20 403805.51 -6428.84 1.68   3.00   2.21   0.00   0.60   1241.77 36.55  31.24  23.22  0.41   0.91   -0.00  0.83   -0.37  -0.41  0.11   2.72   0.01   0.78   0.56   0.67   0.40   1.61   0.03   0.16   0.17   3.00   0.00   -999.25 -2.23  328.78 0.00   19.41  11.00  0.14   0.59   
1834753.46 403874.41 -5856.01 "5/11/2015" 342.00 1834753.46 403874.41 -5856.01 1.73   3.00   2.25   0.00   0.92   1511.54 168.62 28.38  15.58  0.25   0.97   -0.00  0.97   -0.25  0.02   0.62   3.04   0.02   0.75   0.75   0.79   0.66   1.90   0.04   0.23   0.15   3.00   0.00   -999.25 -1.77  1623.33 0.01   41.71  12.00  0.07   0.41   
1833548.78 404021.30 -5840.39 "5/11/2015" 343.00 1833548.78 404021.30 -5840.39 1.65   0.00   2.25   0.00   0.33   344.18 55.45  53.95  17.47  -1.00  -0.09  0.03   0.09   -0.99  -0.04  0.82   3.02   0.03   0.68   0.59   0.72   0.54   2.67   0.06   0.17   0.31   3.00   0.00   -999.25 -2.79  48.78  0.00   20.38  12.00  0.02   0.37   
1833640.38 403941.54 -5506.15 "5/11/2015" 344.00 1833640.38 403941.54 -5506.15 2.53   3.00   3.45   0.00   0.33   559.81 34.74  29.83  10.89  0.65   0.76   0.00   0.74   -0.64  0.21   0.96   3.44   0.11   0.82   0.83   0.85   0.69   4.18   0.15   0.30   0.45   3.00   0.00   -999.25 -2.85  39.48  0.00   14.59  10.00  0.04   0.23   
1834162.78 403426.65 -6221.98 "5/11/2015" 345.00 1834162.78 403426.65 -6221.98 1.70   0.00   2.11   0.00   0.31   1264.08 129.87 112.95 83.53  -0.63  0.63   -0.46  -0.70  -0.72  -0.02  0.95   2.88   0.02   0.80   0.72   0.67   0.53   1.82   0.03   0.15   0.21   3.00   0.00   -999.25 -2.36  209.48 0.00   20.00  12.00  0.08   0.23   
1834321.09 403586.73 -6387.86 "5/11/2015" 346.00 1834321.09 403586.73 -6387.86 3.87   0.00   4.23   0.00   0.50   1350.82 128.01 67.93  56.16  -0.53  -0.85  -0.00  0.75   -0.47  0.48   0.82   3.42   0.07   0.89   0.84   0.89   0.81   3.07   0.09   0.28   0.33   3.00   0.00   -999.25 -2.37  204.62 0.00   16.94  12.00  0.13   0.28   
1833573.69 404060.90 -5866.42 "5/11/2015" 347.00 1833573.69 404060.90 -5866.42 2.65   0.00   3.39   0.00   0.41   343.05 58.78  16.65  15.85  -0.83  0.55   0.06   0.06   -0.01  1.00   0.80   3.48   0.14   0.78   0.64   0.86   0.67   4.37   0.17   0.35   0.46   3.00   0.00   -999.25 -2.59  96.49  0.00   27.67  12.00  0.01   0.39   
1834175.93 403230.93 -6164.66 "5/11/2015" 348.00 1834175.93 403230.93 -6164.66 9.46   0.00   11.54  0.00   1.24   1391.73 65.99  38.33  13.87  -0.65  0.76   -0.05  -0.76  -0.65  -0.00  0.43   4.14   0.20   0.83   0.97   0.91   0.91   23.13  0.25   0.97   0.26   3.00   0.00   -999.25 -1.55  3526.12 0.01   20.99  12.00  1.16   0.20   
1834202.37 403909.99 -6408.88 "5/11/2015" 349.00 1834202.37 403909.99 -6408.88 7.31   0.00   7.83   0.00   0.78   1138.68 63.43  63.06  49.93  -0.27  0.96   0.06   0.96   0.27   -0.10  0.85   3.97   0.23   0.90   0.94   0.94   0.92   5.66   0.27   0.64   0.41   3.00   0.00   -999.25 -2.09  546.22 0.00   26.02  12.00  0.09   0.29   
