# Petrel Points with attributes
# Unit in X and Y direction: ftUS
# Unit in depth: ft
VERSION 1
BEGIN HEADER
X
Y
Z
DATE,Time
DOUBLE,Event ID
DOUBLE,X(easting)
DOUBLE,Y(northing)
DOUBLE,Z(elevation)
DOUBLE,Detection SNR
DOUBLE,Event type
DOUBLE,Location SNR
DOUBLE,NOISE_LEVEL_ACC
DOUBLE,PSH_AMPL_RATIO
DOUBLE,QC Distance
DOUBLE,QC_EIGVAL_MAX
DOUBLE,QC_EIGVAL_MID
DOUBLE,QC_EIGVAL_MIN
DOUBLE,QC_EIGVEC_MAX_E
DOUBLE,QC_EIGVEC_MAX_N
DOUBLE,QC_EIGVEC_MAX_U
DOUBLE,QC_EIGVEC_MID_E
DOUBLE,QC_EIGVEC_MID_N
DOUBLE,QC_EIGVEC_MID_U
DOUBLE,QC_LOC_T0
DOUBLE,QI_CONFIDENCE
DOUBLE,QI_DATA_LOCATION
DOUBLE,QI_ORTHOGONALITY
DOUBLE,QI_POLARIZATION_AZM
DOUBLE,QI_POLARIZATION_INC
DOUBLE,QI_POLARIZATION_RESIDUAL
DOUBLE,QI_SNR
DOUBLE,QI_TRACEDATA
DOUBLE,QI_TRACEDATA_P
DOUBLE,QI_TRACEDATA_S
DOUBLE,SP_COMPONENTS_USED
DOUBLE,SP_ENERGY
DOUBLE,SP_LOCAL_MAGNITUDE
DOUBLE,SP_MAGNITUDE
DOUBLE,SP_MOMENT
DOUBLE,SP_POTENCY
DOUBLE,SP_RADIUS
DOUBLE,SP_RECEIVERS_USED
DOUBLE,SP_STRESS_DROP
DOUBLE,SVSH_AMPL_RATIO
END HEADER
1832264.37 406717.80 -6167.62 "31/10/2015" 1.00   1832264.37 406717.80 -6167.62 3.69   0.00   3.73   0.00   3.08   2713.53 250.59 171.18 70.08  -0.14  0.32   0.94   0.92   0.39   0.01   0.12   3.43   0.07   0.77   0.94   0.91   0.89   3.39   0.09   0.50   0.18   3.00   0.00   -999.25 -1.87  1144.68 0.00   20.18  10.00  0.42   0.86   
1831818.21 406660.34 -6045.86 "31/10/2015" 2.00   1831818.21 406660.34 -6045.86 2.12   3.00   2.40   0.00   0.81   2836.42 149.18 48.40  6.50   0.85   0.52   0.00   -0.52  0.85   -0.03  0.24   2.59   0.02   0.77   0.85   0.85   0.78   1.94   0.04   0.22   0.17   3.00   0.00   -999.25 -1.91  1019.47 0.00   17.30  7.00   0.60   0.36   
1832310.98 406819.02 -6105.89 "31/10/2015" 3.00   1832310.98 406819.02 -6105.89 4.16   0.00   4.31   0.00   0.72   2780.09 221.86 182.37 71.43  0.93   0.36   0.01   -0.13  0.31   0.94   0.92   3.38   0.06   0.80   0.90   0.91   0.84   2.77   0.08   0.32   0.23   3.00   0.00   -999.25 -2.08  560.88 0.00   11.13  9.00   1.24   0.17   
1832355.52 406884.58 -6294.53 "31/10/2015" 4.00   1832355.52 406884.58 -6294.53 2.00   0.00   2.24   0.00   1.20   2857.87 325.38 146.90 97.44  -0.09  0.25   0.96   0.94   0.33   -0.00  0.98   3.17   0.02   0.75   0.89   0.87   0.82   1.79   0.03   0.21   0.15   3.00   0.00   -999.25 -1.97  827.46 0.00   17.26  6.00   0.49   0.53   
1832209.41 406696.88 -6437.42 "31/10/2015" 6.00   1832209.41 406696.88 -6437.42 4.98   3.00   5.15   0.00   0.81   2773.31 69.75  60.55  32.49  -0.27  0.62   0.74   0.92   0.40   0.00   0.55   2.51   0.00   0.95   0.98   0.93   0.93   3.87   0.14   0.47   0.28   3.00   0.00   -999.25 -1.85  1253.50 0.00   18.99  11.00  0.56   0.21   
1832180.44 406848.58 -5948.98 "31/10/2015" 7.00   1832180.44 406848.58 -5948.98 2.73   3.00   3.03   0.00   0.78   2832.12 153.28 63.75  6.14   0.92   0.39   0.00   -0.39  0.92   -0.01  0.50   2.51   0.02   0.81   0.87   0.82   0.76   2.05   0.04   0.25   0.16   3.00   0.00   -999.25 -2.11  505.20 0.00   7.55   7.00   3.57   0.24   
1832352.40 407037.79 -6277.62 "31/10/2015" 8.00   1832352.40 407037.79 -6277.62 2.23   3.00   2.29   0.00   2.08   2997.70 117.77 38.16  4.13   0.95   0.32   0.00   -0.32  0.95   0.02   0.89   3.12   0.02   0.78   0.90   0.91   0.86   2.04   0.04   0.29   0.12   3.00   0.00   -999.25 -2.07  578.41 0.00   11.36  9.00   1.20   0.57   
1832466.42 406982.91 -5948.51 "31/10/2015" 12.00  1832466.42 406982.91 -5948.51 2.65   3.00   2.82   0.00   0.82   2861.12 98.96  57.65  3.68   0.96   0.29   0.00   -0.29  0.96   -0.00  0.74   2.26   0.01   0.86   0.90   0.81   0.77   2.26   0.05   0.29   0.17   3.00   0.00   -999.25 -2.04  643.39 0.00   9.29   8.00   2.44   0.32   
1832471.71 407225.54 -6198.29 "31/10/2015" 14.00  1832471.71 407225.54 -6198.29 2.17   0.00   2.45   0.00   1.69   3127.01 370.24 297.15 108.36 -0.13  0.47   0.87   0.96   0.26   0.00   0.34   3.02   0.02   0.71   0.92   0.89   0.86   1.98   0.03   0.28   0.12   3.00   0.00   -999.25 -1.87  1163.07 0.00   10.79  10.00  2.81   0.67   
1832272.89 406558.97 -6064.68 "31/10/2015" 15.00  1832272.89 406558.97 -6064.68 1.95   3.00   2.27   0.00   0.36   2538.59 174.08 97.49  50.79  0.92   0.40   0.00   -0.39  0.90   -0.20  0.85   2.39   0.01   0.66   0.65   0.74   0.53   1.76   0.03   0.17   0.18   3.00   0.00   -999.25 -2.05  619.87 0.00   15.31  8.00   0.53   0.20   
1832178.36 406602.78 -5751.38 "31/10/2015" 16.00  1832178.36 406602.78 -5751.38 3.25   3.00   3.49   0.00   0.62   2606.46 136.15 129.45 12.43  -0.43  0.90   0.03   0.90   0.43   -0.00  0.10   2.50   0.04   0.94   0.95   0.83   0.81   4.13   0.17   0.46   0.35   3.00   0.00   -999.25 -1.87  1172.14 0.00   16.60  8.00   0.78   0.11   
1832384.25 406815.06 -6055.58 "31/10/2015" 18.00  1832384.25 406815.06 -6055.58 1.92   3.00   2.15   0.00   1.62   2744.84 185.65 50.68  33.11  0.94   0.33   -0.00  0.13   -0.38  0.92   0.04   3.17   0.02   0.78   0.86   0.90   0.81   1.88   0.03   0.22   0.15   3.00   0.00   -999.25 -2.02  692.25 0.00   10.41  6.00   1.86   0.73   
1832130.93 406790.87 -6200.52 "31/10/2015" 19.00  1832130.93 406790.87 -6200.52 11.31  3.00   11.36  0.00   0.20   2837.55 119.69 86.54  72.20  -0.41  0.91   -0.06  0.91   0.41   0.00   0.54   2.81   0.03   0.96   0.98   0.88   0.87   15.32  0.47   0.84   0.55   3.00   0.00   -999.25 -1.49  4336.56 0.01   15.66  11.00  3.43   0.04   
1832084.85 406869.53 -6277.28 "31/10/2015" 20.00  1832084.85 406869.53 -6277.28 5.05   0.00   5.00   0.00   1.19   2940.59 386.51 106.07 85.18  -0.18  0.39   0.90   0.38   -0.82  0.43   0.74   3.60   0.10   0.92   0.97   0.91   0.90   3.83   0.12   0.53   0.23   3.00   0.00   -999.25 -1.82  1376.64 0.01   18.19  11.00  0.69   0.22   
1832035.87 406460.95 -5798.98 "31/10/2015" 22.00  1832035.87 406460.95 -5798.98 2.76   3.00   3.20   0.00   0.31   2545.14 215.75 50.74  43.27  0.87   0.49   -0.00  -0.48  0.85   -0.21  0.60   2.69   0.03   0.82   0.84   0.93   0.80   3.03   0.08   0.20   0.39   3.00   0.00   -999.25 -2.01  706.28 0.00   11.64  7.00   1.36   0.13   
1832655.50 406785.94 -5913.74 "31/10/2015" 23.00  1832655.50 406785.94 -5913.74 2.63   0.00   3.03   0.00   0.34   2625.38 242.38 197.97 101.26 -0.97  -0.23  0.00   0.23   -0.97  -0.04  0.32   3.00   0.03   0.79   0.70   0.66   0.50   2.51   0.06   0.19   0.30   3.00   0.00   -999.25 -1.94  917.09 0.00   14.03  5.00   1.01   0.15   
1832101.58 406648.76 -5892.35 "31/10/2015" 24.00  1832101.58 406648.76 -5892.35 4.34   0.00   4.71   0.00   1.37   2686.05 108.02 106.42 64.36  -0.01  -0.83  0.56   0.96   0.15   0.23   0.59   3.57   0.10   0.89   0.95   0.89   0.86   4.18   0.12   0.51   0.22   3.00   0.00   -999.25 -1.96  848.98 0.00   15.20  10.00  0.73   0.27   
1832030.02 406314.98 -5776.79 "31/10/2015" 26.00  1832030.02 406314.98 -5776.79 5.48   0.00   6.11   0.00   0.32   2422.82 84.70  83.11  50.23  -0.94  -0.33  -0.08  0.29   -0.91  0.31   0.28   3.61   0.10   0.92   0.94   0.85   0.83   4.27   0.14   0.46   0.33   3.00   0.00   -999.25 -1.65  2451.01 0.01   25.02  10.00  0.48   0.09   
1832357.47 406697.02 -5811.85 "31/10/2015" 27.00  1832357.47 406697.02 -5811.85 6.28   0.00   6.67   0.00   0.43   2624.02 104.19 77.16  66.95  -0.93  -0.36  0.02   0.21   -0.51  0.83   0.58   3.79   0.15   0.94   0.95   0.91   0.89   4.97   0.17   0.64   0.27   3.00   0.00   -999.25 -1.78  1576.22 0.00   16.33  11.00  1.10   0.11   
1832770.75 406848.20 -5693.45 "31/10/2015" 29.00  1832770.75 406848.20 -5693.45 1.83   0.00   2.47   0.00   0.50   2653.75 252.05 176.54 95.94  -0.98  -0.20  0.00   0.18   -0.92  0.36   0.23   2.85   0.02   0.68   0.60   0.71   0.47   1.95   0.04   0.18   0.21   3.00   0.00   -999.25 -2.03  667.91 0.00   13.17  7.00   0.89   0.38   
1832244.21 406649.61 -5782.92 "31/10/2015" 30.00  1832244.21 406649.61 -5782.92 2.36   3.00   2.48   0.00   0.27   2621.35 265.79 59.73  54.75  0.92   0.40   0.00   0.24   -0.54  0.81   0.51   2.15   0.01   0.72   0.66   0.67   0.50   2.57   0.06   0.18   0.32   3.00   0.00   -999.25 -1.81  1403.12 0.00   22.98  11.00  0.35   0.17   
1831953.11 406582.04 -5902.04 "31/10/2015" 31.00  1831953.11 406582.04 -5902.04 2.54   3.00   2.60   0.00   0.65   2692.56 205.66 40.08  16.81  0.87   0.50   0.00   -0.49  0.86   -0.09  0.63   2.90   0.02   0.83   0.85   0.90   0.80   2.11   0.04   0.21   0.22   3.00   0.00   -999.25 -1.94  923.84 0.00   19.25  6.00   0.39   0.28   
1831768.43 406380.42 -6055.36 "31/10/2015" 33.00  1831768.43 406380.42 -6055.36 1.99   3.00   2.47   0.00   0.34   2631.55 286.82 56.53  42.97  0.81   0.58   0.00   0.38   -0.54  0.75   0.18   2.47   0.02   0.65   0.63   0.85   0.61   2.18   0.05   0.19   0.25   3.00   0.00   -999.25 -2.19  380.38 0.00   6.93   5.00   3.47   0.24   
1832331.17 406638.99 -5767.98 "31/10/2015" 34.00  1832331.17 406638.99 -5767.98 3.38   0.00   4.06   0.00   2.06   2578.31 71.97  65.81  48.03  -0.41  0.90   -0.13  -0.91  -0.42  0.00   0.10   3.58   0.06   0.74   0.96   0.85   0.84   3.69   0.09   0.57   0.17   3.00   0.00   -999.25 -1.37  6567.52 0.02   46.35  11.00  0.20   0.73   
1832141.51 406683.98 -6014.95 "31/10/2015" 36.00  1832141.51 406683.98 -6014.95 2.39   3.00   2.51   0.00   0.33   2701.96 329.59 77.80  56.51  0.90   0.43   0.00   -0.39  0.82   -0.41  0.20   2.30   0.02   0.74   0.73   0.80   0.63   3.07   0.08   0.16   0.46   3.00   0.00   -999.25 -1.93  941.02 0.00   16.39  5.00   0.65   0.00   
1832057.31 406607.89 -5839.33 "31/10/2015" 38.00  1832057.31 406607.89 -5839.33 2.47   0.00   2.84   0.00   0.76   2666.73 219.08 106.60 48.34  -0.89  -0.46  0.00   0.42   -0.81  0.41   0.48   3.19   0.04   0.82   0.88   0.86   0.78   2.26   0.06   0.24   0.21   3.00   0.00   -999.25 -1.93  955.61 0.00   16.71  8.00   0.62   0.30   
1832592.23 406932.90 -5781.39 "31/10/2015" 39.00  1832592.23 406932.90 -5781.39 5.40   0.00   5.91   0.00   0.23   2776.81 139.95 75.62  58.27  -0.96  -0.26  -0.01  0.26   -0.96  -0.09  0.81   3.62   0.10   0.92   0.96   0.91   0.89   4.74   0.13   0.44   0.30   3.00   0.00   -999.25 -1.43  5338.41 0.02   33.83  11.00  0.42   0.10   
1832605.52 406560.56 -5926.81 "31/10/2015" 40.00  1832605.52 406560.56 -5926.81 15.56  0.00   17.90  0.00   0.15   2422.68 62.57  57.01  42.22  0.91   0.41   -0.09  0.37   -0.69  0.63   0.05   4.12   0.31   0.93   0.98   0.89   0.89   12.39  0.36   0.75   0.48   3.00   0.01   -999.25 -1.48  4528.25 0.02   12.29  11.00  7.41   0.07   
1832291.11 406831.19 -6114.26 "31/10/2015" 41.00  1832291.11 406831.19 -6114.26 1.95   0.00   2.29   0.00   1.01   2799.56 402.41 126.90 87.58  -0.93  -0.36  0.00   -0.20  0.52   0.83   0.82   3.05   0.02   0.81   0.76   0.84   0.68   1.82   0.03   0.22   0.15   3.00   0.00   -999.25 -1.91  1024.23 0.00   16.69  6.00   0.67   0.48   
1831748.44 406726.64 -6101.08 "31/10/2015" 43.00  1831748.44 406726.64 -6101.08 4.06   0.00   4.34   0.00   2.09   2945.29 168.39 127.18 105.25 -0.19  0.31   0.93   0.49   -0.79  0.37   0.42   3.38   0.05   0.90   0.96   0.89   0.88   2.55   0.06   0.34   0.17   3.00   0.00   -999.25 -1.82  1355.22 0.00   17.15  11.00  0.82   0.44   
1831882.04 406706.11 -5784.53 "31/10/2015" 44.00  1831882.04 406706.11 -5784.53 2.75   0.00   3.13   0.00   1.81   2835.01 124.60 82.65  51.23  -0.87  -0.49  -0.00  0.49   -0.87  0.10   0.75   3.36   0.04   0.73   0.95   0.85   0.82   2.78   0.06   0.40   0.16   3.00   0.00   -999.25 -1.84  1282.05 0.00   19.64  10.00  0.51   0.52   
1831932.30 406647.57 -5777.23 "31/10/2015" 46.00  1831932.30 406647.57 -5777.23 3.82   0.00   4.15   0.00   1.51   2759.14 100.56 53.49  48.49  -0.87  -0.49  0.01   0.48   -0.84  0.23   0.07   3.49   0.05   0.79   0.93   0.86   0.82   3.36   0.08   0.48   0.19   3.00   0.00   -999.25 -1.86  1195.75 0.00   16.41  11.00  0.82   0.43   
1832158.32 406412.22 -5850.67 "31/10/2015" 47.00  1832158.32 406412.22 -5850.67 2.84   0.00   3.13   0.00   0.53   2447.38 304.98 219.14 97.23  -0.89  -0.47  0.00   0.36   -0.67  0.65   0.62   3.12   0.03   0.86   0.78   0.77   0.66   2.30   0.05   0.27   0.19   3.00   0.00   -999.25 -2.05  623.54 0.00   14.86  7.00   0.58   0.33   
1832058.33 406324.67 -5774.65 "31/10/2015" 48.00  1832058.33 406324.67 -5774.65 2.67   3.00   3.15   0.00   0.33   2416.25 233.71 42.72  39.91  0.86   0.51   0.00   0.33   -0.55  0.76   0.96   2.75   0.03   0.78   0.79   0.76   0.65   2.89   0.08   0.22   0.36   3.00   0.00   -999.25 -1.83  1316.09 0.00   22.90  9.00   0.33   0.18   
1832250.87 406853.42 -5551.32 "31/10/2015" 51.00  1832250.87 406853.42 -5551.32 6.18   3.00   7.33   0.00   0.13   2811.69 180.10 85.86  73.49  0.93   0.37   0.00   -0.37  0.92   0.13   0.09   3.10   0.12   0.94   0.94   0.91   0.89   10.04  0.26   0.48   0.53   3.00   0.00   -999.25 -1.66  2384.59 0.01   17.27  10.00  1.41   0.05   
1832595.74 406477.20 -5797.62 "31/10/2015" 53.00  1832595.74 406477.20 -5797.62 1.90   3.00   2.43   0.00   0.57   2338.07 103.30 39.54  3.62   0.96   0.30   0.00   -0.30  0.95   -0.01  0.20   2.27   0.01   0.72   0.75   0.69   0.55   1.84   0.03   0.16   0.20   3.00   0.00   -999.25 -2.12  493.15 0.00   14.02  5.00   0.54   0.32   
1832022.11 406891.63 -6510.88 "31/10/2015" 54.00  1832022.11 406891.63 -6510.88 3.91   3.00   4.25   0.00   2.58   3014.27 8.25   8.07   0.33   0.90   0.43   0.00   -0.43  0.90   -0.00  0.78   3.06   0.05   0.91   0.96   0.94   0.92   4.39   0.10   0.69   0.16   3.00   0.00   -999.25 -1.60  2957.46 0.01   20.73  11.00  1.01   0.50   
1831804.68 406466.50 -5784.31 "31/10/2015" 57.00  1831804.68 406466.50 -5784.31 3.21   3.00   3.39   0.00   0.57   2671.92 119.24 72.67  66.03  0.83   0.56   0.00   0.26   -0.39  0.88   0.99   2.58   0.04   0.94   0.94   0.83   0.81   3.58   0.12   0.35   0.36   3.00   0.00   -999.25 -1.75  1744.42 0.01   21.79  11.00  0.51   0.20   
1831962.40 406397.11 -5767.45 "31/10/2015" 60.00  1831962.40 406397.11 -5767.45 3.22   3.00   3.64   0.00   0.19   2527.97 269.40 57.98  53.28  0.85   0.52   -0.00  0.26   -0.42  0.87   0.03   2.56   0.03   0.83   0.82   0.79   0.69   4.20   0.10   0.20   0.51   3.00   0.00   -999.25 -1.81  1401.75 0.00   18.41  9.00   0.68   0.12   
1832151.99 406555.42 -5749.00 "31/10/2015" 63.00  1832151.99 406555.42 -5749.00 2.49   3.00   3.05   0.00   0.30   2574.56 198.44 81.72  8.78   0.90   0.44   0.00   -0.44  0.90   0.06   0.54   2.68   0.05   0.88   0.87   0.77   0.71   3.14   0.09   0.24   0.36   3.00   0.00   -999.25 -2.09  547.09 0.00   10.02  8.00   1.65   0.13   
1832205.11 406574.47 -5952.79 "31/10/2015" 64.00  1832205.11 406574.47 -5952.79 3.47   0.00   4.26   0.00   0.84   2579.33 171.33 108.24 55.56  -0.91  -0.42  0.00   0.17   -0.37  0.91   0.02   3.40   0.09   0.82   0.94   0.92   0.88   3.34   0.11   0.42   0.25   3.00   0.00   -999.25 -1.87  1151.49 0.00   22.23  9.00   0.32   0.20   
1832155.82 406327.17 -5786.22 "31/10/2015" 66.00  1832155.82 406327.17 -5786.22 2.81   0.00   3.36   0.00   0.42   2370.88 176.26 74.43  48.90  -0.88  -0.48  -0.00  0.45   -0.83  0.32   0.50   3.15   0.03   0.75   0.83   0.83   0.75   2.07   0.04   0.19   0.22   3.00   0.00   -999.25 -1.96  840.97 0.00   16.68  5.00   0.55   0.20   
1831908.12 406737.90 -6511.84 "31/10/2015" 72.00  1831908.12 406737.90 -6511.84 3.42   3.00   3.69   0.00   2.14   2932.40 9.38   9.25   0.37   0.87   0.48   0.00   -0.48  0.87   -0.00  0.05   2.74   0.03   0.85   0.94   0.93   0.90   3.04   0.08   0.44   0.17   3.00   0.00   -999.25 -1.31  8105.99 0.01   42.38  11.00  0.32   0.45   
1831981.31 406774.75 -6509.92 "31/10/2015" 73.00  1831981.31 406774.75 -6509.92 7.22   3.00   7.36   0.00   1.96   2929.96 9.07   8.98   0.36   0.89   0.46   0.00   -0.46  0.89   -0.00  0.16   3.43   0.12   0.91   0.98   0.95   0.94   8.94   0.21   0.89   0.23   3.00   0.00   -999.25 -1.29  8599.90 0.02   26.00  11.00  1.49   0.35   
1833011.16 407109.97 -6355.39 "31/10/2015" 75.00  1833011.16 407109.97 -6355.39 2.55   3.00   2.32   0.00   1.49   2927.54 184.50 88.88  57.87  1.00   0.10   -0.00  -0.06  0.67   0.74   0.55   2.69   0.03   0.87   0.93   0.85   0.83   2.31   0.05   0.32   0.15   3.00   0.00   -999.25 -2.15  439.55 0.00   9.71   7.00   1.46   0.30   
1831933.54 406461.98 -5765.97 "31/10/2015" 77.00  1831933.54 406461.98 -5765.97 2.45   3.00   2.92   0.00   0.52   2598.37 249.98 61.26  56.03  0.85   0.52   0.00   0.27   -0.44  0.86   0.07   2.67   0.03   0.80   0.77   0.80   0.67   2.69   0.07   0.26   0.28   3.00   0.00   -999.25 -1.74  1830.96 0.01   29.69  9.00   0.21   0.20   
1832477.25 406738.81 -6382.98 "31/10/2015" 78.00  1832477.25 406738.81 -6382.98 3.02   3.00   3.11   0.00   0.72   2704.96 291.73 132.94 109.27 0.95   0.31   0.00   -0.25  0.77   0.59   0.42   2.28   0.03   0.87   0.89   0.81   0.77   3.34   0.11   0.31   0.36   3.00   0.00   -999.25 -1.91  1018.01 0.00   25.04  10.00  0.20   0.13   
1832132.83 406865.89 -6406.01 "31/10/2015" 79.00  1832132.83 406865.89 -6406.01 2.08   3.00   2.29   0.00   1.23   2945.40 197.77 64.49  39.55  0.92   0.40   -0.00  -0.29  0.66   0.69   0.69   2.88   0.02   0.70   0.87   0.86   0.77   2.05   0.04   0.25   0.16   3.00   0.00   -999.25 -2.19  377.76 0.00   6.91   4.00   3.48   0.45   
1833037.54 407041.06 -6064.79 "31/10/2015" 82.00  1833037.54 407041.06 -6064.79 5.00   3.00   5.25   0.00   0.71   2817.55 86.67  33.59  3.27   1.00   0.09   0.00   -0.09  1.00   0.01   0.14   3.38   0.12   0.91   0.95   0.89   0.88   4.50   0.19   0.60   0.30   3.00   0.00   -999.25 -1.88  1114.32 0.00   15.68  11.00  0.88   0.21   
1832427.77 406533.24 -5790.14 "31/10/2015" 87.00  1832427.77 406533.24 -5790.14 2.36   0.00   2.66   0.00   0.57   2445.35 343.52 98.20  50.74  -0.94  -0.35  -0.00  0.33   -0.88  0.35   0.50   3.05   0.03   0.82   0.76   0.72   0.64   2.08   0.05   0.22   0.20   3.00   0.00   -999.25 -2.14  450.61 0.00   9.76   5.00   1.47   0.29   
1832552.88 406640.80 -5497.58 "31/10/2015" 89.00  1832552.88 406640.80 -5497.58 3.88   0.00   4.67   0.00   1.06   2515.35 192.63 67.38  54.15  -0.96  -0.29  0.00   0.29   -0.96  0.01   0.37   3.46   0.08   0.88   0.90   0.90   0.85   3.25   0.09   0.39   0.23   3.00   0.00   -999.25 -2.15  446.69 0.00   10.17  8.00   1.29   0.20   
1832847.49 406627.07 -5538.64 "31/10/2015" 94.00  1832847.49 406627.07 -5538.64 2.77   0.00   3.28   0.00   0.36   2428.63 267.28 109.70 65.33  -0.98  -0.18  0.00   -0.15  0.82   -0.55  0.52   3.29   0.05   0.90   0.91   0.82   0.78   2.69   0.06   0.23   0.28   3.00   0.00   -999.25 -2.24  326.81 0.00   8.89   5.00   1.41   0.12   
1832566.98 406741.01 -5542.04 "31/10/2015" 97.00  1832566.98 406741.01 -5542.04 3.80   3.00   4.28   0.00   0.14   2603.64 267.86 82.71  73.10  0.96   0.28   -0.00  -0.28  0.95   0.14   0.97   2.53   0.04   0.87   0.86   0.90   0.81   5.45   0.14   0.26   0.54   3.00   0.00   -999.25 -2.00  751.69 0.00   11.03  11.00  1.70   0.05   
1832160.20 406494.63 -6054.70 "31/10/2015" 98.00  1832160.20 406494.63 -6054.70 2.40   3.00   2.67   0.00   0.52   2527.39 157.47 93.82  61.15  0.89   0.45   -0.00  0.14   -0.28  0.95   0.82   2.16   0.01   0.76   0.76   0.81   0.65   1.98   0.04   0.18   0.21   3.00   0.00   -999.25 -2.17  414.10 0.00   7.98   3.00   2.48   0.21   
1832416.22 406308.26 -5783.84 "31/10/2015" 104.00 1832416.22 406308.26 -5783.84 4.93   3.00   5.09   0.00   0.26   2239.86 113.38 69.28  58.06  0.92   0.39   0.00   -0.37  0.87   -0.32  0.29   2.36   0.03   0.95   0.95   0.83   0.82   3.31   0.10   0.33   0.33   3.00   0.00   -999.25 -1.76  1706.79 0.01   20.68  11.00  0.59   0.08   
1832395.66 406530.95 -5478.76 "31/10/2015" 109.00 1832395.66 406530.95 -5478.76 2.08   0.00   2.69   0.00   0.37   2465.28 391.89 108.32 82.07  -0.93  -0.36  0.00   -0.29  0.74   -0.60  0.46   3.14   0.03   0.67   0.77   0.83   0.70   2.23   0.05   0.18   0.26   3.00   0.00   -999.25 -2.21  357.19 0.00   8.33   8.00   1.87   0.21   
1832489.56 406758.24 -5943.26 "31/10/2015" 111.00 1832489.56 406758.24 -5943.26 10.25  0.00   11.36  0.00   0.42   2646.27 82.54  73.53  45.50  -0.25  0.76   -0.60  0.95   0.30   -0.01  0.75   4.09   0.29   0.80   0.98   0.86   0.86   7.45   0.35   0.83   0.40   3.00   0.00   -999.25 -1.62  2765.62 0.01   16.62  11.00  1.83   0.14   
1832506.39 406488.89 -5598.57 "31/10/2015" 113.00 1832506.39 406488.89 -5598.57 1.82   3.00   2.26   0.00   0.42   2378.79 269.51 77.17  42.29  0.94   0.33   0.00   -0.33  0.94   0.05   0.15   2.32   0.01   0.82   0.83   0.78   0.70   2.00   0.04   0.16   0.24   3.00   0.00   -999.25 -2.16  419.65 0.00   13.28  7.00   0.54   0.22   
1832973.97 406968.22 -5538.81 "31/10/2015" 115.00 1832973.97 406968.22 -5538.81 2.04   3.00   2.42   0.00   0.50   2754.94 278.07 77.96  67.96  0.99   0.11   -0.00  -0.11  0.98   0.14   0.94   2.33   0.02   0.85   0.89   0.88   0.82   2.36   0.06   0.22   0.26   3.00   0.00   -999.25 -2.25  310.66 0.00   3.87   8.00   16.30  0.18   
1832325.15 406482.49 -5824.02 "31/10/2015" 118.00 1832325.15 406482.49 -5824.02 2.27   3.00   2.80   0.00   0.35   2435.60 176.96 92.98  74.33  0.92   0.40   0.00   -0.40  0.92   -0.07  0.22   2.05   0.02   0.87   0.84   0.72   0.67   2.75   0.07   0.20   0.34   3.00   0.00   -999.25 -2.08  569.74 0.00   14.65  7.00   0.55   0.14   
