# Petrel Points with attributes
# Unit in X and Y direction: ftUS
# Unit in depth: ft
VERSION 1
BEGIN HEADER
X
Y
Z
DATE,Time
DOUBLE,Event ID
DOUBLE,X(easting)
DOUBLE,Y(northing)
DOUBLE,Z(elevation)
DOUBLE,Detection SNR
DOUBLE,Event type
DOUBLE,Location SNR
DOUBLE,NOISE_LEVEL_ACC
DOUBLE,PSH_AMPL_RATIO
DOUBLE,QC Distance
DOUBLE,QC_EIGVAL_MAX
DOUBLE,QC_EIGVAL_MID
DOUBLE,QC_EIGVAL_MIN
DOUBLE,QC_EIGVEC_MAX_E
DOUBLE,QC_EIGVEC_MAX_N
DOUBLE,QC_EIGVEC_MAX_U
DOUBLE,QC_EIGVEC_MID_E
DOUBLE,QC_EIGVEC_MID_N
DOUBLE,QC_EIGVEC_MID_U
DOUBLE,QC_LOC_T0
DOUBLE,QI_CONFIDENCE
DOUBLE,QI_DATA_LOCATION
DOUBLE,QI_ORTHOGONALITY
DOUBLE,QI_POLARIZATION_AZM
DOUBLE,QI_POLARIZATION_INC
DOUBLE,QI_POLARIZATION_RESIDUAL
DOUBLE,QI_SNR
DOUBLE,QI_TRACEDATA
DOUBLE,QI_TRACEDATA_P
DOUBLE,QI_TRACEDATA_S
DOUBLE,SP_COMPONENTS_USED
DOUBLE,SP_ENERGY
DOUBLE,SP_LOCAL_MAGNITUDE
DOUBLE,SP_MAGNITUDE
DOUBLE,SP_MOMENT
DOUBLE,SP_POTENCY
DOUBLE,SP_RADIUS
DOUBLE,SP_RECEIVERS_USED
DOUBLE,SP_STRESS_DROP
DOUBLE,SVSH_AMPL_RATIO
END HEADER
1831504.34 407681.70 -6052.85 "29/10/2015" 2.00   1831504.34 407681.70 -6052.85 3.11   3.00   3.22   0.00   1.29   3878.92 175.97 38.32  31.96  0.89   0.46   0.00   0.32   -0.62  0.71   0.95   3.20   0.03   0.81   0.95   0.84   0.81   2.38   0.05   0.28   0.20   3.00   0.00   -999.25 -1.38  6234.65 0.02   20.64  6.00   2.16   0.00   
1831318.00 407586.40 -6095.82 "29/10/2015" 3.00   1831318.00 407586.40 -6095.82 2.43   3.00   2.45   0.00   0.56   3888.69 248.47 37.56  31.49  0.86   0.51   -0.00  -0.47  0.79   0.40   0.44   2.99   0.05   0.90   0.83   0.78   0.71   2.80   0.08   0.22   0.34   3.00   0.00   -999.25 -1.55  3487.06 0.01   18.16  2.00   1.77   0.00   
1831425.42 407669.73 -6481.63 "29/10/2015" 4.00   1831425.42 407669.73 -6481.63 2.85   3.00   3.09   0.00   1.71   3954.36 320.97 94.96  18.60  0.88   0.48   -0.00  -0.48  0.88   -0.08  0.48   2.46   0.02   0.83   0.91   0.89   0.85   2.10   0.04   0.22   0.20   3.00   0.00   -999.25 -1.13  14782.52 0.03   33.96  5.00   1.15   0.00   
1831658.48 407791.24 -6136.03 "29/10/2015" 9.00   1831658.48 407791.24 -6136.03 5.99   3.00   6.85   0.00   0.21   3915.41 191.06 95.42  8.12   0.91   0.42   0.00   -0.42  0.91   0.03   0.10   2.17   0.01   0.92   0.91   0.90   0.84   2.02   0.04   0.21   0.20   3.00   0.03   -999.25 -0.87  36062.45 0.09   33.09  11.00  3.02   0.00   
1832066.86 407501.87 -5726.72 "29/10/2015" 10.00  1832066.86 407501.87 -5726.72 3.63   3.00   4.33   0.00   0.47   3479.16 100.52 58.52  4.51   0.94   0.35   0.00   -0.35  0.94   0.01   0.16   2.88   0.07   0.93   0.96   0.90   0.89   3.57   0.12   0.37   0.31   3.00   0.00   -999.25 -1.35  7038.42 0.02   33.71  5.00   0.56   0.12   
1831708.74 407843.74 -6477.22 "29/10/2015" 13.00  1831708.74 407843.74 -6477.22 1.88   3.00   2.04   0.00   1.50   3984.67 89.38  56.22  3.42   0.92   0.40   0.00   -0.40  0.92   -0.02  0.85   2.33   0.01   0.80   0.87   0.84   0.78   1.53   0.02   0.16   0.14   3.00   0.00   -999.25 -1.72  1945.03 0.01   14.81  4.00   1.82   0.00   
1831720.22 407679.28 -6000.02 "29/10/2015" 14.00  1831720.22 407679.28 -6000.02 3.56   3.00   4.08   0.00   0.35   3779.35 243.59 66.14  30.25  0.91   0.42   0.00   -0.41  0.91   -0.09  0.22   2.97   0.07   0.93   0.90   0.81   0.78   3.31   0.11   0.29   0.37   3.00   0.00   -999.25 -1.59  3035.46 0.01   13.78  6.00   3.52   0.16   
1831601.91 407207.53 -6386.14 "29/10/2015" 15.00  1831601.91 407207.53 -6386.14 1.75   3.00   2.17   0.00   0.63   3455.59 344.03 72.85  52.55  0.87   0.49   -0.00  0.16   -0.28  0.95   0.48   2.68   0.01   0.62   0.70   0.78   0.56   1.54   0.03   0.16   0.15   3.00   0.00   -999.25 -0.88  34945.20 0.16   145.63 1.00   0.03   0.46   
1831862.28 407341.83 -6275.66 "29/10/2015" 19.00  1831862.28 407341.83 -6275.66 1.79   3.00   2.19   0.00   0.67   3439.59 248.09 34.20  11.75  0.91   0.42   0.00   -0.42  0.91   -0.05  0.57   2.89   0.02   0.61   0.59   0.77   0.52   1.87   0.03   0.15   0.22   3.00   0.00   -999.25 -1.76  1673.90 0.01   23.34  6.00   0.40   0.00   
1831664.14 407524.21 -6020.56 "29/10/2015" 22.00  1831664.14 407524.21 -6020.56 5.63   3.00   6.26   0.00   2.17   3664.65 99.12  38.74  30.55  0.90   0.44   -0.00  -0.33  0.67   -0.67  0.01   3.71   0.11   0.82   0.98   0.84   0.83   5.73   0.14   0.70   0.20   3.00   0.00   -999.25 -1.49  4266.43 0.01   15.79  11.00  3.29   0.37   
1831611.19 407669.05 -6086.10 "29/10/2015" 25.00  1831611.19 407669.05 -6086.10 6.31   3.00   6.89   0.00   1.26   3821.78 77.46  53.37  3.68   0.90   0.44   0.00   -0.44  0.90   0.01   0.29   3.13   0.12   0.92   0.98   0.83   0.82   8.27   0.35   0.87   0.37   3.00   0.00   -999.25 -1.47  4643.58 0.01   16.07  11.00  3.40   0.21   
