# Petrel Points with attributes
# Unit in X and Y direction: ftUS
# Unit in depth: ft
VERSION 1
BEGIN HEADER
X
Y
Z
DATE,Time
DOUBLE,Event ID
DOUBLE,X(easting)
DOUBLE,Y(northing)
DOUBLE,Z(elevation)
DOUBLE,Detection SNR
DOUBLE,Event type
DOUBLE,Location SNR
DOUBLE,NOISE_LEVEL_ACC
DOUBLE,PSH_AMPL_RATIO
DOUBLE,QC Distance
DOUBLE,QC_EIGVAL_MAX
DOUBLE,QC_EIGVAL_MID
DOUBLE,QC_EIGVAL_MIN
DOUBLE,QC_EIGVEC_MAX_E
DOUBLE,QC_EIGVEC_MAX_N
DOUBLE,QC_EIGVEC_MAX_U
DOUBLE,QC_EIGVEC_MID_E
DOUBLE,QC_EIGVEC_MID_N
DOUBLE,QC_EIGVEC_MID_U
DOUBLE,QC_LOC_T0
DOUBLE,QI_CONFIDENCE
DOUBLE,QI_DATA_LOCATION
DOUBLE,QI_ORTHOGONALITY
DOUBLE,QI_POLARIZATION_AZM
DOUBLE,QI_POLARIZATION_INC
DOUBLE,QI_POLARIZATION_RESIDUAL
DOUBLE,QI_SNR
DOUBLE,QI_TRACEDATA
DOUBLE,QI_TRACEDATA_P
DOUBLE,QI_TRACEDATA_S
DOUBLE,SP_COMPONENTS_USED
DOUBLE,SP_ENERGY
DOUBLE,SP_LOCAL_MAGNITUDE
DOUBLE,SP_MAGNITUDE
DOUBLE,SP_MOMENT
DOUBLE,SP_POTENCY
DOUBLE,SP_RADIUS
DOUBLE,SP_RECEIVERS_USED
DOUBLE,SP_STRESS_DROP
DOUBLE,SVSH_AMPL_RATIO
END HEADER
1833461.66 403856.44 -5568.21 "4/11/2015" 1.00   1833461.66 403856.44 -5568.21 2.55   0.00   3.06   0.00   0.36   493.71 61.70  44.85  20.73  0.41   -0.90  0.15   0.91   0.42   -0.00  0.08   3.56   0.12   0.86   0.86   0.81   0.77   4.56   0.16   0.32   0.47   3.00   0.00   -999.25 -2.70  64.96  0.00   19.61  10.00  0.03   0.28   
1834177.43 404054.12 -6397.55 "4/11/2015" 3.00   1834177.43 404054.12 -6397.55 3.35   0.00   3.99   0.00   0.35   1078.15 150.23 62.80  48.13  -0.20  -0.98  -0.00  0.98   -0.20  0.09   0.44   3.41   0.09   0.94   0.84   0.80   0.77   3.30   0.11   0.25   0.39   3.00   0.00   -999.25 -2.78  49.53  0.00   10.33  11.00  0.14   0.25   
1832874.70 404513.49 -5610.47 "4/11/2015" 5.00   1832874.70 404513.49 -5610.47 2.22   3.00   3.65   0.00   0.28   535.00 57.55  28.50  9.36   0.54   0.84   0.00   0.83   -0.54  -0.11  0.15   3.21   0.05   0.82   0.78   0.65   0.54   3.45   0.11   0.27   0.40   3.00   0.00   -999.25 -2.41  179.72 0.00   26.05  9.00   0.03   0.17   
1833679.74 403970.53 -5615.01 "4/11/2015" 6.00   1833679.74 403970.53 -5615.01 2.33   0.00   3.62   0.00   0.27   519.41 61.89  30.92  20.23  -0.80  0.59   -0.11  -0.59  -0.81  -0.00  0.74   3.33   0.08   0.77   0.65   0.87   0.68   3.30   0.11   0.25   0.39   3.00   0.00   -999.25 -2.48  139.23 0.00   21.46  10.00  0.04   0.25   
1834080.48 404158.10 -6416.70 "4/11/2015" 8.00   1834080.48 404158.10 -6416.70 2.79   3.00   3.83   0.00   0.24   996.51 115.34 28.64  20.72  0.11   0.99   -0.00  0.96   -0.11  -0.25  0.04   3.24   0.04   0.79   0.70   0.77   0.64   3.07   0.07   0.17   0.43   3.00   0.00   -999.25 -2.73  60.24  0.00   13.32  11.00  0.08   0.36   
1833569.65 403882.32 -5614.42 "4/11/2015" 9.00   1833569.65 403882.32 -5614.42 2.50   0.00   3.81   0.00   0.70   502.34 60.94  35.63  21.00  -0.58  0.81   -0.12  -0.81  -0.59  -0.01  0.60   3.92   0.19   0.87   0.91   0.92   0.88   5.42   0.26   0.52   0.51   3.00   0.00   -999.25 -2.64  79.85  0.00   13.73  12.00  0.09   0.57   
1833490.90 403862.04 -5760.09 "4/11/2015" 10.00  1833490.90 403862.04 -5760.09 4.38   0.00   4.97   0.00   0.49   437.44 61.42  26.08  21.92  0.43   -0.90  0.03   0.90   0.43   0.01   0.48   4.16   0.31   0.89   0.89   0.94   0.89   8.21   0.39   0.63   0.64   3.00   0.00   -999.25 -2.36  212.10 0.00   23.20  12.00  0.05   0.30   
1834098.67 404046.42 -6392.53 "4/11/2015" 11.00  1834098.67 404046.42 -6392.53 5.00   0.00   6.12   0.00   0.12   1012.83 234.72 63.08  48.51  -0.26  -0.97  0.01   0.90   -0.25  -0.36  0.55   3.54   0.13   0.83   0.73   0.85   0.73   5.94   0.17   0.30   0.52   3.00   0.00   -999.25 -2.63  82.99  0.00   12.95  11.00  0.12   0.19   
1833465.66 404487.04 -6127.67 "4/11/2015" 12.00  1833465.66 404487.04 -6127.67 1.93   0.00   2.70   0.00   0.54   430.71 167.57 130.54 59.18  0.52   0.76   -0.38  -0.82  0.57   0.00   0.98   2.92   0.01   0.49   0.42   0.63   0.36   3.73   0.10   0.31   0.25   3.00   0.00   -999.25 -2.35  220.86 0.00   19.28  12.00  0.09   0.69   
1833974.25 403910.88 -6418.61 "4/11/2015" 14.00  1833974.25 403910.88 -6418.61 2.60   0.00   3.39   0.00   0.39   970.96 148.11 60.55  44.80  -0.45  -0.89  0.00   0.89   -0.45  -0.09  0.73   3.19   0.05   0.76   0.61   0.80   0.63   2.83   0.08   0.25   0.32   3.00   0.00   -999.25 -2.68  69.53  0.00   15.03  11.00  0.06   0.38   
1833683.29 404008.93 -5594.71 "4/11/2015" 15.00  1833683.29 404008.93 -5594.71 3.46   0.00   5.60   0.00   0.30   511.44 63.21  60.81  20.81  -0.40  -0.92  0.02   -0.91  0.40   -0.13  0.89   3.92   0.23   0.83   0.83   0.86   0.78   6.36   0.30   0.55   0.59   3.00   0.00   -999.25 -2.38  196.00 0.00   20.09  12.00  0.07   0.34   
1834161.76 403827.74 -6444.60 "4/11/2015" 16.00  1834161.76 403827.74 -6444.60 1.63   0.00   2.17   0.00   8.37   1153.03 189.52 84.66  58.83  -0.43  -0.90  0.00   0.85   -0.40  -0.34  0.87   2.84   0.01   0.52   0.54   0.66   0.44   2.99   0.04   0.24   0.17   3.00   0.00   -999.25 -2.38  195.51 0.00   19.63  11.00  0.08   0.58   
1833673.02 404116.25 -5945.10 "4/11/2015" 17.00  1833673.02 404116.25 -5945.10 4.12   0.00   5.33   0.00   0.29   424.96 64.82  49.57  19.30  -0.95  0.28   0.12   -0.28  -0.96  -0.01  0.92   3.64   0.16   0.79   0.89   0.90   0.81   4.77   0.20   0.38   0.46   3.00   0.00   -999.25 -2.76  53.27  0.00   17.99  12.00  0.03   0.29   
1834039.50 404044.83 -6323.92 "4/11/2015" 18.00  1834039.50 404044.83 -6323.92 3.84   0.00   4.40   0.00   0.38   927.35 150.15 62.78  39.02  -0.25  -0.97  -0.00  0.94   -0.24  -0.22  0.68   3.48   0.09   0.86   0.82   0.85   0.77   3.60   0.13   0.29   0.42   3.00   0.00   -999.25 -2.42  171.41 0.00   22.81  11.00  0.04   0.29   
1834050.88 404048.03 -6409.00 "4/11/2015" 19.00  1834050.88 404048.03 -6409.00 6.74   0.00   7.92   0.00   0.28   984.51 135.51 60.92  45.36  -0.25  -0.97  0.00   0.97   -0.25  -0.06  0.03   3.89   0.21   0.90   0.85   0.94   0.87   6.51   0.27   0.49   0.53   3.00   0.00   -999.25 -2.60  93.51  0.00   14.51  12.00  0.09   0.21   
1833594.95 403978.38 -5637.43 "4/11/2015" 21.00  1833594.95 403978.38 -5637.43 2.61   0.00   3.29   0.00   0.34   444.74 70.83  62.07  22.29  -0.66  0.75   -0.11  -0.75  -0.66  -0.01  0.09   3.34   0.07   0.84   0.80   0.84   0.76   2.93   0.09   0.25   0.33   3.00   0.00   -999.25 -2.46  150.88 0.00   24.88  12.00  0.03   0.33   
1833830.03 404710.51 -5649.61 "4/11/2015" 22.00  1833830.03 404710.51 -5649.61 15.78  0.00   16.36  0.00   0.23   733.17 60.39  30.52  18.89  -0.76  -0.65  -0.03  0.65   -0.76  0.00   0.86   4.58   0.55   0.84   0.97   0.95   0.94   19.99  0.67   0.94   0.70   3.00   0.00   -999.25 -1.56  3322.96 0.01   25.97  12.00  0.58   0.27   
1833408.02 403875.33 -5708.29 "4/11/2015" 23.00  1833408.02 403875.33 -5708.29 2.23   0.00   3.06   0.00   0.22   404.19 65.43  24.36  23.80  0.32   -0.95  0.04   0.95   0.31   -0.06  0.91   3.57   0.08   0.90   0.74   0.86   0.76   4.89   0.12   0.20   0.61   3.00   0.00   -999.25 -2.64  80.73  0.00   21.11  12.00  0.03   0.40   
1834221.90 404515.88 -6137.07 "4/11/2015" 24.00  1834221.90 404515.88 -6137.07 10.96  0.00   11.90  0.00   0.60   1022.61 65.70  32.00  30.59  -0.96  -0.28  -0.05  0.28   -0.96  0.05   0.07   4.18   0.34   0.83   0.93   0.97   0.92   10.57  0.43   0.86   0.48   3.00   0.00   -999.25 -1.84  1291.44 0.00   23.23  11.00  0.31   0.52   
1833754.72 404167.89 -5885.00 "4/11/2015" 25.00  1833754.72 404167.89 -5885.00 6.80   0.00   8.22   0.00   0.15   477.18 64.83  60.16  19.72  -0.22  -0.97  0.01   0.97   -0.22  -0.06  0.71   3.90   0.24   0.84   0.86   0.85   0.79   7.95   0.31   0.57   0.54   3.00   0.00   -999.25 -2.64  80.62  0.00   13.48  12.00  0.10   0.13   
1833432.42 404018.40 -6127.31 "4/11/2015" 26.00  1833432.42 404018.40 -6127.31 15.50  0.00   16.87  0.00   0.10   409.82 68.73  32.98  27.36  -0.57  0.73   0.36   -0.80  -0.60  -0.05  0.78   4.73   0.67   0.86   0.88   0.96   0.89   29.52  0.85   0.98   0.86   3.00   0.00   -999.25 -2.02  698.87 0.00   20.10  12.00  0.26   0.26   
1833567.19 404083.81 -5555.00 "4/11/2015" 27.00  1833567.19 404083.81 -5555.00 3.82   0.00   4.81   0.00   0.47   415.81 60.72  18.76  9.09   -0.90  0.42   -0.13  -0.11  0.06   0.99   0.65   4.03   0.26   0.86   0.87   0.93   0.89   7.08   0.32   0.55   0.59   3.00   0.00   -999.25 -2.77  52.16  0.00   16.22  11.00  0.04   0.44   
1833700.75 404129.55 -5766.94 "4/11/2015" 28.00  1833700.75 404129.55 -5766.94 2.78   0.00   3.91   0.00   0.20   431.12 61.18  57.30  21.29  -0.91  0.41   -0.01  -0.41  -0.91  -0.01  0.74   3.28   0.07   0.81   0.71   0.86   0.63   3.73   0.10   0.22   0.43   3.00   0.00   -999.25 -2.70  65.81  0.00   16.44  11.00  0.04   0.22   
1833625.21 403890.10 -5541.06 "4/11/2015" 29.00  1833625.21 403890.10 -5541.06 2.77   0.00   3.67   0.00   0.27   562.41 156.28 63.09  23.12  -0.74  -0.67  0.00   0.66   -0.73  0.18   0.69   3.39   0.12   0.80   0.78   0.77   0.66   4.68   0.16   0.33   0.41   3.00   0.00   -999.25 -2.53  119.35 0.00   21.94  11.00  0.03   0.16   
1834117.38 404050.95 -6413.94 "4/11/2015" 30.00  1834117.38 404050.95 -6413.94 10.86  0.00   12.55  0.00   1.03   1039.12 61.59  46.84  24.35  0.97   -0.23  0.00   0.00   0.00   -1.00  0.04   4.33   0.37   0.92   0.97   0.95   0.94   12.72  0.43   0.93   0.47   3.00   0.00   -999.25 -1.91  1016.82 0.00   21.92  12.00  0.29   0.29   
1833318.83 403860.93 -5560.04 "4/11/2015" 31.00  1833318.83 403860.93 -5560.04 2.20   0.00   2.95   0.00   0.11   464.13 58.78  36.96  19.92  0.15   -0.98  0.14   0.99   0.15   -0.02  0.12   3.36   0.07   0.84   0.79   0.69   0.53   6.29   0.13   0.20   0.63   3.00   0.00   -999.25 -2.80  46.10  0.00   12.90  9.00   0.07   0.27   
1833718.10 404063.72 -5614.08 "4/11/2015" 32.00  1833718.10 404063.72 -5614.08 2.16   0.00   3.56   0.00   0.34   508.97 99.73  64.15  22.63  -0.39  -0.92  0.01   0.91   -0.39  0.13   0.49   3.46   0.08   0.75   0.75   0.92   0.77   3.56   0.12   0.25   0.43   3.00   0.00   -999.25 -2.37  208.98 0.00   20.87  9.00   0.07   0.23   
1833987.76 403979.16 -6415.27 "4/11/2015" 33.00  1833987.76 403979.16 -6415.27 3.29   0.00   3.98   0.00   0.36   957.29 94.19  60.82  44.42  -0.36  -0.93  -0.00  0.93   -0.36  -0.11  0.75   3.36   0.06   0.85   0.80   0.82   0.75   3.13   0.09   0.22   0.39   3.00   0.00   -999.25 -2.65  77.93  0.00   14.61  9.00   0.08   0.38   
1834032.48 403920.42 -6396.04 "4/11/2015" 34.00  1834032.48 403920.42 -6396.04 2.06   0.00   2.77   0.00   0.61   996.54 162.75 61.51  45.87  -0.40  -0.92  0.00   0.92   -0.40  -0.03  0.31   3.01   0.05   0.68   0.62   0.67   0.51   2.72   0.08   0.25   0.25   3.00   0.00   -999.25 -2.62  87.42  0.00   17.15  11.00  0.05   0.25   
1834204.39 403979.76 -6434.01 "4/11/2015" 35.00  1834204.39 403979.76 -6434.01 1.70   0.00   2.02   0.00   1.24   1135.18 221.63 64.64  47.65  -0.27  -0.96  -0.00  0.94   -0.27  -0.22  0.78   3.02   0.01   0.73   0.74   0.79   0.68   1.71   0.03   0.20   0.14   3.00   0.00   -999.25 -2.42  174.95 0.00   20.02  10.00  0.07   0.64   
1834024.55 403994.51 -6410.88 "4/11/2015" 36.00  1834024.55 403994.51 -6410.88 4.01   0.00   5.10   0.00   0.29   977.78 76.22  60.70  45.13  -0.32  -0.95  0.01   0.94   -0.32  -0.07  0.49   3.64   0.13   0.87   0.84   0.88   0.82   4.66   0.16   0.30   0.52   3.00   0.00   -999.25 -2.61  90.56  0.00   13.77  11.00  0.11   0.24   
1834147.04 403841.86 -6416.06 "4/11/2015" 37.00  1834147.04 403841.86 -6416.06 3.39   0.00   4.11   0.00   0.62   1121.36 173.70 62.84  49.05  -0.42  -0.91  -0.00  0.90   -0.42  0.11   0.38   3.37   0.06   0.81   0.76   0.90   0.78   2.96   0.09   0.29   0.31   3.00   0.00   -999.25 -2.55  109.01 0.00   15.12  12.00  0.10   0.43   
1833938.57 403943.31 -6378.80 "4/11/2015" 38.00  1833938.57 403943.31 -6378.80 1.95   0.00   2.41   0.00   0.41   910.07 162.25 63.67  45.13  -0.42  -0.91  -0.00  0.84   -0.39  -0.37  0.47   2.98   0.03   0.75   0.51   0.81   0.56   2.11   0.05   0.18   0.24   3.00   0.00   -999.25 -2.59  94.78  0.00   15.61  11.00  0.08   0.62   
1833546.32 403729.78 -5913.25 "4/11/2015" 39.00  1833546.32 403729.78 -5913.25 1.70   0.00   2.20   0.00   0.51   584.39 164.69 63.19  18.55  -0.90  -0.44  -0.00  0.44   -0.90  -0.06  0.28   3.43   0.11   0.84   0.69   0.85   0.66   4.17   0.17   0.44   0.33   3.00   0.00   -999.25 -2.73  58.85  0.00   12.74  12.00  0.09   0.29   
1834194.81 404159.43 -6404.17 "4/11/2015" 40.00  1834194.81 404159.43 -6404.17 9.57   0.00   10.15  0.00   0.36   1082.62 62.73  62.04  48.18  -0.99  0.14   -0.07  -0.14  -0.99  -0.01  0.56   4.12   0.30   0.92   0.93   0.95   0.92   7.24   0.35   0.64   0.56   3.00   0.00   -999.25 -2.12  488.98 0.00   21.94  12.00  0.14   0.25   
1833970.99 403937.28 -6414.59 "4/11/2015" 41.00  1833970.99 403937.28 -6414.59 2.38   0.00   2.90   0.00   0.54   957.34 81.41  60.89  44.45  -0.41  -0.91  -0.00  0.91   -0.40  -0.11  0.08   3.12   0.06   0.68   0.59   0.82   0.59   2.78   0.09   0.25   0.29   3.00   0.00   -999.25 -2.48  140.23 0.00   19.32  10.00  0.06   0.49   
1834157.24 403898.09 -6413.60 "4/11/2015" 42.00  1834157.24 403898.09 -6413.60 2.23   0.00   2.81   0.00   0.83   1109.00 116.95 62.42  48.69  -0.37  -0.93  0.00   0.92   -0.37  0.10   0.83   3.23   0.03   0.78   0.83   0.88   0.79   2.18   0.05   0.24   0.19   3.00   0.00   -999.25 -2.51  127.06 0.00   18.50  12.00  0.06   0.38   
1833944.15 403979.54 -6413.17 "4/11/2015" 43.00  1833944.15 403979.54 -6413.17 3.77   0.00   4.76   0.00   0.74   924.47 143.68 60.83  43.52  -0.37  -0.93  -0.00  0.92   -0.37  -0.14  0.64   3.56   0.12   0.80   0.77   0.88   0.79   4.01   0.17   0.43   0.35   3.00   0.00   -999.25 -2.60  91.52  0.00   16.66  12.00  0.06   0.45   
1834146.96 403839.85 -6395.10 "4/11/2015" 44.00  1834146.96 403839.85 -6395.10 1.97   0.00   2.31   0.00   2.08   1110.99 185.85 63.46  49.03  -0.42  -0.91  -0.00  0.90   -0.41  0.13   0.50   3.16   0.03   0.73   0.75   0.83   0.70   2.28   0.04   0.31   0.15   3.00   0.00   -999.25 -2.60  93.62  0.00   14.90  12.00  0.09   0.70   
1833938.82 404008.49 -6399.46 "4/11/2015" 45.00  1833938.82 404008.49 -6399.46 3.09   0.00   3.67   0.00   0.57   903.88 191.42 60.33  43.26  -0.35  -0.94  0.00   0.93   -0.35  -0.13  0.25   3.42   0.08   0.85   0.75   0.88   0.77   3.47   0.11   0.26   0.39   3.00   0.00   -999.25 -2.72  61.69  0.00   13.78  11.00  0.07   0.41   
1833904.37 403973.57 -6415.02 "4/11/2015" 46.00  1833904.37 403973.57 -6415.02 9.64   0.00   10.32  0.00   0.47   899.72 60.33  54.21  42.81  -0.89  0.42   0.16   -0.43  -0.90  0.01   0.05   4.16   0.33   0.93   0.93   0.94   0.92   7.31   0.39   0.63   0.62   3.00   0.00   -999.25 -2.48  140.80 0.00   15.17  12.00  0.12   0.37   
1834154.23 403921.62 -6437.02 "4/11/2015" 47.00  1834154.23 403921.62 -6437.02 2.63   0.00   3.12   0.00   0.71   1112.34 319.61 64.07  46.89  -0.36  -0.93  0.00   0.91   -0.35  -0.24  0.30   3.18   0.03   0.79   0.70   0.89   0.72   2.31   0.05   0.23   0.23   3.00   0.00   -999.25 -2.25  308.46 0.00   26.10  11.00  0.05   0.45   
1833886.59 403970.41 -6408.01 "4/11/2015" 49.00  1833886.59 403970.41 -6408.01 5.86   0.00   6.51   0.00   0.51   883.93 60.05  42.57  42.15  -0.88  0.44   0.16   0.01   -0.32  0.95   0.83   3.83   0.23   0.92   0.88   0.89   0.83   6.73   0.27   0.50   0.52   3.00   0.00   -999.25 -2.38  200.07 0.00   16.53  12.00  0.13   0.73   
1833832.70 403955.30 -6375.77 "4/11/2015" 50.00  1833832.70 403955.30 -6375.77 7.49   0.00   8.86   0.00   0.31   831.46 83.56  63.00  42.75  -0.49  -0.87  0.00   0.80   -0.45  -0.39  0.72   3.94   0.21   0.87   0.87   0.93   0.88   7.79   0.27   0.40   0.66   3.00   0.00   -999.25 -2.41  176.60 0.00   12.71  12.00  0.26   0.47   
1833859.46 403984.05 -6397.81 "4/11/2015" 51.00  1833859.46 403984.05 -6397.81 3.70   0.00   4.19   0.00   0.63   854.61 162.69 60.42  41.94  -0.39  -0.92  -0.00  0.91   -0.39  -0.17  0.88   3.42   0.09   0.88   0.78   0.85   0.76   3.35   0.11   0.35   0.32   3.00   0.00   -999.25 -2.77  50.99  0.00   11.71  12.00  0.10   0.36   
1833987.33 403767.72 -6393.85 "4/11/2015" 52.00  1833987.33 403767.72 -6393.85 1.54   0.00   2.04   0.00   0.87   1023.75 280.50 63.50  48.92  -0.57  -0.82  0.00   0.77   -0.53  -0.35  0.70   2.72   0.01   0.58   0.57   0.60   0.41   1.60   0.03   0.16   0.16   3.00   0.00   -999.25 -2.56  107.00 0.00   18.40  12.00  0.05   0.72   
1833929.73 404027.13 -6391.57 "4/11/2015" 53.00  1833929.73 404027.13 -6391.57 9.15   0.00   10.16  0.00   0.52   887.49 62.94  54.47  44.09  -0.87  0.31   0.39   -0.33  -0.94  0.01   0.49   4.20   0.38   0.92   0.91   0.93   0.89   7.77   0.44   0.71   0.60   3.00   0.00   -999.25 -2.34  226.18 0.00   16.63  11.00  0.15   0.30   
1833943.83 404061.03 -6404.76 "4/11/2015" 54.00  1833943.83 404061.03 -6404.76 3.21   0.00   3.44   0.00   0.36   898.64 97.55  60.47  42.97  -0.28  -0.96  0.00   0.95   -0.28  -0.16  0.94   3.37   0.05   0.87   0.86   0.91   0.85   2.60   0.07   0.23   0.29   3.00   0.00   -999.25 -2.32  245.49 0.00   23.15  12.00  0.06   0.41   
1834245.38 404139.50 -6184.35 "4/11/2015" 55.00  1834245.38 404139.50 -6184.35 14.45  0.00   13.53  0.00   0.74   1029.91 145.39 65.35  51.03  -0.12  -0.99  -0.00  0.95   -0.11  0.28   0.71   4.23   0.35   0.90   0.92   0.94   0.92   8.58   0.41   0.85   0.46   3.00   0.00   -999.25 -1.70  2097.30 0.01   26.49  12.00  0.34   0.14   
1834235.94 404182.06 -6200.93 "4/11/2015" 56.00  1834235.94 404182.06 -6200.93 2.90   0.00   5.01   0.00   0.89   1023.69 88.70  69.28  51.09  -0.07  -1.00  -0.01  0.88   -0.06  0.47   0.15   3.41   0.10   0.88   0.89   0.87   0.82   3.37   0.13   0.43   0.25   3.00   0.00   -999.25 -2.27  287.46 0.00   22.29  8.00   0.08   0.24   
1833891.17 404062.50 -6371.31 "4/11/2015" 57.00  1833891.17 404062.50 -6371.31 3.09   0.00   3.71   0.00   0.44   838.25 63.45  43.01  35.28  -0.89  0.26   0.38   0.37   -0.11  0.92   0.33   3.33   0.08   0.75   0.78   0.80   0.71   3.27   0.10   0.23   0.39   3.00   0.00   -999.25 -2.60  93.99  0.00   17.98  11.00  0.05   0.43   
1833866.08 404004.82 -6393.31 "4/11/2015" 58.00  1833866.08 404004.82 -6393.31 3.71   0.00   4.44   0.00   0.57   849.90 63.13  51.64  42.74  -0.85  0.34   0.40   -0.38  -0.92  -0.01  0.97   3.72   0.19   0.84   0.86   0.87   0.82   4.98   0.23   0.43   0.49   3.00   0.00   -999.25 -2.60  92.19  0.00   14.31  12.00  0.10   0.53   
1833703.98 404410.64 -6219.22 "4/11/2015" 59.00  1833703.98 404410.64 -6219.22 1.43   0.00   2.19   0.00   0.21   600.56 208.44 62.62  31.17  0.38   -0.92  -0.00  0.87   0.37   -0.32  0.07   2.78   0.02   0.71   0.55   0.78   0.34   2.45   0.05   0.15   0.29   3.00   0.00   -999.25 -2.63  85.27  0.00   15.86  9.00   0.06   2.27   
1834248.01 404185.45 -6174.65 "4/11/2015" 60.00  1834248.01 404185.45 -6174.65 3.49   0.00   3.74   0.00   0.91   1025.24 142.69 65.46  50.74  -0.07  -1.00  0.00   0.96   -0.07  0.27   0.84   3.43   0.07   0.92   0.88   0.87   0.82   3.10   0.10   0.39   0.23   3.00   0.00   -999.25 -2.22  347.31 0.00   21.62  12.00  0.10   0.26   
1833859.75 403962.34 -6421.14 "4/11/2015" 62.00  1833859.75 403962.34 -6421.14 7.14   0.00   8.07   0.00   0.56   877.57 61.48  59.81  42.01  0.55   0.84   -0.02  -0.82  0.54   0.20   0.88   4.13   0.31   0.81   0.91   0.93   0.90   9.32   0.39   0.68   0.56   3.00   0.00   -999.25 -2.17  409.67 0.00   17.23  12.00  0.24   0.92   
1833690.43 403971.49 -5557.27 "4/11/2015" 61.00  1833690.43 403971.49 -5557.27 2.46   0.00   3.36   0.00   0.29   551.81 62.13  42.19  21.96  -0.84  0.53   -0.13  -0.54  -0.84  -0.01  0.46   3.17   0.06   0.72   0.66   0.70   0.55   3.37   0.10   0.23   0.40   3.00   0.00   -999.25 -2.67  72.86  0.00   17.18  11.00  0.04   0.36   
1834126.11 403830.76 -6432.14 "4/11/2015" 63.00  1834126.11 403830.76 -6432.14 1.94   0.00   2.77   0.00   0.59   1118.28 347.30 63.76  46.38  -0.44  -0.90  -0.00  0.87   -0.43  -0.26  0.48   2.95   0.02   0.66   0.50   0.79   0.51   2.20   0.05   0.19   0.25   3.00   0.00   -999.25 -2.28  281.44 0.00   25.03  12.00  0.05   0.53   
1833640.72 403998.82 -5557.67 "4/11/2015" 64.00  1833640.72 403998.82 -5557.67 3.85   0.00   4.97   0.00   0.25   502.58 69.96  61.52  20.79  -0.63  -0.78  -0.02  0.77   -0.63  0.14   0.32   3.71   0.14   0.87   0.84   0.88   0.82   4.90   0.18   0.34   0.55   3.00   0.00   -999.25 -2.49  136.27 0.00   21.55  11.00  0.04   0.36   
1833849.26 403975.49 -6419.96 "4/11/2015" 65.00  1833849.26 403975.49 -6419.96 5.68   0.00   6.41   0.00   0.92   865.77 68.95  59.49  41.76  -0.42  -0.91  0.00   0.89   -0.41  -0.20  0.95   3.89   0.21   0.90   0.89   0.92   0.88   5.69   0.25   0.58   0.43   3.00   0.00   -999.25 -2.56  106.53 0.00   13.80  12.00  0.12   0.56   
1834357.55 404153.69 -6261.33 "4/11/2015" 66.00  1834357.55 404153.69 -6261.33 3.14   0.00   3.57   0.00   0.68   1160.80 109.54 64.16  49.68  -0.09  -1.00  0.01   0.95   -0.09  0.28   0.17   3.28   0.05   0.87   0.86   0.82   0.77   2.63   0.07   0.32   0.21   3.00   0.00   -999.25 -2.15  442.09 0.00   27.19  12.00  0.07   0.35   
1834086.96 404060.52 -6094.73 "4/11/2015" 67.00  1834086.96 404060.52 -6094.73 7.24   0.00   7.77   0.00   0.88   864.91 65.56  34.57  21.11  -0.97  0.24   0.07   -0.24  -0.97  -0.00  0.20   3.98   0.20   0.88   0.97   0.93   0.92   5.44   0.23   0.66   0.40   3.00   0.00   -999.25 -2.09  536.97 0.00   24.60  12.00  0.11   0.38   
1833812.57 403958.50 -6417.21 "4/11/2015" 68.00  1833812.57 403958.50 -6417.21 5.52   0.00   6.54   0.00   1.12   846.13 60.09  41.21  38.01  -0.87  0.45   0.22   0.21   -0.07  0.97   0.84   4.08   0.30   0.91   0.93   0.96   0.93   7.32   0.35   0.69   0.46   3.00   0.00   -999.25 -2.45  156.31 0.00   15.77  12.00  0.12   0.72   
1833505.51 403846.73 -5614.22 "4/11/2015" 70.00  1833505.51 403846.73 -5614.22 1.70   0.00   2.53   0.00   0.34   497.63 144.94 74.24  24.71  -0.89  -0.46  -0.00  0.46   -0.88  0.13   0.84   3.00   0.02   0.68   0.63   0.78   0.57   2.15   0.04   0.13   0.30   3.00   0.00   -999.25 -2.65  79.26  0.00   19.57  11.00  0.03   0.60   
1834396.15 404198.55 -6176.31 "4/11/2015" 71.00  1834396.15 404198.55 -6176.31 11.91  0.00   12.00  0.00   0.40   1164.93 67.95  47.43  43.31  -0.95  0.04   -0.32  -0.32  0.04   0.95   0.96   4.09   0.28   0.89   0.96   0.92   0.91   6.50   0.35   0.71   0.48   3.00   0.00   -999.25 -1.65  2480.36 0.01   30.94  12.00  0.25   0.16   
1833801.07 403938.49 -6427.31 "4/11/2015" 72.00  1833801.07 403938.49 -6427.31 6.14   0.00   7.44   0.00   1.26   853.30 65.65  42.15  23.36  -0.81  0.49   0.32   0.28   -0.17  0.95   0.82   4.28   0.37   0.78   0.96   0.93   0.92   10.20  0.46   0.83   0.54   3.00   0.00   -999.25 -2.26  302.78 0.00   13.32  12.00  0.39   0.73   
1833792.17 403911.68 -6432.27 "4/11/2015" 74.00  1833792.17 403911.68 -6432.27 4.28   0.00   4.92   0.00   1.07   861.58 83.07  63.67  40.93  -0.59  -0.81  0.00   0.76   -0.56  -0.33  0.67   3.80   0.15   0.90   0.91   0.96   0.92   4.42   0.18   0.54   0.35   3.00   0.00   -999.25 -2.35  224.35 0.00   17.88  12.00  0.12   0.95   
1833821.44 403989.20 -6380.63 "4/11/2015" 73.00  1833821.44 403989.20 -6380.63 1.89   0.00   2.39   0.00   0.51   816.16 90.90  73.94  57.20  -0.82  0.41   0.40   -0.44  -0.90  0.01   0.15   2.99   0.02   0.71   0.64   0.79   0.59   1.98   0.04   0.17   0.23   3.00   0.00   -999.25 -2.65  77.39  0.00   14.29  11.00  0.08   0.55   
1833853.13 403918.32 -6394.05 "4/11/2015" 75.00  1833853.13 403918.32 -6394.05 3.19   0.00   3.67   0.00   0.68   870.37 182.35 63.20  43.38  -0.51  -0.86  0.00   0.79   -0.47  -0.40  0.82   3.48   0.12   0.82   0.78   0.89   0.79   3.52   0.15   0.33   0.37   3.00   0.00   -999.25 -2.49  135.29 0.00   20.24  10.00  0.05   0.56   
1833648.49 403960.11 -5725.49 "4/11/2015" 76.00  1833648.49 403960.11 -5725.49 1.88   0.00   2.75   0.00   0.28   468.51 77.99  60.69  23.46  -0.64  -0.77  0.01   0.76   -0.64  0.05   0.35   3.05   0.04   0.72   0.56   0.72   0.54   2.78   0.06   0.17   0.35   3.00   0.00   -999.25 -2.62  87.18  0.00   21.62  9.00   0.03   0.44   
1833688.82 404019.62 -5552.15 "4/11/2015" 77.00  1833688.82 404019.62 -5552.15 2.36   0.00   3.32   0.00   0.27   530.88 63.36  23.42  20.01  -0.87  0.46   -0.16  -0.15  0.07   0.99   0.83   3.25   0.07   0.77   0.74   0.80   0.63   3.35   0.10   0.22   0.41   3.00   0.00   -999.25 -2.50  132.71 0.00   25.65  9.00   0.02   0.26   
1833745.00 404030.47 -5610.34 "4/11/2015" 78.00  1833745.00 404030.47 -5610.34 1.64   0.00   2.39   0.00   0.56   545.54 65.32  60.94  23.50  -0.87  0.47   -0.13  -0.47  -0.88  0.01   0.35   2.84   0.03   0.53   0.43   0.76   0.43   2.06   0.05   0.18   0.24   3.00   0.00   -999.25 -2.33  239.96 0.00   33.58  12.00  0.02   0.58   
1833685.62 404178.14 -5715.65 "4/11/2015" 79.00  1833685.62 404178.14 -5715.65 2.02   0.00   2.97   0.00   0.29   415.42 105.59 60.28  21.78  -0.14  -0.99  -0.01  0.99   -0.14  0.03   0.52   3.16   0.05   0.77   0.69   0.75   0.57   3.34   0.09   0.22   0.38   3.00   0.00   -999.25 -2.83  42.42  0.00   15.95  11.00  0.03   0.26   
1833354.99 403774.12 -5799.38 "4/11/2015" 80.00  1833354.99 403774.12 -5799.38 2.01   0.00   2.52   0.00   0.73   476.48 89.15  60.97  22.72  -0.99  -0.14  0.01   0.14   -0.99  -0.03  0.67   3.81   0.16   0.87   0.89   0.92   0.86   5.03   0.22   0.51   0.44   3.00   0.00   -999.25 -2.47  146.96 0.00   19.39  12.00  0.06   0.42   
1834194.53 404079.07 -6093.15 "4/11/2015" 81.00  1834194.53 404079.07 -6093.15 5.43   0.00   6.61   0.00   2.68   961.24 65.95  43.11  20.47  -0.99  0.15   0.05   -0.15  -0.99  -0.00  0.61   4.01   0.22   0.81   0.95   0.95   0.92   6.05   0.26   0.78   0.30   3.00   0.00   -999.25 -2.23  335.86 0.00   19.08  11.00  0.15   0.14   
1834082.32 404017.90 -6108.15 "4/11/2015" 82.00  1834082.32 404017.90 -6108.15 4.35   0.00   5.01   0.00   1.00   875.14 65.40  60.89  33.41  -0.96  0.28   0.07   -0.29  -0.96  0.00   0.17   3.63   0.08   0.77   0.92   0.94   0.91   3.61   0.11   0.48   0.24   3.00   0.00   -999.25 -1.93  942.12 0.00   36.22  12.00  0.06   0.33   
1833750.43 403999.34 -6304.98 "4/11/2015" 83.00  1833750.43 403999.34 -6304.98 4.37   0.00   5.10   0.00   0.99   714.84 76.51  60.74  32.46  -0.47  -0.88  -0.00  0.84   -0.45  -0.31  0.71   3.85   0.19   0.91   0.89   0.92   0.88   4.90   0.22   0.59   0.37   3.00   0.00   -999.25 -2.52  122.38 0.00   17.76  12.00  0.07   0.50   
1834053.55 404079.88 -6154.73 "4/11/2015" 85.00  1834053.55 404079.88 -6154.73 24.17  0.00   26.45  0.00   0.45   851.97 63.21  36.83  22.53  -0.98  0.21   0.02   0.02   -0.00  1.00   0.72   4.45   0.43   0.87   0.97   0.94   0.93   35.30  0.52   1.00   0.52   3.00   0.01   -999.25 -1.24  10168.95 0.02   20.89  12.00  3.39   0.33   
1834263.79 403927.42 -6076.35 "4/11/2015" 86.00  1834263.79 403927.42 -6076.35 1.92   0.00   2.73   0.00   0.72   1057.73 94.10  67.54  21.24  -0.30  -0.95  0.00   0.95   -0.30  -0.03  0.99   2.89   0.02   0.64   0.64   0.75   0.56   1.93   0.04   0.18   0.20   3.00   0.00   -999.25 -1.85  1231.55 0.00   53.00  12.00  0.03   0.48   
1834265.96 404312.05 -6034.19 "4/11/2015" 87.00  1834265.96 404312.05 -6034.19 3.68   0.00   4.43   0.00   0.39   1003.10 85.83  66.43  34.47  0.06   -1.00  0.00   0.99   0.06   -0.14  0.29   3.44   0.11   0.80   0.82   0.88   0.77   3.46   0.13   0.32   0.35   3.00   0.00   -999.25 -1.97  819.24 0.00   33.91  12.00  0.06   0.26   
1834175.84 404179.45 -6154.27 "4/11/2015" 89.00  1834175.84 404179.45 -6154.27 20.65  0.00   22.96  0.00   0.60   951.04 64.76  33.63  24.95  -1.00  0.06   -0.04  -0.04  0.01   1.00   0.05   4.33   0.34   0.92   0.98   0.94   0.93   33.26  0.40   1.00   0.40   3.00   0.00   -999.25 -1.69  2122.77 0.01   13.71  12.00  2.50   0.13   
1833722.98 403902.53 -6266.79 "4/11/2015" 91.00  1833722.98 403902.53 -6266.79 4.83   0.00   5.58   0.00   0.80   712.55 60.98  47.34  34.38  -0.74  0.61   0.29   -0.64  -0.77  0.00   0.99   4.01   0.24   0.88   0.92   0.91   0.89   5.88   0.29   0.68   0.44   3.00   0.00   -999.25 -2.48  142.98 0.00   16.77  12.00  0.09   0.59   
1833694.10 404016.54 -5596.14 "4/11/2015" 93.00  1833694.10 404016.54 -5596.14 2.06   0.00   3.22   0.00   0.53   515.79 60.92  40.68  21.07  -0.86  0.49   -0.11  -0.50  -0.87  -0.01  0.45   3.32   0.08   0.76   0.66   0.80   0.62   3.56   0.13   0.31   0.38   3.00   0.00   -999.25 -2.54  113.80 0.00   23.35  11.00  0.03   0.31   
1833925.98 404011.51 -6112.56 "4/11/2015" 94.00  1833925.98 404011.51 -6112.56 4.28   0.00   4.88   0.00   0.63   740.07 121.40 65.52  30.97  -0.34  -0.94  -0.00  0.93   -0.34  -0.14  0.09   3.61   0.10   0.82   0.81   0.87   0.79   4.24   0.15   0.38   0.45   3.00   0.00   -999.25 -2.00  738.62 0.00   35.17  12.00  0.05   0.42   
1834836.80 404491.70 -6021.88 "4/11/2015" 96.00  1834836.80 404491.70 -6021.88 12.06  0.00   12.20  0.00   0.66   1580.74 65.19  44.17  39.16  -0.97  -0.16  0.16   0.16   -0.99  0.00   0.08   4.11   0.26   0.84   0.93   0.94   0.90   13.39  0.32   0.87   0.36   3.00   0.00   -999.25 -1.61  2862.88 0.01   17.96  12.00  1.50   0.15   
1833542.11 403912.14 -5703.25 "4/11/2015" 97.00  1833542.11 403912.14 -5703.25 2.26   0.00   2.66   0.00   0.22   434.26 70.60  68.25  21.04  -0.12  -0.99  0.03   0.99   -0.11  0.03   0.57   3.33   0.06   0.78   0.71   0.85   0.70   3.81   0.10   0.23   0.41   3.00   0.00   -999.25 -2.80  46.21  0.00   9.56   9.00   0.16   0.38   
1833500.97 403909.95 -5674.20 "4/11/2015" 98.00  1833500.97 403909.95 -5674.20 4.43   0.00   5.73   0.00   0.23   422.37 59.29  18.23  16.61  0.48   -0.88  0.06   0.88   0.48   0.02   0.37   4.31   0.42   0.91   0.91   0.93   0.91   10.89  0.49   0.62   0.78   3.00   0.00   -999.25 -2.79  48.36  0.00   8.43   12.00  0.24   0.41   
1834099.36 404070.83 -6137.85 "4/11/2015" 99.00  1834099.36 404070.83 -6137.85 3.07   0.00   3.40   0.00   0.89   888.84 94.49  64.53  35.62  -0.21  -0.98  0.00   0.98   -0.21  0.01   0.92   3.39   0.07   0.84   0.85   0.91   0.83   3.00   0.09   0.40   0.20   3.00   0.00   -999.25 -1.95  889.50 0.00   42.95  12.00  0.03   0.33   
1833921.96 404026.24 -6400.04 "4/11/2015" 100.00 1833921.96 404026.24 -6400.04 16.12  0.00   17.29  0.00   0.35   887.65 60.34  42.80  27.88  -0.93  0.34   0.15   0.14   -0.05  0.99   0.65   4.55   0.56   0.92   0.96   0.96   0.95   14.20  0.63   0.93   0.67   3.00   0.00   -999.25 -2.37  204.36 0.00   10.59  12.00  0.52   0.23   
1833479.31 403883.19 -5663.05 "4/11/2015" 101.00 1833479.31 403883.19 -5663.05 2.22   0.00   2.86   0.00   0.30   437.82 59.68  26.68  16.92  0.43   -0.90  0.06   0.90   0.43   0.00   0.26   3.42   0.10   0.74   0.73   0.77   0.66   4.34   0.15   0.29   0.48   3.00   0.00   -999.25 -2.73  59.77  0.00   19.55  11.00  0.02   0.29   
1833461.21 404084.56 -6068.50 "4/11/2015" 102.00 1833461.21 404084.56 -6068.50 4.78   0.00   5.57   0.00   0.23   344.16 68.27  65.41  18.38  -0.98  -0.14  0.14   0.12   -0.98  -0.16  0.83   3.88   0.24   0.78   0.68   0.91   0.79   5.63   0.33   0.46   0.63   3.00   0.00   -999.25 -2.34  224.63 0.00   20.34  12.00  0.08   0.32   
1833651.50 403908.20 -5555.55 "4/11/2015" 103.00 1833651.50 403908.20 -5555.55 2.16   0.00   3.00   0.00   0.34   560.66 63.05  37.45  22.11  -0.73  0.67   -0.15  -0.68  -0.73  0.01   0.83   3.18   0.06   0.74   0.65   0.89   0.62   2.88   0.09   0.23   0.34   3.00   0.00   -999.25 -2.46  149.21 0.00   25.54  10.00  0.03   0.28   
1833749.03 404008.37 -6097.98 "4/11/2015" 104.00 1833749.03 404008.37 -6097.98 8.35   0.00   9.09   0.00   0.23   588.71 66.11  59.33  27.83  -0.88  0.44   0.19   -0.45  -0.89  -0.00  0.84   4.11   0.29   0.87   0.94   0.92   0.91   8.32   0.35   0.53   0.67   3.00   0.00   -999.25 -2.24  325.29 0.00   24.99  12.00  0.06   0.34   
1834040.24 404111.73 -6105.35 "4/11/2015" 105.00 1834040.24 404111.73 -6105.35 9.82   0.00   11.54  0.00   0.62   815.67 65.16  32.46  21.90  -0.98  0.19   0.09   0.09   -0.02  1.00   0.32   4.30   0.40   0.90   0.98   0.92   0.92   11.24  0.46   0.89   0.49   3.00   0.00   -999.25 -2.14  452.20 0.00   16.54  12.00  0.30   0.26   
1834154.75 404367.31 -6203.36 "4/11/2015" 106.00 1834154.75 404367.31 -6203.36 2.81   0.00   3.62   0.00   0.31   955.71 71.18  65.84  52.10  -0.12  0.99   0.01   0.90   0.10   0.42   0.51   3.12   0.06   0.72   0.77   0.75   0.66   2.79   0.09   0.22   0.34   3.00   0.00   -999.25 -2.18  394.38 0.00   24.56  10.00  0.08   0.26   
1833790.93 403992.85 -6026.78 "4/11/2015" 107.00 1833790.93 403992.85 -6026.78 1.98   0.00   2.69   0.00   0.56   599.76 119.13 70.23  27.99  -0.45  -0.89  0.00   0.88   -0.44  -0.18  0.31   3.13   0.03   0.62   0.68   0.84   0.62   2.54   0.06   0.26   0.25   3.00   0.00   -999.25 -2.50  129.42 0.00   20.22  10.00  0.05   0.58   
1833559.57 403935.15 -5699.67 "4/11/2015" 108.00 1833559.57 403935.15 -5699.67 4.90   0.00   6.35   0.00   0.51   428.67 64.35  19.63  19.22  0.61   -0.79  0.06   0.04   -0.05  -1.00  0.63   4.32   0.37   0.85   0.93   0.94   0.91   8.26   0.48   0.77   0.63   3.00   0.00   -999.25 -1.81  1419.30 0.00   23.72  12.00  0.32   0.62   
1833993.91 404068.22 -6113.71 "4/11/2015" 109.00 1833993.91 404068.22 -6113.71 20.30  0.00   21.20  0.00   0.42   785.01 65.22  31.78  20.75  -0.96  0.24   0.11   0.11   -0.03  0.99   0.94   4.44   0.46   0.87   0.98   0.94   0.93   14.43  0.55   0.92   0.59   3.00   0.00   -999.25 -1.70  2087.66 0.01   17.85  12.00  1.12   0.26   
1834055.09 404058.08 -6387.19 "4/11/2015" 110.00 1834055.09 404058.08 -6387.19 2.91   0.00   3.44   0.00   0.86   972.89 185.42 63.78  47.20  -0.25  -0.97  0.00   0.90   -0.24  -0.36  0.17   3.33   0.06   0.72   0.75   0.86   0.74   3.07   0.09   0.32   0.27   3.00   0.00   -999.25 -2.51  126.57 0.00   16.24  12.00  0.09   0.51   
1833612.68 403963.19 -5705.45 "4/11/2015" 111.00 1833612.68 403963.19 -5705.45 2.52   0.00   3.40   0.00   0.86   444.28 127.02 60.96  22.63  -0.68  -0.73  -0.00  0.73   -0.68  0.05   0.96   3.36   0.09   0.76   0.79   0.83   0.72   3.22   0.12   0.37   0.28   3.00   0.00   -999.25 -2.78  50.48  0.00   13.38  12.00  0.06   0.46   
1833977.26 403967.81 -6394.53 "4/11/2015" 112.00 1833977.26 403967.81 -6394.53 1.97   0.00   2.39   0.00   0.40   940.04 133.69 63.88  45.78  -0.36  -0.93  -0.01  0.86   -0.34  -0.38  0.22   3.03   0.03   0.70   0.61   0.79   0.59   2.23   0.06   0.18   0.26   3.00   0.00   -999.25 -2.64  80.64  0.00   16.07  9.00   0.06   0.43   
1833761.56 403983.24 -6125.74 "4/11/2015" 114.00 1833761.56 403983.24 -6125.74 7.42   0.00   8.16   0.00   0.96   622.20 65.91  37.21  20.10  -0.84  0.46   0.28   0.25   -0.13  0.96   0.59   4.23   0.33   0.86   0.96   0.95   0.94   6.69   0.40   0.78   0.51   3.00   0.00   -999.25 -1.71  2033.41 0.01   43.63  12.00  0.07   0.68   
1833813.79 404014.44 -6338.24 "4/11/2015" 117.00 1833813.79 404014.44 -6338.24 2.43   0.00   3.19   0.00   0.71   774.48 129.52 63.94  38.88  -0.39  -0.92  -0.00  0.85   -0.36  -0.38  0.24   3.11   0.05   0.69   0.61   0.75   0.59   2.85   0.07   0.29   0.24   3.00   0.00   -999.25 -2.52  121.28 0.00   18.66  12.00  0.06   0.46   
1833859.20 403996.16 -6246.06 "4/11/2015" 119.00 1833859.20 403996.16 -6246.06 6.35   0.00   7.14   0.00   0.56   755.61 61.84  36.57  25.87  -0.90  0.36   0.24   0.23   -0.08  0.97   0.52   4.02   0.26   0.91   0.97   0.93   0.92   5.67   0.30   0.65   0.46   3.00   0.00   -999.25 -2.12  486.92 0.00   32.01  12.00  0.05   0.36   
1833546.83 403862.93 -5676.71 "4/11/2015" 120.00 1833546.83 403862.93 -5676.71 1.72   0.00   2.27   0.00   0.40   482.73 116.42 61.59  19.10  -0.83  -0.56  -0.00  0.56   -0.83  0.04   0.84   3.19   0.07   0.81   0.76   0.74   0.61   3.04   0.10   0.23   0.35   3.00   0.00   -999.25 -2.95  27.85  0.00   12.87  9.00   0.04   0.38   
1833525.94 403926.62 -5705.92 "4/11/2015" 121.00 1833525.94 403926.62 -5705.92 2.51   0.00   3.51   0.00   0.23   413.03 68.75  39.09  24.69  -0.61  0.79   -0.05  -0.79  -0.61  0.00   0.07   3.51   0.08   0.88   0.79   0.86   0.78   3.83   0.11   0.21   0.53   3.00   0.00   -999.25 -2.42  175.44 0.00   23.40  12.00  0.04   0.47   
1833796.54 404011.40 -5995.60 "4/11/2015" 122.00 1833796.54 404011.40 -5995.60 3.89   0.00   4.83   0.00   0.52   586.77 65.26  43.82  25.36  -0.88  0.45   0.15   -0.45  -0.89  0.01   0.99   3.74   0.15   0.81   0.88   0.89   0.83   4.70   0.20   0.47   0.45   3.00   0.00   -999.25 -2.64  81.74  0.00   16.14  9.00   0.06   0.30   
1834116.53 404233.68 -6386.90 "4/11/2015" 123.00 1834116.53 404233.68 -6386.90 2.03   0.00   2.84   0.00   0.42   1004.54 410.57 63.47  48.34  -0.03  -1.00  0.01   0.93   -0.03  -0.36  0.60   2.70   0.01   0.65   0.42   0.68   0.27   2.17   0.05   0.17   0.26   3.00   0.00   -999.25 -2.53  117.66 0.00   18.24  12.00  0.06   0.66   
1833915.00 403992.26 -6384.59 "4/11/2015" 124.00 1833915.00 403992.26 -6384.59 2.63   0.00   3.60   0.00   0.21   881.75 73.73  62.40  43.65  -0.37  -0.93  0.00   0.85   -0.34  -0.40  0.60   3.14   0.03   0.65   0.58   0.74   0.52   3.31   0.08   0.18   0.44   3.00   0.00   -999.25 -2.70  65.72  0.00   12.69  11.00  0.10   0.33   
1834667.12 404110.50 -6277.39 "4/11/2015" 125.00 1834667.12 404110.50 -6277.39 3.94   0.00   4.47   0.00   0.69   1459.23 160.18 63.65  48.51  -0.10  -1.00  0.00   0.98   -0.10  0.18   0.84   3.46   0.06   0.81   0.90   0.89   0.85   3.07   0.09   0.41   0.21   3.00   0.00   -999.25 -2.15  441.13 0.00   13.56  12.00  0.54   0.21   
1833993.22 404019.42 -6407.82 "4/11/2015" 126.00 1833993.22 404019.42 -6407.82 2.95   0.00   3.46   0.00   0.39   946.26 149.80 61.04  44.26  -0.30  -0.95  -0.00  0.95   -0.30  -0.11  0.39   3.28   0.05   0.76   0.82   0.80   0.71   2.89   0.08   0.24   0.34   3.00   0.00   -999.25 -2.68  69.84  0.00   11.26  10.00  0.15   0.28   
1833944.73 404012.18 -6123.85 "4/11/2015" 130.00 1833944.73 404012.18 -6123.85 12.24  0.00   12.26  0.00   0.54   760.54 64.54  31.26  19.83  -0.92  0.37   0.13   0.12   -0.05  0.99   0.57   4.39   0.43   0.89   0.98   0.94   0.93   8.58   0.51   0.89   0.57   3.00   0.00   -999.25 -1.70  2100.93 0.01   31.59  12.00  0.20   0.28   
1833979.38 403971.58 -6410.12 "4/11/2015" 131.00 1833979.38 403971.58 -6410.12 3.19   0.00   3.83   0.00   0.41   950.13 134.90 61.19  44.34  -0.36  -0.93  -0.00  0.93   -0.35  -0.11  0.62   3.43   0.07   0.83   0.88   0.88   0.82   3.29   0.09   0.26   0.36   3.00   0.00   -999.25 -2.61  89.50  0.00   14.04  11.00  0.10   0.42   
1833816.19 404006.82 -5422.90 "4/11/2015" 132.00 1833816.19 404006.82 -5422.90 2.77   0.00   4.21   0.00   0.40   700.97 67.55  30.03  21.72  -0.89  0.39   -0.22  -0.20  0.09   0.97   0.06   3.51   0.13   0.89   0.79   0.91   0.74   4.64   0.16   0.31   0.46   3.00   0.00   -999.25 -2.43  165.18 0.00   17.47  12.00  0.09   0.21   
1833587.74 403946.69 -6098.42 "4/11/2015" 133.00 1833587.74 403946.69 -6098.42 3.01   3.00   5.16   0.00   0.17   507.36 57.24  31.31  11.48  0.71   0.71   0.00   0.69   -0.69  -0.24  0.48   3.72   0.16   0.82   0.77   0.77   0.69   6.75   0.24   0.35   0.68   3.00   0.00   -999.25 -2.15  436.30 0.00   19.90  10.00  0.17   0.57   
1833619.56 403943.73 -5694.58 "4/11/2015" 134.00 1833619.56 403943.73 -5694.58 2.38   0.00   2.58   0.00   0.64   464.57 147.54 44.32  29.26  0.72   -0.69  0.06   0.04   -0.04  -1.00  0.85   3.20   0.03   0.80   0.82   0.85   0.77   2.15   0.05   0.20   0.23   3.00   0.00   -999.25 -2.60  94.45  0.00   10.90  12.00  0.22   0.57   
1833617.83 403892.78 -6156.96 "4/11/2015" 135.00 1833617.83 403892.78 -6156.96 11.72  0.00   13.14  0.00   1.11   589.67 65.73  37.11  22.07  -0.64  0.68   0.35   0.24   -0.25  0.94   0.18   4.47   0.49   0.93   0.96   0.95   0.95   33.59  0.56   0.91   0.61   3.00   0.00   -999.25 -1.92  973.15 0.00   17.88  12.00  0.52   0.65   
1833956.59 403996.84 -6153.24 "4/11/2015" 138.00 1833956.59 403996.84 -6153.24 8.72   0.00   8.71   0.00   0.43   787.63 63.08  38.50  30.09  -0.94  0.33   0.10   0.09   -0.03  1.00   0.10   4.19   0.31   0.85   0.96   0.94   0.92   6.38   0.38   0.72   0.54   3.00   0.00   -999.25 -1.24  10096.19 0.02   41.66  12.00  0.42   0.58   
1833934.79 403859.42 -6425.58 "4/11/2015" 139.00 1833934.79 403859.42 -6425.58 3.72   0.00   4.50   0.00   0.40   967.33 152.41 63.88  43.41  -0.52  -0.85  0.00   0.82   -0.50  -0.27  0.08   3.43   0.09   0.86   0.77   0.82   0.75   3.46   0.12   0.31   0.39   3.00   0.00   -999.25 -2.51  128.60 0.00   16.01  12.00  0.10   0.39   
1834012.94 404062.76 -6287.15 "4/11/2015" 140.00 1834012.94 404062.76 -6287.15 4.22   0.00   4.98   0.00   0.37   882.08 117.62 62.04  37.07  -0.25  -0.97  -0.00  0.95   -0.25  -0.19  0.77   3.56   0.09   0.83   0.82   0.85   0.77   4.09   0.14   0.31   0.47   3.00   0.00   -999.25 -2.42  175.47 0.00   16.74  12.00  0.11   0.42   
1833563.71 403930.59 -5670.09 "4/11/2015" 142.00 1833563.71 403930.59 -5670.09 3.03   0.00   3.45   0.00   0.56   443.56 64.72  26.95  18.88  -0.67  0.74   -0.04  -0.74  -0.67  -0.00  0.24   4.02   0.20   0.74   0.91   0.91   0.88   6.62   0.30   0.56   0.57   3.00   0.00   -999.25 -2.51  125.66 0.00   10.23  12.00  0.36   0.46   
1834052.22 404058.23 -6391.60 "4/11/2015" 143.00 1834052.22 404058.23 -6391.60 2.03   0.00   2.68   0.00   1.41   973.19 385.02 63.69  47.05  -0.25  -0.97  0.00   0.90   -0.24  -0.37  0.67   2.88   0.02   0.67   0.47   0.86   0.47   2.11   0.05   0.24   0.18   3.00   0.00   -999.25 -2.45  153.81 0.00   20.71  12.00  0.05   0.77   
1834114.41 404146.40 -6435.54 "4/11/2015" 144.00 1834114.41 404146.40 -6435.54 3.54   0.00   4.20   0.00   0.44   1035.86 172.55 64.45  44.93  -0.10  -0.99  -0.00  0.96   -0.10  -0.25  0.90   3.45   0.07   0.85   0.82   0.91   0.82   3.24   0.10   0.28   0.36   3.00   0.00   -999.25 -2.32  243.66 0.00   19.23  12.00  0.10   0.44   
1833582.63 403943.62 -5646.11 "4/11/2015" 145.00 1833582.63 403943.62 -5646.11 2.66   0.00   3.00   0.00   1.06   455.11 96.76  59.38  16.90  -0.75  -0.66  -0.00  0.66   -0.75  0.06   0.09   3.67   0.06   0.51   0.86   0.92   0.87   4.28   0.13   0.51   0.28   3.00   0.00   -999.25 -2.56  104.81 0.00   14.96  12.00  0.10   0.94   
1833625.70 403877.40 -5652.24 "4/11/2015" 146.00 1833625.70 403877.40 -5652.24 2.41   0.00   2.95   0.00   0.55   525.94 60.22  35.65  17.73  -0.68  0.73   -0.05  -0.73  -0.68  0.00   0.35   3.52   0.08   0.81   0.81   0.90   0.82   3.52   0.12   0.31   0.39   3.00   0.00   -999.25 -2.41  178.13 0.00   23.60  12.00  0.04   0.55   
1833692.04 403933.67 -6257.04 "4/11/2015" 147.00 1833692.04 403933.67 -6257.04 2.51   0.00   3.09   0.00   0.42   672.87 181.94 61.17  33.19  -0.62  -0.79  0.00   0.75   -0.59  -0.30  0.89   3.30   0.06   0.80   0.62   0.79   0.66   3.28   0.10   0.26   0.38   3.00   0.00   -999.25 -2.55  111.71 0.00   19.13  11.00  0.05   0.45   
1834147.55 403898.45 -6164.09 "4/11/2015" 148.00 1834147.55 403898.45 -6164.09 5.28   0.00   6.39   0.00   0.18   988.90 158.55 68.32  54.67  -0.37  -0.93  0.00   0.90   -0.36  0.26   0.66   3.47   0.12   0.82   0.69   0.88   0.73   4.32   0.18   0.36   0.43   3.00   0.00   -999.25 -2.23  339.51 0.00   18.06  12.00  0.18   0.20   
1834574.32 404264.36 -6034.50 "4/11/2015" 149.00 1834574.32 404264.36 -6034.50 11.92  0.00   13.02  0.00   0.50   1303.86 65.10  43.94  37.92  -0.99  -0.02  0.13   0.02   -1.00  -0.01  0.12   4.17   0.31   0.86   0.92   0.94   0.89   10.65  0.38   0.83   0.45   3.00   0.00   -999.25 -1.92  969.34 0.00   16.82  12.00  0.62   0.14   
1833721.06 404075.63 -5579.85 "4/11/2015" 151.00 1833721.06 404075.63 -5579.85 1.77   0.00   2.71   0.00   0.25   522.05 90.28  64.44  23.44  -0.34  -0.94  0.00   0.93   -0.33  0.13   0.41   2.98   0.03   0.64   0.49   0.77   0.44   2.96   0.07   0.16   0.38   3.00   0.00   -999.25 -2.82  43.12  0.00   13.34  11.00  0.06   0.35   
1833890.60 403829.76 -6155.78 "4/11/2015" 152.00 1833890.60 403829.76 -6155.78 5.06   0.00   6.00   0.00   0.21   805.80 169.16 63.84  47.99  -0.56  -0.83  -0.01  0.81   -0.54  -0.20  0.15   3.77   0.15   0.86   0.81   0.87   0.80   6.13   0.21   0.35   0.62   3.00   0.00   -999.25 -2.17  416.29 0.00   19.74  11.00  0.16   0.49   
1833944.55 403991.67 -6137.87 "4/11/2015" 153.00 1833944.55 403991.67 -6137.87 23.69  0.00   25.23  0.00   0.55   772.62 64.23  38.61  19.88  -0.93  0.36   0.12   0.11   -0.04  0.99   0.18   4.46   0.48   0.90   0.97   0.94   0.93   54.27  0.56   0.96   0.58   3.00   0.00   -999.25 -1.26  9621.79 0.02   27.41  12.00  1.42   0.35   
1833639.81 403898.69 -5752.78 "4/11/2015" 154.00 1833639.81 403898.69 -5752.78 2.15   0.00   2.43   0.00   0.62   497.88 73.11  61.80  23.44  -0.69  -0.73  0.00   0.73   -0.68  0.02   0.31   3.09   0.03   0.72   0.72   0.78   0.64   2.23   0.05   0.23   0.22   3.00   0.00   -999.25 -2.67  71.98  0.00   21.40  11.00  0.02   0.40   
1833598.76 403902.37 -5743.37 "4/11/2015" 155.00 1833598.76 403902.37 -5743.37 3.61   0.00   4.09   0.00   0.56   468.52 61.57  26.12  22.64  -0.68  0.73   -0.02  -0.73  -0.68  -0.00  0.29   3.80   0.18   0.89   0.90   0.94   0.90   4.52   0.22   0.47   0.44   3.00   0.00   -999.25 -2.48  139.94 0.00   21.11  12.00  0.05   0.34   
1833577.50 403932.96 -5735.32 "4/11/2015" 156.00 1833577.50 403932.96 -5735.32 4.89   0.00   5.16   0.00   0.49   433.57 61.44  28.57  21.73  -0.70  0.71   -0.02  -0.71  -0.70  -0.00  0.84   4.00   0.26   0.90   0.92   0.94   0.90   6.21   0.31   0.57   0.53   3.00   0.00   -999.25 -2.32  244.23 0.00   26.39  12.00  0.04   0.30   
1833724.02 404140.49 -5788.54 "4/11/2015" 157.00 1833724.02 404140.49 -5788.54 1.57   0.00   2.37   0.00   0.54   448.80 145.82 60.48  21.79  -0.24  -0.97  0.00   0.97   -0.24  -0.01  0.80   3.01   0.02   0.65   0.58   0.82   0.57   2.23   0.05   0.20   0.25   3.00   0.00   -999.25 -2.84  40.99  0.00   13.42  10.00  0.05   0.42   
1833578.40 403918.67 -6108.01 "4/11/2015" 160.00 1833578.40 403918.67 -6108.01 3.29   0.00   4.10   0.00   0.33   524.33 88.70  66.44  25.98  -0.74  -0.68  -0.00  0.66   -0.72  -0.23  0.76   3.45   0.08   0.78   0.69   0.87   0.71   3.77   0.12   0.24   0.51   3.00   0.00   -999.25 -2.30  263.93 0.00   29.24  10.00  0.03   0.59   
1833603.39 404083.58 -5944.65 "4/11/2015" 161.00 1833603.39 404083.58 -5944.65 4.40   0.00   5.57   0.00   0.16   375.93 66.34  60.49  17.90  -0.40  -0.91  -0.00  0.91   -0.40  -0.12  0.45   3.64   0.13   0.76   0.79   0.86   0.77   5.68   0.17   0.26   0.61   3.00   0.00   -999.25 -2.60  93.27  0.00   21.11  11.00  0.03   0.36   
1833764.11 403918.59 -5432.30 "4/11/2015" 162.00 1833764.11 403918.59 -5432.30 2.49   0.00   3.63   0.00   0.23   694.05 62.19  53.55  27.61  -0.75  0.62   -0.22  -0.63  -0.78  -0.02  0.16   3.42   0.16   0.82   0.71   0.78   0.66   4.17   0.19   0.39   0.37   3.00   0.00   -999.25 -2.19  387.34 0.00   28.79  12.00  0.05   0.14   
1833667.03 404159.75 -5800.98 "4/11/2015" 163.00 1833667.03 404159.75 -5800.98 1.71   0.00   2.10   0.00   0.59   388.32 88.01  83.82  29.03  -0.98  0.21   0.02   -0.21  -0.98  -0.01  0.50   2.83   0.01   0.59   0.64   0.72   0.50   1.64   0.03   0.18   0.14   3.00   0.00   -999.25 -2.72  60.43  0.00   16.68  11.00  0.04   0.32   
1833870.85 404714.86 -5645.16 "4/11/2015" 165.00 1833870.85 404714.86 -5645.16 9.55   0.00   9.65   0.00   0.53   767.45 61.19  24.28  19.34  -0.78  -0.63  -0.03  0.63   -0.78  0.00   0.03   4.44   0.50   0.90   0.97   0.95   0.94   8.62   0.58   0.88   0.62   3.00   0.00   -999.25 -1.68  2247.06 0.01   26.40  12.00  0.37   0.27   
1833767.05 404018.16 -5802.85 "4/11/2015" 166.00 1833767.05 404018.16 -5802.85 2.06   0.00   3.40   0.00   0.27   529.88 233.73 62.00  23.54  -0.42  -0.91  -0.01  0.91   -0.41  -0.03  0.84   2.99   0.03   0.65   0.53   0.81   0.49   2.76   0.06   0.16   0.33   3.00   0.00   -999.25 -2.50  130.21 0.00   19.84  12.00  0.05   0.42   
1833788.75 403991.80 -6145.17 "4/11/2015" 167.00 1833788.75 403991.80 -6145.17 23.23  0.00   25.80  0.00   0.74   649.25 65.02  37.57  16.00  -0.86  0.43   0.28   0.25   -0.13  0.96   0.04   4.50   0.49   0.91   0.98   0.95   0.94   16.23  0.56   1.00   0.56   3.00   0.00   -999.25 -1.50  4163.40 0.01   19.08  12.00  1.82   0.43   
1833758.10 403909.37 -6253.16 "4/11/2015" 168.00 1833758.10 403909.37 -6253.16 2.28   0.00   2.87   0.00   0.97   723.02 194.47 61.14  35.22  -0.60  -0.80  0.00   0.77   -0.58  -0.26  0.08   3.32   0.04   0.76   0.72   0.87   0.74   2.91   0.07   0.30   0.28   3.00   0.00   -999.25 -2.55  111.07 0.00   17.67  12.00  0.06   0.54   
1833620.48 403982.77 -5550.22 "4/11/2015" 169.00 1833620.48 403982.77 -5550.22 2.96   0.00   4.14   0.00   0.29   500.86 62.04  54.52  21.78  -0.72  0.67   -0.17  -0.68  -0.73  -0.01  0.60   3.42   0.10   0.79   0.70   0.81   0.68   4.57   0.13   0.27   0.47   3.00   0.00   -999.25 -2.46  149.21 0.00   22.73  11.00  0.04   0.22   
1833504.41 403734.90 -5910.32 "4/11/2015" 170.00 1833504.41 403734.90 -5910.32 1.86   3.00   2.96   0.00   0.51   562.02 213.61 31.49  10.22  0.92   0.39   0.00   -0.39  0.92   0.08   0.76   2.92   0.07   0.90   0.71   0.95   0.74   5.47   0.27   0.58   0.46   3.00   0.00   -999.25 -2.04  646.20 0.00   40.67  12.00  0.03   0.19   
1833519.97 403859.51 -5673.62 "4/11/2015" 171.00 1833519.97 403859.51 -5673.62 2.64   0.00   3.27   0.00   0.34   472.64 70.38  60.30  17.32  -0.82  -0.57  0.00   0.57   -0.82  0.05   0.44   3.71   0.18   0.86   0.76   0.88   0.77   6.22   0.24   0.47   0.46   3.00   0.00   -999.25 -2.49  134.06 0.00   21.33  12.00  0.04   0.31   
1834583.52 404062.96 -6058.80 "4/11/2015" 174.00 1834583.52 404062.96 -6058.80 2.81   0.00   3.47   0.00   0.85   1329.63 206.70 65.12  33.09  -0.14  -0.99  -0.00  0.99   -0.14  -0.03  0.79   3.25   0.05   0.80   0.83   0.84   0.76   2.67   0.07   0.31   0.22   3.00   0.00   -999.25 -1.89  1091.69 0.00   33.10  12.00  0.09   0.33   
1833661.70 404038.11 -5676.18 "4/11/2015" 175.00 1833661.70 404038.11 -5676.18 2.08   0.00   2.51   0.00   0.71   449.76 71.29  56.43  20.27  -0.91  0.42   -0.05  -0.42  -0.91  0.00   0.84   3.30   0.04   0.84   0.83   0.90   0.81   2.41   0.06   0.22   0.26   3.00   0.00   -999.25 -2.64  79.91  0.00   21.07  11.00  0.03   0.36   
1833916.08 404128.17 -5881.54 "4/11/2015" 177.00 1833916.08 404128.17 -5881.54 5.46   0.00   5.76   0.00   0.15   641.43 81.43  62.16  22.45  -0.20  -0.98  0.00   0.98   -0.20  -0.06  0.84   3.56   0.11   0.85   0.85   0.87   0.80   4.03   0.14   0.31   0.45   3.00   0.00   -999.25 -2.53  119.52 0.00   14.67  12.00  0.12   0.12   
1834254.72 404173.10 -6105.26 "4/11/2015" 176.00 1834254.72 404173.10 -6105.26 1.38   3.00   2.04   0.00   24.18  1010.43 193.74 30.82  16.20  0.07   1.00   0.00   0.99   -0.07  -0.08  0.27   2.79   0.00   0.46   0.50   0.77   0.46   7.28   0.03   0.21   0.12   3.00   0.00   -999.25 -2.35  217.92 0.00   21.01  11.00  0.07   0.73   
1833688.64 404077.42 -5942.25 "4/11/2015" 178.00 1833688.64 404077.42 -5942.25 3.16   0.00   3.88   0.00   0.35   451.31 61.77  40.74  19.28  -0.91  0.39   0.11   -0.40  -0.92  0.00   0.35   3.24   0.08   0.79   0.78   0.69   0.62   3.60   0.11   0.27   0.34   3.00   0.00   -999.25 -2.71  63.94  0.00   17.86  10.00  0.03   0.28   
1833157.81 403664.92 -6095.39 "4/11/2015" 179.00 1833157.81 403664.92 -6095.39 1.68   3.00   2.21   0.00   0.40   656.72 50.91  41.82  18.56  0.98   -0.22  0.00   0.22   0.96   0.20   0.48   2.30   0.00   0.80   0.76   0.87   0.75   3.94   0.14   0.28   0.45   3.00   0.00   -999.25 -2.40  186.26 0.00   22.75  11.00  0.05   0.31   
1833351.57 404229.95 -5912.18 "4/11/2015" 180.00 1833351.57 404229.95 -5912.18 1.59   0.00   2.44   0.00   6.19   114.32 68.90  19.76  18.47  -0.90  0.44   0.03   -0.43  -0.89  0.14   0.57   2.95   0.00   0.46   0.76   0.31   0.26   5.14   0.06   0.57   0.12   3.00   0.00   -999.25 -2.76  53.22  0.00   16.56  12.00  0.04   0.64   
1832749.59 404287.84 -5795.02 "4/11/2015" 181.00 1832749.59 404287.84 -5795.02 5.88   0.00   8.50   0.00   0.98   541.25 61.39  27.75  24.31  -1.00  0.07   -0.02  -0.07  -1.00  0.03   0.33   4.20   0.29   0.88   0.90   0.93   0.88   10.72  0.37   0.86   0.46   3.00   0.00   -999.25 -2.33  232.51 0.00   16.49  12.00  0.16   0.20   
1833789.75 403979.75 -6149.29 "4/11/2015" 183.00 1833789.75 403979.75 -6149.29 32.59  0.00   38.36  0.00   0.44   656.88 64.89  37.66  16.17  -0.86  0.43   0.28   0.26   -0.13  0.96   0.99   4.62   0.59   0.92   0.97   0.95   0.95   113.88 0.68   1.00   0.68   3.00   0.01   -999.25 -1.46  4768.31 0.01   14.09  12.00  5.18   0.36   
1834795.57 404317.15 -6155.80 "4/11/2015" 184.00 1834795.57 404317.15 -6155.80 6.77   0.00   7.68   0.00   0.92   1545.93 67.72  66.93  33.98  0.78   -0.60  0.15   0.59   0.80   0.11   0.95   3.99   0.22   0.88   0.95   0.94   0.92   6.04   0.26   0.73   0.33   3.00   0.00   -999.25 -1.73  1845.76 0.00   24.18  12.00  0.40   0.22   
1833553.32 403938.34 -5616.06 "4/11/2015" 185.00 1833553.32 403938.34 -5616.06 1.87   0.00   3.27   0.00   0.23   453.00 141.14 60.81  18.99  -0.78  -0.62  -0.00  0.62   -0.78  0.11   0.17   3.25   0.06   0.61   0.56   0.88   0.61   4.04   0.10   0.21   0.43   3.00   0.00   -999.25 -2.44  161.29 0.00   28.41  11.00  0.02   0.42   
1833777.19 403988.36 -6154.93 "4/11/2015" 186.00 1833777.19 403988.36 -6154.93 6.03   0.00   7.06   0.00   0.61   646.78 65.02  52.34  37.31  -0.82  0.50   0.29   -0.52  -0.86  0.02   0.83   4.12   0.31   0.93   0.92   0.93   0.90   7.23   0.36   0.72   0.50   3.00   0.00   -999.25 -2.00  729.33 0.00   32.99  12.00  0.06   0.42   
1833810.90 403893.93 -5943.77 "4/11/2015" 187.00 1833810.90 403893.93 -5943.77 3.17   0.00   3.67   0.00   0.78   642.02 63.69  29.69  22.53  -0.83  0.55   0.10   -0.55  -0.83  0.00   0.49   3.55   0.09   0.84   0.87   0.89   0.84   3.66   0.12   0.41   0.30   3.00   0.00   -999.25 -2.39  193.11 0.00   22.63  12.00  0.05   0.43   
1834173.35 403924.21 -6429.60 "4/11/2015" 188.00 1834173.35 403924.21 -6429.60 3.51   0.00   4.05   0.00   0.44   1122.48 270.06 64.63  47.39  -0.34  -0.94  -0.00  0.92   -0.33  -0.22  0.19   3.35   0.07   0.80   0.85   0.88   0.75   3.01   0.09   0.30   0.30   3.00   0.00   -999.25 -2.25  316.65 0.00   21.35  12.00  0.10   0.27   
1834150.02 403805.26 -6168.09 "4/11/2015" 189.00 1834150.02 403805.26 -6168.09 1.86   0.00   2.01   0.00   0.86   1028.76 204.07 111.22 40.50  -0.46  -0.89  -0.00  0.89   -0.46  -0.03  0.90   3.01   0.02   0.69   0.84   0.85   0.71   1.71   0.03   0.18   0.16   3.00   0.00   -999.25 -2.25  312.10 0.00   22.02  11.00  0.09   0.44   
1833796.20 403872.21 -6154.97 "4/11/2015" 191.00 1833796.20 403872.21 -6154.97 25.23  0.00   27.17  0.00   0.79   714.52 63.56  38.76  18.15  -0.78  0.60   0.20   0.16   -0.12  0.98   0.62   4.51   0.48   0.87   0.96   0.96   0.94   64.69  0.57   1.00   0.57   3.00   0.04   -999.25 -0.95  27963.07 0.07   23.57  12.00  6.49   0.82   
1833773.56 403890.51 -6145.34 "4/11/2015" 192.00 1833773.56 403890.51 -6145.34 2.52   0.00   2.75   0.00   0.77   684.35 132.65 64.72  38.46  -0.60  -0.80  0.00   0.78   -0.59  -0.23  0.06   3.25   0.04   0.71   0.72   0.85   0.72   2.67   0.08   0.26   0.28   3.00   0.00   -999.25 -2.02  689.08 0.00   37.41  12.00  0.04   1.06   
1834109.59 403758.81 -6096.38 "4/11/2015" 193.00 1834109.59 403758.81 -6096.38 2.09   0.00   3.50   0.00   0.20   994.15 238.44 116.84 13.78  -0.51  -0.86  -0.00  0.86   -0.51  -0.02  0.07   2.81   0.02   0.53   0.52   0.78   0.43   2.08   0.03   0.12   0.26   3.00   0.00   -999.25 -2.26  302.23 0.00   19.62  11.00  0.12   0.26   
1833695.71 404128.24 -5944.72 "4/11/2015" 194.00 1833695.71 404128.24 -5944.72 10.86  0.00   12.06  0.00   0.24   442.15 61.02  27.64  19.11  -0.95  0.30   0.11   -0.30  -0.95  0.01   0.80   4.24   0.38   0.91   0.94   0.93   0.90   9.79   0.45   0.72   0.62   3.00   0.00   -999.25 -2.61  91.24  0.00   14.57  12.00  0.09   0.19   
1833771.13 405079.58 -5657.01 "4/11/2015" 195.00 1833771.13 405079.58 -5657.01 2.21   3.00   2.61   0.00   0.38   976.82 49.68  27.80  3.60   0.87   -0.50  0.00   0.50   0.87   -0.01  0.89   3.54   0.10   0.90   0.90   0.95   0.89   3.66   0.12   0.27   0.42   3.00   0.00   -999.25 -2.33  239.98 0.00   19.15  12.00  0.10   0.10   
1833641.36 405039.71 -5680.99 "4/11/2015" 196.00 1833641.36 405039.71 -5680.99 2.42   3.00   3.32   0.00   0.11   879.64 85.18  28.96  11.87  0.91   -0.41  0.00   0.41   0.91   0.05   0.24   3.56   0.09   0.88   0.86   0.91   0.83   6.30   0.11   0.21   0.53   3.00   0.00   -999.25 -2.52  121.16 0.00   11.89  12.00  0.22   0.09   
1833780.10 403935.02 -6174.07 "4/11/2015" 197.00 1833780.10 403935.02 -6174.07 1.84   0.00   2.68   0.00   0.21   681.71 81.41  64.17  30.22  -0.54  -0.84  -0.00  0.83   -0.53  -0.20  0.86   2.77   0.01   0.70   0.58   0.64   0.43   1.71   0.03   0.15   0.20   3.00   0.00   -999.25 -2.38  198.37 0.00   21.27  12.00  0.06   0.35   
1833471.43 403876.09 -5765.13 "4/11/2015" 198.00 1833471.43 403876.09 -5765.13 4.25   0.00   5.55   0.00   0.29   415.60 145.64 60.41  20.97  -0.90  -0.44  0.00   0.44   -0.90  -0.00  0.54   4.00   0.25   0.84   0.81   0.91   0.84   6.92   0.34   0.55   0.62   3.00   0.00   -999.25 -2.65  78.46  0.00   10.16  12.00  0.23   0.28   
1833654.27 404015.42 -5555.68 "4/11/2015" 199.00 1833654.27 404015.42 -5555.68 3.28   0.00   5.12   0.00   0.14   505.40 70.84  60.11  24.09  -0.88  0.46   -0.13  -0.46  -0.89  -0.00  0.04   3.61   0.11   0.79   0.69   0.86   0.72   5.80   0.16   0.26   0.64   3.00   0.00   -999.25 -2.57  104.22 0.00   20.50  11.00  0.04   0.31   
1833728.42 404033.35 -5544.68 "4/11/2015" 201.00 1833728.42 404033.35 -5544.68 2.80   0.00   3.93   0.00   0.20   559.56 66.58  61.63  23.01  -0.37  -0.93  0.01   0.92   -0.37  0.16   0.13   3.37   0.08   0.82   0.76   0.79   0.67   4.24   0.11   0.22   0.47   3.00   0.00   -999.25 -2.54  113.26 0.00   22.73  11.00  0.03   0.17   
1833781.69 403919.47 -5883.70 "4/11/2015" 202.00 1833781.69 403919.47 -5883.70 5.32   0.00   4.40   0.00   0.71   594.74 69.36  61.84  21.71  -0.52  -0.85  0.00   0.85   -0.52  -0.05  0.20   3.72   0.10   0.81   0.87   0.91   0.85   4.90   0.15   0.58   0.29   3.00   0.00   -999.25 -2.64  80.11  0.00   13.77  12.00  0.09   0.29   
1833676.08 404024.77 -5554.04 "4/11/2015" 203.00 1833676.08 404024.77 -5554.04 4.70   0.00   6.40   0.00   0.15   518.17 116.04 61.43  22.06  -0.51  -0.86  0.01   0.85   -0.50  0.18   0.17   3.72   0.14   0.81   0.72   0.86   0.67   6.27   0.21   0.33   0.71   3.00   0.00   -999.25 -2.51  125.20 0.00   21.11  12.00  0.04   0.31   
1834271.77 404611.11 -6301.17 "4/11/2015" 204.00 1834271.77 404611.11 -6301.17 1.61   0.00   3.42   0.00   1.14   1154.77 62.51  42.74  39.78  -0.94  -0.35  0.05   0.04   0.02   1.00   0.55   2.97   0.00   0.24   0.71   0.77   0.55   2.09   0.04   0.24   0.18   3.00   0.00   -999.25 -1.70  2108.64 0.01   51.23  12.00  0.05   1.61   
1833650.58 403974.61 -5553.99 "4/11/2015" 206.00 1833650.58 403974.61 -5553.99 2.52   0.00   3.56   0.00   0.22   523.54 61.25  46.93  22.37  -0.76  0.63   -0.16  -0.63  -0.77  -0.01  0.59   3.24   0.06   0.76   0.68   0.72   0.60   3.60   0.09   0.19   0.45   3.00   0.00   -999.25 -2.62  88.16  0.00   21.85  8.00   0.03   0.26   
1834625.30 404644.67 -6043.33 "4/11/2015" 207.00 1834625.30 404644.67 -6043.33 2.52   0.00   2.88   0.00   0.53   1412.99 143.26 70.27  34.56  0.29   -0.96  0.00   0.96   0.29   -0.03  0.66   3.15   0.03   0.73   0.81   0.91   0.78   2.03   0.04   0.20   0.20   3.00   0.00   -999.25 -2.17  415.93 0.00   21.32  12.00  0.13   0.23   
1834448.04 404949.44 -5769.41 "4/11/2015" 208.00 1834448.04 404949.44 -5769.41 10.36  3.00   8.56   0.00   0.03   1357.14 46.25  33.59  25.60  -0.52  0.85   -0.00  0.85   0.52   0.01   0.62   3.53   0.19   0.96   0.98   0.90   0.89   10.41  0.43   0.66   0.63   3.00   0.00   -999.25 -1.59  3008.98 0.01   14.37  12.00  3.08   0.22   
1834327.68 405024.83 -5735.30 "4/11/2015" 209.00 1834327.68 405024.83 -5735.30 3.61   3.00   4.85   0.00   0.14   1301.36 194.35 28.60  19.88  -0.60  0.80   0.00   0.80   0.60   0.00   0.05   3.22   0.06   0.66   0.63   0.85   0.59   3.29   0.09   0.21   0.41   3.00   0.00   -999.25 -2.01  717.70 0.00   20.96  12.00  0.24   0.52   
1833765.91 404100.96 -5527.16 "4/11/2015" 210.00 1833765.91 404100.96 -5527.16 2.39   0.00   3.43   0.00   0.13   577.26 99.86  64.86  24.05  -0.29  -0.96  -0.00  0.94   -0.29  0.17   0.43   3.15   0.04   0.80   0.64   0.73   0.54   3.31   0.08   0.17   0.44   3.00   0.00   -999.25 -2.58  100.22 0.00   21.52  11.00  0.03   0.24   
1833595.16 403824.34 -6251.76 "4/11/2015" 212.00 1833595.16 403824.34 -6251.76 4.27   0.00   5.14   0.00   0.71   677.89 71.66  61.02  33.54  -0.84  -0.54  0.01   0.51   -0.81  -0.29  0.95   3.99   0.29   0.85   0.87   0.88   0.84   8.33   0.36   0.58   0.57   3.00   0.00   -999.25 -2.31  253.81 0.00   24.92  12.00  0.05   0.58   
1833833.00 403986.46 -5405.96 "4/11/2015" 213.00 1833833.00 403986.46 -5405.96 2.23   0.00   3.11   0.00   0.42   730.20 61.99  27.08  26.97  -0.89  0.40   -0.21  0.19   0.75   0.64   0.94   3.40   0.10   0.80   0.79   0.88   0.76   3.52   0.13   0.31   0.34   3.00   0.00   -999.25 -2.60  92.10  0.00   19.92  8.00   0.04   0.18   
1833583.82 403894.96 -5661.68 "4/11/2015" 214.00 1833583.82 403894.96 -5661.68 2.58   0.00   3.45   0.00   0.23   484.23 71.64  59.95  17.33  -0.77  -0.63  0.00   0.63   -0.77  0.06   0.34   3.47   0.08   0.78   0.74   0.92   0.76   3.95   0.11   0.22   0.49   3.00   0.00   -999.25 -2.38  199.36 0.00   37.19  11.00  0.01   0.33   
1833829.84 404072.54 -5764.90 "4/11/2015" 215.00 1833829.84 404072.54 -5764.90 5.52   0.00   6.60   0.00   0.30   570.62 61.19  40.93  25.34  -0.95  0.31   -0.01  -0.31  -0.95  -0.00  0.66   3.83   0.19   0.92   0.93   0.93   0.90   5.58   0.23   0.47   0.47   3.00   0.00   -999.25 -2.42  171.53 0.00   22.52  12.00  0.05   0.13   
1833754.68 404103.78 -5539.17 "4/11/2015" 216.00 1833754.68 404103.78 -5539.17 1.62   0.00   2.16   0.00   0.35   561.25 110.96 71.44  26.35  -0.30  -0.96  0.00   0.94   -0.29  0.17   0.63   2.79   0.01   0.74   0.57   0.73   0.46   1.65   0.03   0.15   0.18   3.00   0.00   -999.25 -2.74  57.32  0.00   18.40  10.00  0.03   0.28   
1834828.12 404499.61 -6041.98 "4/11/2015" 217.00 1834828.12 404499.61 -6041.98 15.18  0.00   15.56  0.00   0.50   1576.24 64.54  46.14  29.21  -0.99  -0.16  0.04   0.16   -0.99  0.00   0.53   4.27   0.36   0.92   0.95   0.94   0.92   10.14  0.43   0.92   0.47   3.00   0.00   -999.25 -1.59  3029.04 0.01   19.91  12.00  1.17   0.16   
1833588.37 403884.74 -5584.44 "4/11/2015" 219.00 1833588.37 403884.74 -5584.44 2.49   0.00   3.62   0.00   0.30   523.99 62.46  59.10  21.58  -0.35  0.93   -0.15  -0.93  -0.36  -0.05  0.96   3.30   0.07   0.80   0.62   0.83   0.64   3.47   0.10   0.23   0.42   3.00   0.00   -999.25 -2.51  125.83 0.00   27.88  9.00   0.02   0.30   
1833798.11 406563.11 -5476.30 "4/11/2015" 220.00 1833798.11 406563.11 -5476.30 1.81   3.00   2.34   0.00   0.20   2397.32 88.81  80.57  74.49  0.98   -0.21  0.00   -0.00  -0.01  1.00   0.39   2.19   0.00   0.93   0.91   0.90   0.85   4.03   0.15   0.37   0.42   3.00   0.00   -999.25 -1.81  1414.26 0.00   20.70  12.00  0.48   0.05   
1833631.91 403957.10 -5887.26 "4/11/2015" 221.00 1833631.91 403957.10 -5887.26 2.66   0.00   3.95   0.00   0.17   453.68 118.63 63.38  17.45  -0.64  -0.77  -0.00  0.77   -0.64  -0.08  0.04   3.46   0.08   0.80   0.69   0.87   0.74   4.20   0.12   0.22   0.51   3.00   0.00   -999.25 -2.52  122.09 0.00   22.84  12.00  0.03   0.31   
1834207.95 403795.50 -6418.14 "4/11/2015" 222.00 1834207.95 403795.50 -6418.14 5.58   0.00   6.14   0.00   1.23   1186.51 63.99  50.68  47.74  -0.89  0.40   -0.21  -0.18  0.11   0.98   0.81   3.89   0.16   0.86   0.95   0.95   0.93   5.81   0.19   0.67   0.29   3.00   0.00   -999.25 -2.47  144.08 0.00   12.83  12.00  0.21   0.48   
