# Petrel Points with attributes
# Unit in X and Y direction: ftUS
# Unit in depth: ft
VERSION 1
BEGIN HEADER
X
Y
Z
DATE,Time
DOUBLE,Event ID
DOUBLE,X(easting)
DOUBLE,Y(northing)
DOUBLE,Z(elevation)
DOUBLE,Detection SNR
DOUBLE,Event type
DOUBLE,Location SNR
DOUBLE,NOISE_LEVEL_ACC
DOUBLE,PSH_AMPL_RATIO
DOUBLE,QC Distance
DOUBLE,QC_EIGVAL_MAX
DOUBLE,QC_EIGVAL_MID
DOUBLE,QC_EIGVAL_MIN
DOUBLE,QC_EIGVEC_MAX_E
DOUBLE,QC_EIGVEC_MAX_N
DOUBLE,QC_EIGVEC_MAX_U
DOUBLE,QC_EIGVEC_MID_E
DOUBLE,QC_EIGVEC_MID_N
DOUBLE,QC_EIGVEC_MID_U
DOUBLE,QC_LOC_T0
DOUBLE,QI_CONFIDENCE
DOUBLE,QI_DATA_LOCATION
DOUBLE,QI_ORTHOGONALITY
DOUBLE,QI_POLARIZATION_AZM
DOUBLE,QI_POLARIZATION_INC
DOUBLE,QI_POLARIZATION_RESIDUAL
DOUBLE,QI_SNR
DOUBLE,QI_TRACEDATA
DOUBLE,QI_TRACEDATA_P
DOUBLE,QI_TRACEDATA_S
DOUBLE,SP_COMPONENTS_USED
DOUBLE,SP_ENERGY
DOUBLE,SP_LOCAL_MAGNITUDE
DOUBLE,SP_MAGNITUDE
DOUBLE,SP_MOMENT
DOUBLE,SP_POTENCY
DOUBLE,SP_RADIUS
DOUBLE,SP_RECEIVERS_USED
DOUBLE,SP_STRESS_DROP
DOUBLE,SVSH_AMPL_RATIO
END HEADER
1833738.87 404028.97 -5582.60 "4/11/2015" 1.00   1833738.87 404028.97 -5582.60 3.17   0.00   4.19   0.00   0.31   552.26 61.44  29.27  22.17  -0.88  0.45   -0.15  -0.45  -0.89  0.02   0.84   3.57   0.14   0.91   0.76   0.89   0.81   4.02   0.17   0.37   0.40   3.00   0.00   -999.25 -2.54  115.87 0.00   21.16  11.00  0.04   0.15   
1833620.08 404108.87 -5944.71 "4/11/2015" 3.00   1833620.08 404108.87 -5944.71 23.30  0.00   22.93  0.00   0.51   380.22 59.02  18.03  16.42  -0.89  0.45   0.10   0.05   -0.11  0.99   1.00   4.58   0.54   0.89   0.94   0.95   0.93   37.42  0.65   0.97   0.68   3.00   0.00   -999.25 -2.21  357.80 0.00   11.71  12.00  0.68   0.53   
1833642.16 404091.16 -5914.86 "4/11/2015" 5.00   1833642.16 404091.16 -5914.86 1.86   0.00   2.46   0.00   0.32   397.71 134.02 59.95  16.30  -0.39  -0.92  0.00   0.92   -0.39  -0.08  0.18   3.00   0.03   0.65   0.60   0.73   0.54   2.38   0.05   0.17   0.29   3.00   0.00   -999.25 -3.08  17.99  0.00   13.62  11.00  0.02   0.26   
1833601.60 404094.93 -5935.06 "4/11/2015" 6.00   1833601.60 404094.93 -5935.06 1.84   0.00   2.30   0.00   0.68   366.49 58.18  26.06  17.65  -0.89  0.44   0.11   -0.44  -0.90  0.00   0.57   3.08   0.04   0.74   0.77   0.67   0.60   2.40   0.07   0.24   0.24   3.00   0.00   -999.25 -2.94  28.32  0.00   17.31  9.00   0.02   0.50   
1833922.79 404629.59 -5764.04 "4/11/2015" 7.00   1833922.79 404629.59 -5764.04 2.82   3.00   4.03   0.00   0.16   743.26 134.08 29.17  13.45  -0.52  0.86   0.00   0.86   0.52   0.01   0.17   3.39   0.07   0.79   0.77   0.83   0.68   4.72   0.11   0.23   0.48   3.00   0.00   -999.25 -2.40  183.47 0.00   23.66  11.00  0.04   0.19   
1833559.39 404082.65 -5915.15 "4/11/2015" 8.00   1833559.39 404082.65 -5915.15 3.33   3.00   4.11   0.00   0.43   330.56 52.22  26.82  6.01   0.52   0.86   0.00   0.85   -0.51  -0.07  0.67   3.60   0.12   0.79   0.81   0.92   0.81   4.10   0.16   0.35   0.45   3.00   0.00   -999.25 -2.92  30.89  0.00   17.89  11.00  0.02   0.34   
1833616.98 404085.31 -5915.12 "4/11/2015" 10.00  1833616.98 404085.31 -5915.12 4.98   0.00   5.84   0.00   0.45   378.02 62.06  28.62  18.14  -0.91  0.40   0.09   -0.40  -0.92  -0.01  0.98   3.83   0.18   0.84   0.91   0.91   0.88   5.79   0.24   0.46   0.49   3.00   0.00   -999.25 -2.49  136.59 0.00   26.18  12.00  0.02   0.41   
1833535.91 404088.40 -5915.13 "4/11/2015" 11.00  1833535.91 404088.40 -5915.13 13.22  0.00   15.48  0.00   0.42   308.64 60.17  33.87  16.89  -0.85  0.52   0.10   -0.52  -0.85  -0.01  0.40   4.55   0.55   0.83   0.91   0.94   0.91   22.08  0.70   0.92   0.72   3.00   0.00   -999.25 -2.57  102.32 0.00   13.13  12.00  0.14   0.35   
1833683.58 403978.61 -5582.47 "4/11/2015" 12.00  1833683.58 403978.61 -5582.47 2.52   0.00   3.31   0.00   0.30   531.68 61.40  56.65  21.83  -0.83  0.53   -0.14  -0.54  -0.84  0.00   0.88   3.36   0.07   0.84   0.85   0.91   0.79   2.86   0.09   0.22   0.35   3.00   0.00   -999.25 -2.59  95.72  0.00   22.37  10.00  0.03   0.17   
1833697.49 403981.72 -5597.84 "4/11/2015" 15.00  1833697.49 403981.72 -5597.84 3.97   0.00   7.02   0.00   0.29   534.05 103.31 61.35  21.41  -0.54  -0.84  0.00   0.83   -0.54  0.13   0.50   3.96   0.26   0.89   0.77   0.91   0.80   6.95   0.31   0.60   0.56   3.00   0.00   -999.25 -2.32  240.70 0.00   24.07  12.00  0.05   0.29   
1833639.60 403970.06 -5555.05 "4/11/2015" 16.00  1833639.60 403970.06 -5555.05 8.99   0.00   10.74  0.00   0.28   517.87 62.65  26.09  21.14  -0.78  0.61   -0.15  -0.62  -0.79  0.00   0.20   4.47   0.49   0.93   0.93   0.93   0.91   14.14  0.56   0.78   0.78   3.00   0.00   -999.25 -2.20  372.66 0.00   24.11  12.00  0.08   0.29   
1833581.73 404049.31 -5945.10 "4/11/2015" 17.00  1833581.73 404049.31 -5945.10 1.82   0.00   2.59   0.00   0.44   374.91 95.35  62.00  18.42  -0.57  -0.82  -0.00  0.82   -0.57  -0.12  0.03   3.21   0.05   0.69   0.77   0.79   0.71   2.49   0.07   0.23   0.26   3.00   0.00   -999.25 -2.82  43.84  0.00   16.69  12.00  0.03   0.43   
1833774.11 403949.10 -5621.82 "4/11/2015" 18.00  1833774.11 403949.10 -5621.82 2.20   0.00   2.84   0.00   0.47   601.68 74.71  44.51  26.85  -0.87  0.49   -0.09  -0.49  -0.87  -0.01  0.15   3.05   0.02   0.74   0.73   0.89   0.70   1.75   0.03   0.19   0.16   3.00   0.00   -999.25 -2.69  68.32  0.00   17.03  11.00  0.04   0.22   
1833607.46 404084.39 -5922.93 "4/11/2015" 19.00  1833607.46 404084.39 -5922.93 4.67   0.00   5.45   0.00   0.38   372.30 61.35  43.26  17.96  -0.91  0.41   0.10   -0.42  -0.91  -0.01  0.79   3.79   0.24   0.78   0.82   0.83   0.77   6.68   0.29   0.51   0.51   3.00   0.00   -999.25 -2.81  45.69  0.00   16.12  12.00  0.03   0.31   
1833681.10 404124.22 -5941.05 "4/11/2015" 20.00  1833681.10 404124.22 -5941.05 2.16   0.00   2.67   0.00   0.47   428.79 99.66  60.59  18.87  -0.35  -0.94  0.01   0.93   -0.35  -0.10  0.09   2.94   0.03   0.70   0.68   0.72   0.48   2.29   0.06   0.19   0.27   3.00   0.00   -999.25 -2.56  106.54 0.00   30.17  9.00   0.01   0.56   
1833566.00 403973.20 -5728.97 "4/11/2015" 21.00  1833566.00 403973.20 -5728.97 1.74   0.00   2.68   0.00   0.32   398.77 146.69 58.55  21.35  -0.72  -0.69  0.00   0.69   -0.72  0.05   0.86   3.02   0.02   0.65   0.59   0.84   0.57   2.28   0.05   0.19   0.27   3.00   0.00   -999.25 -2.48  142.71 0.00   26.73  11.00  0.02   0.35   
1833646.32 404097.94 -5919.69 "4/11/2015" 22.00  1833646.32 404097.94 -5919.69 1.97   0.00   2.35   0.00   0.49   400.05 71.12  64.02  21.80  -0.96  0.26   0.10   -0.26  -0.96  -0.02  0.58   3.17   0.04   0.83   0.76   0.78   0.69   2.36   0.06   0.20   0.28   3.00   0.00   -999.25 -2.91  31.43  0.00   17.38  10.00  0.02   0.34   
1833668.93 404001.35 -5583.45 "4/11/2015" 24.00  1833668.93 404001.35 -5583.45 1.92   0.00   2.69   0.00   0.32   509.16 119.41 59.88  21.20  -0.52  -0.85  0.00   0.85   -0.52  0.13   0.63   3.11   0.05   0.75   0.59   0.78   0.60   2.52   0.07   0.19   0.31   3.00   0.00   -999.25 -2.50  130.37 0.00   30.24  11.00  0.01   0.28   
1833609.03 404098.41 -5916.00 "4/11/2015" 25.00  1833609.03 404098.41 -5916.00 4.77   0.00   5.97   0.00   0.26   365.90 61.15  40.83  17.91  -0.90  0.42   0.09   -0.43  -0.90  -0.00  0.09   3.73   0.20   0.83   0.83   0.84   0.78   5.61   0.24   0.43   0.52   3.00   0.00   -999.25 -2.79  47.57  0.00   16.56  11.00  0.03   0.23   
1833599.84 404061.88 -5895.55 "4/11/2015" 26.00  1833599.84 404061.88 -5895.55 1.94   0.00   2.73   0.00   0.64   369.56 60.04  55.30  16.00  -0.79  0.61   0.07   -0.61  -0.79  0.01   0.62   3.32   0.09   0.72   0.79   0.73   0.66   3.29   0.13   0.33   0.33   3.00   0.00   -999.25 -2.89  34.50  0.00   17.39  10.00  0.02   0.60   
1833612.42 403996.46 -5644.99 "4/11/2015" 27.00  1833612.42 403996.46 -5644.99 3.00   0.00   3.89   0.00   0.32   443.61 58.73  44.32  18.85  -0.72  0.69   -0.10  -0.69  -0.72  -0.01  0.37   3.47   0.10   0.88   0.78   0.83   0.76   3.77   0.13   0.28   0.42   3.00   0.00   -999.25 -2.77  51.50  0.00   19.08  10.00  0.02   0.32   
1833586.08 404085.72 -5944.35 "4/11/2015" 28.00  1833586.08 404085.72 -5944.35 3.91   0.00   5.05   0.00   0.28   360.50 58.92  43.68  17.63  -0.83  0.55   0.10   -0.55  -0.83  0.02   0.29   3.58   0.15   0.83   0.79   0.81   0.73   5.37   0.19   0.34   0.52   3.00   0.00   -999.25 -2.97  26.14  0.00   12.73  11.00  0.04   0.33   
1833564.14 404051.59 -5917.39 "4/11/2015" 29.00  1833564.14 404051.59 -5917.39 2.99   0.00   3.83   0.00   0.34   351.27 93.44  60.63  17.61  -0.57  -0.82  -0.00  0.82   -0.57  -0.10  0.40   3.42   0.10   0.86   0.56   0.83   0.63   4.09   0.15   0.29   0.50   3.00   0.00   -999.25 -2.17  403.27 0.00   47.50  11.00  0.01   0.42   
1833657.48 403976.90 -5596.74 "4/11/2015" 31.00  1833657.48 403976.90 -5596.74 2.58   0.00   3.92   0.00   0.31   507.10 61.43  20.92  14.82  -0.81  0.58   -0.12  -0.10  0.07   0.99   0.42   3.53   0.09   0.85   0.81   0.89   0.81   3.68   0.12   0.30   0.43   3.00   0.00   -999.25 -2.39  191.43 0.00   26.72  11.00  0.03   0.36   
1834221.44 403898.21 -6416.87 "4/11/2015" 32.00  1834221.44 403898.21 -6416.87 8.19   0.00   9.99   0.00   1.38   1161.62 63.45  50.03  28.40  0.92   -0.34  0.18   0.17   -0.06  -0.98  0.59   4.24   0.21   0.72   0.97   0.97   0.96   8.55   0.30   0.97   0.31   3.00   0.00   -999.25 -1.69  2187.57 0.01   33.15  12.00  0.18   0.47   
1834388.13 403821.44 -6398.94 "4/11/2015" 33.00  1834388.13 403821.44 -6398.94 2.95   0.00   3.51   0.00   0.44   1313.84 110.44 67.83  53.12  -0.36  -0.93  -0.00  0.84   -0.32  0.44   0.67   3.31   0.06   0.84   0.80   0.91   0.78   2.66   0.08   0.24   0.29   3.00   0.00   -999.25 -2.70  65.52  0.00   10.02  12.00  0.20   0.24   
1833858.82 403934.15 -6084.49 "4/11/2015" 34.00  1833858.82 403934.15 -6084.49 2.74   3.00   4.36   0.00   0.25   702.19 104.75 29.27  3.67   0.48   0.88   0.00   0.88   -0.48  -0.03  0.22   3.03   0.04   0.58   0.49   0.81   0.49   3.16   0.09   0.21   0.39   3.00   0.00   -999.25 -2.66  75.94  0.00   15.36  8.00   0.06   0.35   
1834420.59 404350.51 -6279.90 "4/11/2015" 35.00  1834420.59 404350.51 -6279.90 2.83   3.00   3.46   0.00   0.49   1227.01 135.96 29.21  19.89  -0.09  1.00   -0.00  1.00   0.09   -0.03  0.58   3.22   0.06   0.77   0.77   0.87   0.72   2.59   0.08   0.24   0.26   3.00   0.00   -999.25 -2.14  459.66 0.00   29.18  11.00  0.06   0.30   
1834753.41 404336.06 -5964.12 "4/11/2015" 36.00  1834753.41 404336.06 -5964.12 2.97   3.00   3.33   0.00   2.24   1474.76 68.43  35.06  21.97  -0.06  1.00   -0.00  1.00   0.06   -0.06  0.80   2.94   0.05   0.82   0.91   0.90   0.84   3.20   0.08   0.49   0.15   3.00   0.00   -999.25 -2.25  312.98 0.00   17.28  12.00  0.18   0.44   
1834012.05 404410.89 -5650.76 "4/11/2015" 38.00  1834012.05 404410.89 -5650.76 3.94   3.00   5.88   0.00   0.12   760.61 127.06 28.71  10.47  -0.22  0.97   0.00   0.97   0.22   0.06   0.57   3.52   0.08   0.76   0.75   0.88   0.74   4.86   0.12   0.22   0.56   3.00   0.00   -999.25 -2.42  175.32 0.00   12.82  11.00  0.25   0.37   
1833924.43 404604.97 -5645.01 "4/11/2015" 37.00  1833924.43 404604.97 -5645.01 24.33  0.00   25.16  0.00   0.16   750.49 60.38  41.36  18.97  -0.87  -0.49  -0.03  0.49   -0.87  -0.00  0.14   4.49   0.51   0.88   0.95   0.94   0.92   19.11  0.62   0.89   0.68   3.00   0.00   -999.25 -1.49  4243.31 0.02   23.72  12.00  0.97   0.44   
1833585.11 404313.21 -6155.87 "4/11/2015" 39.00  1833585.11 404313.21 -6155.87 1.80   0.00   2.39   0.00   0.39   454.53 69.53  65.07  29.08  0.58   -0.80  -0.13  0.73   0.59   -0.34  0.48   2.99   0.06   0.76   0.66   0.61   0.47   2.68   0.08   0.23   0.29   3.00   0.00   -999.25 -2.77  51.55  0.00   17.91  10.00  0.03   0.33   
1834348.43 403723.69 -6411.88 "4/11/2015" 40.00  1834348.43 403723.69 -6411.88 3.87   0.00   4.36   0.00   0.76   1322.17 128.62 67.51  53.19  -0.44  -0.90  -0.00  0.80   -0.40  0.45   0.76   3.45   0.08   0.81   0.80   0.87   0.77   3.41   0.11   0.42   0.26   3.00   0.00   -999.25 -2.62  87.95  0.00   10.61  11.00  0.22   0.27   
1834252.02 403946.67 -6419.64 "4/11/2015" 41.00  1834252.02 403946.67 -6419.64 3.32   0.00   3.78   0.00   0.87   1174.45 259.52 63.67  50.32  -0.29  -0.96  -0.00  0.94   -0.29  0.19   0.21   3.29   0.06   0.80   0.75   0.88   0.72   2.86   0.08   0.37   0.20   3.00   0.00   -999.25 -2.58  99.75  0.00   13.50  12.00  0.12   0.29   
1834342.96 403844.38 -6375.90 "4/11/2015" 43.00  1834342.96 403844.38 -6375.90 2.33   0.00   2.63   0.00   1.30   1258.46 185.47 63.51  58.96  -0.36  -0.93  0.00   0.91   -0.35  -0.21  0.96   3.21   0.02   0.82   0.80   0.89   0.79   2.09   0.04   0.29   0.13   3.00   0.00   -999.25 -2.50  133.42 0.00   16.64  12.00  0.09   0.56   
1834257.77 403860.83 -6426.70 "4/11/2015" 44.00  1834257.77 403860.83 -6426.70 11.47  0.00   12.46  0.00   1.26   1207.34 64.25  49.97  39.21  -0.91  0.37   0.17   0.16   -0.07  0.99   0.41   4.27   0.29   0.92   0.97   0.95   0.94   12.27  0.34   0.99   0.34   3.00   0.00   -999.25 -2.17  402.69 0.00   13.13  12.00  0.54   0.27   
1834456.86 403831.87 -6397.60 "4/11/2015" 45.00  1834456.86 403831.87 -6397.60 3.62   0.00   4.16   0.00   0.49   1368.11 202.05 69.63  53.86  -0.33  -0.94  -0.00  0.81   -0.28  0.51   0.94   3.36   0.07   0.83   0.81   0.85   0.75   3.02   0.09   0.33   0.27   3.00   0.00   -999.25 -2.42  169.79 0.00   15.92  11.00  0.13   0.21   
1834260.60 403891.83 -6403.11 "4/11/2015" 46.00  1834260.60 403891.83 -6403.11 5.11   0.00   5.64   0.00   0.43   1188.33 103.60 64.53  50.75  -0.33  -0.94  -0.00  0.91   -0.32  0.25   0.94   3.62   0.12   0.88   0.89   0.91   0.86   3.82   0.16   0.37   0.39   3.00   0.00   -999.25 -2.53  119.02 0.00   14.57  12.00  0.12   0.17   
1834545.68 404098.89 -6451.99 "4/11/2015" 47.00  1834545.68 404098.89 -6451.99 1.81   0.00   2.49   0.00   0.56   1415.44 317.12 63.92  55.97  -0.12  -0.99  -0.00  0.99   -0.12  -0.06  0.64   2.90   0.01   0.67   0.68   0.66   0.52   1.88   0.04   0.18   0.20   3.00   0.00   -999.25 -2.29  275.50 0.00   24.22  11.00  0.06   0.38   
1833612.97 404079.62 -5946.11 "4/11/2015" 48.00  1833612.97 404079.62 -5946.11 2.32   0.00   3.34   0.00   0.34   386.16 63.87  30.93  18.58  -0.91  0.40   0.13   -0.40  -0.91  -0.02  0.81   3.34   0.11   0.81   0.76   0.72   0.62   3.78   0.15   0.30   0.42   3.00   0.00   -999.25 -2.89  34.43  0.00   18.37  11.00  0.02   0.31   
1834298.14 403658.35 -6424.18 "4/11/2015" 49.00  1834298.14 403658.35 -6424.18 3.13   0.00   3.64   0.00   0.79   1315.79 135.95 66.96  52.93  -0.51  -0.86  0.01   0.77   -0.46  0.44   0.21   3.29   0.05   0.85   0.82   0.84   0.76   2.64   0.07   0.30   0.22   3.00   0.00   -999.25 -2.37  202.42 0.00   23.90  12.00  0.05   0.32   
1834270.14 403692.70 -6375.92 "4/11/2015" 50.00  1834270.14 403692.70 -6375.92 2.45   0.00   2.91   0.00   0.65   1257.06 166.93 74.52  65.17  -0.50  -0.87  -0.00  0.83   -0.48  -0.27  0.28   3.15   0.02   0.82   0.78   0.91   0.78   1.81   0.04   0.17   0.19   3.00   0.00   -999.25 -2.68  70.78  0.00   11.86  12.00  0.13   0.33   
1834174.26 403917.83 -6401.99 "4/11/2015" 52.00  1834174.26 403917.83 -6401.99 3.91   0.00   4.38   0.00   1.11   1110.27 83.61  63.31  48.95  -0.35  -0.94  -0.01  0.93   -0.35  0.11   0.40   3.56   0.08   0.90   0.92   0.94   0.90   3.29   0.10   0.44   0.22   3.00   0.00   -999.25 -2.62  86.68  0.00   13.40  12.00  0.11   0.28   
1834252.93 403686.58 -6436.70 "4/11/2015" 54.00  1834252.93 403686.58 -6436.70 2.90   0.00   3.57   0.00   0.56   1274.78 96.00  64.42  51.61  -0.50  -0.87  -0.00  0.86   -0.49  -0.17  0.50   3.19   0.04   0.79   0.72   0.86   0.71   2.41   0.06   0.24   0.24   3.00   0.00   -999.25 -2.31  251.03 0.00   22.23  12.00  0.07   0.40   
1834429.87 404022.18 -6403.40 "4/11/2015" 55.00  1834429.87 404022.18 -6403.40 1.86   0.00   2.81   0.00   0.35   1301.89 351.60 71.77  56.19  -0.19  -0.98  0.00   0.88   -0.17  0.44   0.60   2.76   0.01   0.55   0.44   0.65   0.37   1.94   0.04   0.15   0.24   3.00   0.00   -999.25 -2.44  164.15 0.00   19.81  11.00  0.06   0.41   
1833624.13 403978.65 -5643.41 "4/11/2015" 56.00  1833624.13 403978.65 -5643.41 1.70   0.00   2.25   0.00   0.44   462.88 63.39  56.26  21.13  -0.73  0.68   -0.10  -0.68  -0.73  -0.00  0.53   3.05   0.03   0.72   0.68   0.78   0.62   2.11   0.05   0.18   0.24   3.00   0.00   -999.25 -2.98  24.58  0.00   13.47  10.00  0.03   0.32   
1834458.46 404806.94 -5752.03 "4/11/2015" 57.00  1834458.46 404806.94 -5752.03 17.66  0.00   17.11  0.00   0.11   1299.15 61.71  50.95  44.02  -0.88  -0.44  -0.19  -0.45  0.89   -0.01  0.21   4.28   0.34   0.90   0.94   0.91   0.89   15.86  0.43   0.95   0.45   3.00   0.01   -999.25 -1.47  4668.03 0.01   10.93  12.00  10.86  0.39   
1834273.85 403737.81 -6423.77 "4/11/2015" 58.00  1834273.85 403737.81 -6423.77 6.81   0.00   8.10   0.00   0.31   1263.07 152.99 65.29  52.15  -0.47  -0.88  0.00   0.83   -0.44  0.34   0.22   3.88   0.20   0.86   0.85   0.92   0.84   5.60   0.26   0.53   0.52   3.00   0.00   -999.25 -2.34  225.30 0.00   14.79  12.00  0.21   0.33   
1834328.17 403840.06 -6433.88 "4/11/2015" 59.00  1834328.17 403840.06 -6433.88 3.45   0.00   4.28   0.00   0.62   1274.48 196.08 64.22  51.86  -0.35  -0.94  -0.00  0.93   -0.35  -0.14  0.69   3.22   0.04   0.74   0.70   0.84   0.66   2.82   0.08   0.30   0.27   3.00   0.00   -999.25 -2.35  218.36 0.00   19.52  12.00  0.09   0.38   
1834152.50 403791.99 -6304.24 "4/11/2015" 62.00  1834152.50 403791.99 -6304.24 2.91   0.00   2.85   0.00   1.07   1090.12 177.87 147.45 97.18  -0.44  -0.90  0.00   0.89   -0.44  -0.13  0.40   3.18   0.02   0.83   0.87   0.89   0.83   1.75   0.03   0.22   0.13   3.00   0.00   -999.25 -2.35  220.05 0.00   20.78  12.00  0.07   0.32   
1834118.23 403926.00 -6188.52 "4/11/2015" 63.00  1834118.23 403926.00 -6188.52 3.58   0.00   4.45   0.00   0.17   963.10 290.24 68.03  52.87  -0.35  -0.94  -0.00  0.84   -0.32  0.44   0.36   3.33   0.06   0.81   0.74   0.81   0.69   3.69   0.09   0.20   0.45   3.00   0.00   -999.25 -2.35  218.03 0.00   17.67  12.00  0.12   0.22   
1834285.10 403742.82 -6435.79 "4/11/2015" 64.00  1834285.10 403742.82 -6435.79 3.53   0.00   4.32   0.00   0.40   1275.65 166.88 64.63  51.83  -0.44  -0.90  -0.01  0.89   -0.43  -0.16  0.57   3.42   0.08   0.80   0.82   0.87   0.78   3.22   0.11   0.30   0.34   3.00   0.00   -999.25 -2.44  161.42 0.00   14.78  12.00  0.15   0.21   
1834377.14 403980.31 -6396.19 "4/11/2015" 65.00  1834377.14 403980.31 -6396.19 2.90   0.00   4.08   0.00   0.34   1260.71 362.38 66.42  52.17  -0.23  -0.97  -0.00  0.90   -0.21  0.38   0.17   3.06   0.02   0.69   0.62   0.82   0.57   2.46   0.06   0.20   0.29   3.00   0.00   -999.25 -2.49  135.74 0.00   16.03  11.00  0.10   0.40   
1833971.88 403815.06 -6097.64 "4/11/2015" 66.00  1833971.88 403815.06 -6097.64 2.95   0.00   3.57   0.00   0.58   854.58 118.70 65.73  32.99  -0.55  -0.83  -0.00  0.83   -0.55  -0.07  0.82   3.26   0.05   0.71   0.74   0.89   0.71   2.79   0.08   0.29   0.26   3.00   0.00   -999.25 -2.52  123.51 0.00   16.84  11.00  0.08   0.41   
1833581.36 403921.37 -5730.80 "4/11/2015" 67.00  1833581.36 403921.37 -5730.80 2.22   0.00   2.85   0.00   0.58   445.39 52.38  20.44  20.02  -0.66  0.75   -0.01  -0.75  -0.66  0.01   0.79   3.58   0.13   0.80   0.74   0.84   0.72   4.34   0.19   0.39   0.47   3.00   0.00   -999.25 -2.69  68.66  0.00   16.08  11.00  0.05   0.49   
1834473.87 404261.89 -6386.50 "4/11/2015" 68.00  1834473.87 404261.89 -6386.50 1.66   3.00   2.22   0.00   0.63   1314.57 163.14 29.54  25.65  -0.01  1.00   0.00   0.99   0.01   -0.16  0.11   2.76   0.01   0.68   0.62   0.66   0.46   1.53   0.02   0.15   0.16   3.00   0.00   -999.25 -2.73  59.73  0.00   10.18  10.00  0.17   0.47   
1834395.45 403798.82 -6407.30 "4/11/2015" 69.00  1834395.45 403798.82 -6407.30 2.69   0.00   3.63   0.00   0.32   1331.09 358.35 68.03  53.32  -0.37  -0.93  -0.00  0.82   -0.33  0.46   0.19   3.12   0.04   0.77   0.73   0.74   0.62   2.47   0.06   0.21   0.28   3.00   0.00   -999.25 -2.24  319.28 0.00   27.94  12.00  0.04   0.27   
1833946.67 403955.87 -6260.67 "4/11/2015" 71.00  1833946.67 403955.87 -6260.67 1.60   0.00   2.15   0.00   0.75   844.30 325.63 72.13  46.20  -0.42  -0.91  0.00   0.89   -0.41  -0.20  0.55   2.76   0.01   0.52   0.42   0.77   0.41   1.80   0.03   0.15   0.21   3.00   0.00   -999.25 -2.64  79.99  0.00   18.29  12.00  0.04   0.92   
1834260.71 403739.81 -6385.09 "4/11/2015" 72.00  1834260.71 403739.81 -6385.09 1.97   3.00   3.12   0.00   0.33   1233.79 194.99 29.56  24.36  0.46   0.89   -0.00  0.86   -0.45  -0.22  0.44   2.98   0.02   0.68   0.55   0.82   0.56   2.07   0.04   0.15   0.27   3.00   0.00   -999.25 -2.31  257.40 0.00   26.61  11.00  0.04   0.44   
1833580.70 403903.97 -5734.79 "4/11/2015" 73.00  1833580.70 403903.97 -5734.79 2.50   0.00   3.17   0.00   0.46   457.06 60.18  30.87  22.94  -0.59  0.81   -0.05  -0.81  -0.59  0.00   0.64   3.59   0.13   0.81   0.78   0.92   0.79   4.29   0.18   0.37   0.43   3.00   0.00   -999.25 -2.81  45.80  0.00   12.20  11.00  0.08   0.35   
1833502.62 403907.40 -5734.93 "4/11/2015" 75.00  1833502.62 403907.40 -5734.93 4.46   3.00   5.52   0.00   0.26   408.70 49.96  28.11  9.25   0.85   0.53   0.00   -0.53  0.84   -0.03  0.86   3.99   0.25   0.85   0.78   0.91   0.82   8.56   0.33   0.51   0.66   3.00   0.00   -999.25 -2.56  108.50 0.00   16.90  12.00  0.07   0.38   
1833626.20 404142.62 -5798.93 "4/11/2015" 76.00  1833626.20 404142.62 -5798.93 2.77   0.00   3.38   0.00   0.32   353.38 59.65  56.73  19.67  -0.91  0.41   0.01   -0.41  -0.91  0.00   0.88   3.46   0.12   0.77   0.74   0.82   0.72   4.10   0.16   0.33   0.41   3.00   0.00   -999.25 -2.70  65.65  0.00   17.49  12.00  0.04   0.31   
1833584.80 403984.47 -5736.27 "4/11/2015" 77.00  1833584.80 403984.47 -5736.27 2.12   0.00   2.83   0.00   0.29   403.17 61.18  24.65  21.01  -0.78  0.63   -0.02  -0.63  -0.78  -0.00  0.96   3.22   0.06   0.74   0.71   0.73   0.61   3.21   0.09   0.19   0.42   3.00   0.00   -999.25 -2.92  31.11  0.00   11.58  9.00   0.06   0.35   
1834439.82 403873.09 -6325.59 "4/11/2015" 78.00  1834439.82 403873.09 -6325.59 1.74   0.00   2.02   0.00   0.95   1312.06 161.53 66.71  51.28  -0.32  -0.95  0.00   0.95   -0.32  0.04   0.37   2.87   0.01   0.74   0.67   0.76   0.56   1.56   0.02   0.17   0.14   3.00   0.00   -999.25 -1.91  992.79 0.00   46.38  8.00   0.03   0.48   
1834432.85 404045.42 -6397.76 "4/11/2015" 81.00  1834432.85 404045.42 -6397.76 1.73   0.00   2.59   0.00   0.50   1298.19 274.25 66.95  52.79  -0.18  -0.98  0.00   0.89   -0.16  0.42   0.88   2.59   0.01   0.51   0.39   0.61   0.26   1.67   0.03   0.14   0.19   3.00   0.00   -999.25 -2.51  128.56 0.00   14.30  10.00  0.13   0.50   
1833613.79 403921.15 -5555.03 "4/11/2015" 84.00  1833613.79 403921.15 -5555.03 2.79   0.00   4.05   0.00   0.17   529.24 67.92  57.69  20.72  -0.73  -0.68  -0.01  0.67   -0.73  0.13   0.88   3.49   0.09   0.82   0.71   0.88   0.69   5.28   0.13   0.25   0.55   3.00   0.00   -999.25 -2.52  120.12 0.00   21.87  10.00  0.03   0.26   
1833953.55 403825.50 -6087.76 "4/11/2015" 88.00  1833953.55 403825.50 -6087.76 3.44   0.00   4.25   0.00   0.39   831.44 113.28 65.77  21.23  -0.54  -0.84  -0.00  0.84   -0.54  -0.08  0.47   3.47   0.09   0.71   0.79   0.91   0.78   3.65   0.12   0.33   0.37   3.00   0.00   -999.25 -2.46  149.25 0.00   17.20  11.00  0.09   0.30   
1833730.91 404054.07 -5577.11 "4/11/2015" 90.00  1833730.91 404054.07 -5577.11 1.77   0.00   2.34   0.00   0.49   538.76 153.58 62.17  21.83  -0.42  -0.91  0.01   0.90   -0.41  0.15   0.05   3.06   0.03   0.69   0.58   0.90   0.64   2.13   0.05   0.19   0.23   3.00   0.00   -999.25 -2.56  104.71 0.00   29.69  11.00  0.01   0.39   
1834324.41 403898.92 -6451.28 "4/11/2015" 91.00  1834324.41 403898.92 -6451.28 2.26   0.00   2.78   0.00   0.71   1262.51 137.23 64.06  51.06  -0.31  -0.95  -0.00  0.93   -0.31  -0.18  0.17   3.02   0.02   0.75   0.70   0.79   0.63   1.95   0.04   0.20   0.19   3.00   0.00   -999.25 -2.32  246.29 0.00   22.31  12.00  0.07   0.41   
1834009.94 403433.37 -6395.16 "4/11/2015" 92.00  1834009.94 403433.37 -6395.16 1.94   3.00   2.31   0.00   0.79   1230.05 126.52 33.10  21.34  0.75   0.66   0.00   -0.59  0.66   -0.46  0.55   3.05   0.02   0.78   0.78   0.78   0.68   1.82   0.03   0.19   0.18   3.00   0.00   -999.25 -2.44  158.88 0.00   16.71  10.00  0.10   0.52   
1833562.53 403948.70 -5705.00 "4/11/2015" 93.00  1833562.53 403948.70 -5705.00 2.38   3.00   3.62   0.00   0.40   419.41 37.39  27.82  8.66   0.74   0.68   0.00   -0.68  0.73   -0.05  0.48   3.76   0.17   0.86   0.82   0.92   0.84   5.40   0.21   0.40   0.52   3.00   0.00   -999.25 -2.56  105.78 0.00   18.25  11.00  0.05   0.28   
1834070.89 404046.97 -6123.53 "4/11/2015" 95.00  1834070.89 404046.97 -6123.53 1.75   0.00   2.34   0.00   0.41   862.92 262.61 188.83 44.58  -0.25  -0.97  0.00   0.96   -0.25  -0.12  0.71   2.82   0.01   0.63   0.54   0.76   0.45   1.80   0.03   0.14   0.22   3.00   0.00   -999.25 -2.44  161.12 0.00   20.54  10.00  0.06   0.41   
1834162.51 403581.16 -6425.20 "4/11/2015" 97.00  1834162.51 403581.16 -6425.20 2.30   3.00   3.09   0.00   0.59   1254.48 170.13 29.30  24.33  0.61   0.80   0.00   0.80   -0.61  -0.02  0.11   2.98   0.02   0.68   0.65   0.84   0.59   1.97   0.04   0.20   0.20   3.00   0.00   -999.25 -2.46  149.08 0.00   17.44  10.00  0.09   0.44   
1834238.27 403692.27 -6440.11 "4/11/2015" 98.00  1834238.27 403692.27 -6440.11 2.51   0.00   3.02   0.00   0.64   1262.89 154.91 64.02  51.39  -0.51  -0.86  0.00   0.85   -0.51  -0.16  0.06   3.24   0.04   0.84   0.80   0.85   0.77   2.35   0.06   0.22   0.25   3.00   0.00   -999.25 -2.35  224.24 0.00   21.39  11.00  0.07   0.41   
1833650.90 404060.39 -5707.90 "4/11/2015" 99.00  1833650.90 404060.39 -5707.90 2.54   0.00   3.93   0.00   0.16   421.44 119.96 60.31  21.94  -0.47  -0.88  -0.00  0.88   -0.47  0.05   0.22   3.33   0.07   0.74   0.62   0.76   0.58   5.17   0.13   0.24   0.50   3.00   0.00   -999.25 -2.71  62.73  0.00   15.90  12.00  0.05   0.29   
1833886.58 403965.48 -6116.26 "4/11/2015" 100.00 1833886.58 403965.48 -6116.26 3.15   0.00   3.88   0.00   0.27   724.50 213.06 65.10  30.75  -0.43  -0.90  0.00   0.89   -0.42  -0.14  0.46   3.30   0.05   0.77   0.57   0.87   0.61   3.46   0.11   0.23   0.46   3.00   0.00   -999.25 -2.08  569.36 0.00   37.33  12.00  0.03   0.53   
1834421.44 403894.66 -6401.52 "4/11/2015" 101.00 1834421.44 403894.66 -6401.52 2.48   0.00   2.81   0.00   0.58   1321.65 198.60 67.98  53.14  -0.30  -0.95  0.00   0.85   -0.26  0.46   0.47   3.17   0.02   0.80   0.84   0.91   0.82   1.71   0.03   0.20   0.14   3.00   0.00   -999.25 -2.42  175.54 0.00   18.01  12.00  0.09   0.31   
1834161.50 403706.41 -6380.28 "4/11/2015" 103.00 1834161.50 403706.41 -6380.28 2.01   0.00   2.47   0.00   0.62   1169.91 346.53 63.92  55.08  -0.51  -0.86  -0.00  0.82   -0.49  -0.29  0.65   3.02   0.02   0.65   0.62   0.86   0.62   1.99   0.04   0.20   0.20   3.00   0.00   -999.25 -2.60  94.58  0.00   14.83  12.00  0.09   0.36   
1834804.73 404364.12 -6029.54 "4/11/2015" 104.00 1834804.73 404364.12 -6029.54 3.00   3.00   3.46   0.00   2.27   1535.31 113.28 29.95  21.45  -0.08  1.00   0.00   1.00   0.08   0.01   0.14   3.57   0.06   0.83   0.89   0.95   0.87   3.66   0.08   0.55   0.15   3.00   0.00   -999.25 -2.13  464.86 0.00   19.14  12.00  0.20   0.45   
1834254.09 403656.46 -6428.85 "4/11/2015" 105.00 1834254.09 403656.46 -6428.85 4.30   0.00   4.94   0.00   0.39   1285.39 149.96 64.40  52.27  -0.52  -0.85  -0.00  0.84   -0.52  -0.14  0.00   3.53   0.10   0.89   0.83   0.89   0.81   3.62   0.13   0.33   0.39   3.00   0.00   -999.25 -2.36  214.76 0.00   18.15  12.00  0.11   0.22   
1834342.82 404238.69 -6210.45 "4/11/2015" 106.00 1834342.82 404238.69 -6210.45 1.98   0.00   2.44   0.00   0.45   1124.83 246.79 71.76  48.65  -0.01  -1.00  -0.00  0.87   -0.01  0.49   0.55   2.93   0.02   0.65   0.71   0.75   0.61   1.67   0.03   0.19   0.14   3.00   0.00   -999.25 -2.32  246.44 0.00   18.60  11.00  0.12   0.22   
1834521.16 403774.19 -6162.61 "4/11/2015" 107.00 1834521.16 403774.19 -6162.61 3.87   0.00   4.66   0.00   0.38   1363.80 240.78 68.58  40.24  -0.35  -0.94  0.01   0.90   -0.33  0.26   0.06   3.29   0.09   0.78   0.80   0.88   0.76   3.74   0.12   0.36   0.28   3.00   0.00   -999.25 -2.00  734.61 0.00   28.85  12.00  0.09   0.12   
1834515.75 404154.66 -6158.06 "4/11/2015" 108.00 1834515.75 404154.66 -6158.06 9.65   0.00   10.94  0.00   0.16   1276.55 182.65 68.50  43.48  -0.07  -1.00  0.01   0.95   -0.06  0.29   0.59   3.85   0.21   0.88   0.90   0.91   0.86   7.31   0.26   0.48   0.51   3.00   0.00   -999.25 -1.84  1296.20 0.00   28.86  12.00  0.16   0.09   
1833496.02 403975.15 -5748.51 "4/11/2015" 109.00 1833496.02 403975.15 -5748.51 1.59   3.00   2.02   0.00   0.34   347.78 67.87  27.49  9.60   0.79   0.61   0.00   -0.61  0.79   -0.02  0.33   2.96   0.02   0.71   0.68   0.64   0.53   2.15   0.04   0.14   0.29   3.00   0.00   -999.25 -2.58  100.64 0.00   33.21  10.00  0.01   0.42   
1834058.53 403441.92 -6413.38 "4/11/2015" 110.00 1834058.53 403441.92 -6413.38 1.83   3.00   2.47   0.00   0.43   1262.15 165.73 29.31  24.62  0.72   0.69   -0.00  -0.69  0.72   -0.04  0.14   2.92   0.02   0.72   0.63   0.74   0.54   1.90   0.04   0.16   0.22   3.00   0.00   -999.25 -2.44  158.34 0.00   17.08  12.00  0.10   0.40   
1833882.33 403846.09 -6156.34 "4/11/2015" 111.00 1833882.33 403846.09 -6156.34 4.18   0.00   4.65   0.00   0.28   791.51 69.13  63.63  46.84  -0.59  -0.81  0.00   0.79   -0.58  -0.20  0.56   3.63   0.17   0.86   0.86   0.89   0.79   4.45   0.21   0.44   0.40   3.00   0.00   -999.25 -2.04  652.30 0.00   35.67  12.00  0.04   0.18   
1834271.28 403636.57 -6392.62 "4/11/2015" 113.00 1834271.28 403636.57 -6392.62 2.01   3.00   2.54   0.00   0.52   1290.96 151.20 33.94  22.03  0.53   0.85   0.00   0.74   -0.46  0.50   0.80   2.85   0.02   0.80   0.69   0.54   0.46   1.95   0.04   0.18   0.21   3.00   0.00   -999.25 -2.47  145.32 0.00   15.91  12.00  0.11   0.45   
1833490.95 403973.74 -5709.12 "4/11/2015" 114.00 1833490.95 403973.74 -5709.12 1.76   3.00   3.16   0.00   0.15   355.90 68.65  27.06  8.14   0.80   0.60   0.00   -0.60  0.80   -0.04  0.62   3.38   0.05   0.75   0.73   0.75   0.65   4.34   0.10   0.17   0.56   3.00   0.00   -999.25 -2.76  53.88  0.00   16.22  11.00  0.04   0.36   
1834631.62 404068.96 -6177.29 "4/11/2015" 116.00 1834631.62 404068.96 -6177.29 1.94   0.00   2.33   0.00   0.87   1401.34 210.26 68.09  39.15  -0.14  -0.99  -0.01  0.96   -0.14  0.25   0.91   2.95   0.03   0.76   0.75   0.76   0.57   1.97   0.05   0.23   0.17   3.00   0.00   -999.25 -2.23  327.38 0.00   20.36  12.00  0.12   0.35   
1834280.22 403663.20 -6151.67 "4/11/2015" 117.00 1834280.22 403663.20 -6151.67 1.97   0.00   2.10   0.00   0.77   1197.35 262.88 66.83  25.32  -0.51  -0.86  -0.01  0.86   -0.51  0.07   0.74   3.04   0.02   0.77   0.76   0.80   0.67   1.89   0.04   0.20   0.18   3.00   0.00   -999.25 -2.07  581.13 0.00   25.57  11.00  0.11   0.50   
1834256.16 404006.25 -6452.39 "4/11/2015" 118.00 1834256.16 404006.25 -6452.39 2.44   0.00   2.67   0.00   1.76   1181.41 136.36 63.98  48.68  -0.25  -0.97  0.00   0.95   -0.24  -0.22  0.84   3.25   0.03   0.84   0.79   0.92   0.81   2.22   0.04   0.31   0.14   3.00   0.00   -999.25 -1.89  1073.80 0.00   53.27  12.00  0.02   0.84   
1833590.90 403977.27 -5683.36 "4/11/2015" 119.00 1833590.90 403977.27 -5683.36 1.60   0.00   2.01   0.00   0.65   425.97 59.03  22.80  17.79  -0.74  0.67   -0.05  -0.67  -0.74  -0.00  0.89   3.06   0.04   0.77   0.64   0.75   0.58   2.41   0.06   0.22   0.26   3.00   0.00   -999.25 -3.06  19.08  0.00   9.83   12.00  0.06   0.54   
1833502.22 403994.71 -5773.75 "4/11/2015" 120.00 1833502.22 403994.71 -5773.75 1.73   0.00   2.36   0.00   0.66   332.41 68.51  25.35  21.73  -0.65  0.76   -0.00  -0.76  -0.65  -0.00  0.29   2.76   0.01   0.47   0.34   0.74   0.37   1.92   0.04   0.14   0.24   3.00   0.00   -999.25 -2.30  265.47 0.00   40.29  12.00  0.01   0.64   
1834195.63 403790.92 -6399.84 "4/11/2015" 121.00 1834195.63 403790.92 -6399.84 1.94   0.00   2.51   0.00   0.46   1169.53 282.07 65.09  51.00  -0.45  -0.89  -0.00  0.87   -0.44  0.22   0.46   2.85   0.01   0.69   0.56   0.71   0.44   2.01   0.04   0.18   0.22   3.00   0.00   -999.25 -2.50  129.81 0.00   17.78  11.00  0.07   0.45   
1834202.87 403948.71 -6393.37 "4/11/2015" 122.00 1834202.87 403948.71 -6393.37 13.82  0.00   14.86  0.00   0.35   1120.23 63.61  55.68  52.75  -0.91  0.27   0.32   -0.29  -0.96  0.00   0.36   4.24   0.37   0.92   0.95   0.94   0.91   9.26   0.43   0.72   0.60   3.00   0.00   -999.25 -2.34  229.00 0.00   11.02  12.00  0.52   0.28   
1833564.90 403973.70 -5704.98 "4/11/2015" 123.00 1833564.90 403973.70 -5704.98 2.43   0.00   3.17   0.00   0.53   403.72 97.26  65.85  19.88  -0.71  -0.71  0.01   0.71   -0.70  0.06   0.61   3.58   0.10   0.81   0.85   0.90   0.84   3.85   0.14   0.31   0.42   3.00   0.00   -999.25 -2.92  31.10  0.00   7.41   12.00  0.23   0.38   
1834308.17 404229.25 -6406.44 "4/11/2015" 124.00 1834308.17 404229.25 -6406.44 1.67   0.00   2.17   0.00   0.60   1177.23 318.74 64.01  50.42  -0.01  -1.00  -0.00  0.97   -0.01  0.24   0.08   2.80   0.01   0.70   0.58   0.71   0.51   1.48   0.02   0.13   0.16   3.00   0.00   -999.25 -2.75  55.24  0.00   9.42   9.00   0.20   0.67   
1833985.34 403807.73 -6117.71 "4/11/2015" 125.00 1833985.34 403807.73 -6117.71 31.50  0.00   31.17  0.00   0.32   875.71 65.18  33.34  31.64  -0.84  0.53   0.07   0.06   -0.04  1.00   0.68   4.43   0.44   0.94   0.97   0.95   0.94   38.57  0.50   0.98   0.51   3.00   0.01   -999.25 -1.22  10862.69 0.03   20.30  12.00  3.95   0.16   
1834194.22 404071.86 -6376.09 "4/11/2015" 129.00 1834194.22 404071.86 -6376.09 5.36   0.00   5.92   0.00   0.29   1077.79 165.59 63.43  51.58  -0.20  -0.98  0.01   0.93   -0.19  -0.31  0.76   3.59   0.12   0.86   0.82   0.87   0.79   4.33   0.16   0.32   0.49   3.00   0.00   -999.25 -2.63  84.35  0.00   10.56  12.00  0.22   0.23   
1833613.95 404096.00 -5822.83 "4/11/2015" 131.00 1833613.95 404096.00 -5822.83 1.78   0.00   2.28   0.00   0.66   358.04 58.61  39.21  19.89  -0.89  0.45   0.03   -0.45  -0.89  0.01   0.67   2.99   0.03   0.71   0.56   0.76   0.54   2.24   0.05   0.23   0.22   3.00   0.00   -999.25 -2.85  39.52  0.00   17.37  11.00  0.02   0.50   
1833624.58 404118.10 -5795.00 "4/11/2015" 132.00 1833624.58 404118.10 -5795.00 2.04   0.00   2.54   0.00   0.79   360.00 60.29  54.41  19.88  -0.89  0.46   0.03   -0.47  -0.89  -0.01  0.55   3.17   0.05   0.77   0.72   0.80   0.66   2.54   0.07   0.28   0.23   3.00   0.00   -999.25 -2.79  48.73  0.00   19.13  8.00   0.02   0.53   
1834537.14 404141.03 -6091.43 "4/11/2015" 133.00 1834537.14 404141.03 -6091.43 2.37   0.00   2.83   0.00   0.38   1282.31 213.53 66.76  19.28  -0.09  -1.00  -0.00  1.00   -0.09  -0.01  0.67   2.99   0.02   0.71   0.70   0.71   0.57   2.13   0.05   0.16   0.26   3.00   0.00   -999.25 -2.17  403.46 0.00   24.51  12.00  0.08   0.42   
1834344.45 404065.17 -6183.04 "4/11/2015" 134.00 1834344.45 404065.17 -6183.04 4.53   0.00   5.59   0.00   0.28   1131.56 66.87  61.19  47.77  0.94   -0.17  0.30   -0.17  -0.98  -0.01  0.59   3.46   0.11   0.79   0.81   0.92   0.79   3.52   0.13   0.32   0.35   3.00   0.00   -999.25 -2.11  513.51 0.00   29.27  12.00  0.06   0.18   
1834473.24 404121.24 -6167.31 "4/11/2015" 135.00 1834473.24 404121.24 -6167.31 2.11   0.00   2.48   0.00   0.53   1241.22 379.93 68.33  44.62  -0.11  -0.99  0.00   0.95   -0.10  0.31   0.05   2.84   0.02   0.69   0.63   0.73   0.54   1.82   0.04   0.18   0.18   3.00   0.00   -999.25 -2.30  259.04 0.00   16.80  11.00  0.17   0.37   
1833606.67 404101.55 -5822.80 "4/11/2015" 138.00 1833606.67 404101.55 -5822.80 3.10   0.00   3.95   0.00   0.31   349.11 58.29  55.79  19.59  0.68   -0.73  -0.03  0.73   0.68   -0.02  0.64   3.57   0.15   0.84   0.77   0.87   0.75   4.44   0.19   0.39   0.44   3.00   0.00   -999.25 -2.69  67.36  0.00   17.01  12.00  0.04   0.28   
1833867.40 403791.61 -6247.21 "4/11/2015" 139.00 1833867.40 403791.61 -6247.21 7.27   0.00   8.13   0.00   0.47   851.60 61.50  47.35  40.19  -0.79  0.59   0.17   -0.60  -0.80  -0.02  0.32   3.95   0.25   0.91   0.94   0.89   0.87   6.34   0.31   0.65   0.44   3.00   0.00   -999.25 -2.43  167.02 0.00   13.96  12.00  0.19   0.20   
1834471.72 403733.68 -6163.34 "4/11/2015" 142.00 1834471.72 403733.68 -6163.34 2.77   0.00   3.03   0.00   0.70   1334.49 285.21 68.90  41.43  -0.39  -0.92  0.01   0.89   -0.37  0.28   0.50   3.08   0.03   0.80   0.81   0.88   0.77   2.05   0.04   0.22   0.19   3.00   0.00   -999.25 -2.16  424.81 0.00   22.85  12.00  0.11   0.43   
1833994.29 404256.64 -5840.59 "4/11/2015" 143.00 1833994.29 404256.64 -5840.59 1.62   3.00   2.15   0.00   0.59   706.04 158.42 29.11  11.39  -0.02  1.00   0.00   1.00   0.02   -0.03  0.66   2.78   0.01   0.58   0.66   0.71   0.46   1.59   0.02   0.14   0.18   3.00   0.00   -999.25 -2.42  173.00 0.00   24.81  10.00  0.03   0.46   
1833089.79 404483.42 -5795.01 "4/11/2015" 144.00 1833089.79 404483.42 -5795.01 2.82   3.00   4.83   0.00   0.14   310.89 57.16  27.00  8.33   0.77   0.64   0.00   -0.64  0.77   -0.02  0.30   3.66   0.14   0.80   0.68   0.81   0.71   7.69   0.20   0.31   0.63   3.00   0.00   -999.25 -2.62  87.15  0.00   20.24  10.00  0.03   0.31   
1834630.38 404201.46 -6194.02 "4/11/2015" 145.00 1834630.38 404201.46 -6194.02 2.14   0.00   2.08   0.00   0.88   1394.08 110.22 97.29  64.96  0.93   -0.04  0.37   0.04   1.00   0.00   0.97   2.93   0.02   0.75   0.74   0.81   0.64   1.76   0.03   0.21   0.15   3.00   0.00   -999.25 -2.09  533.57 0.00   26.04  11.00  0.09   0.47   
1834640.14 404287.14 -6164.94 "4/11/2015" 148.00 1834640.14 404287.14 -6164.94 2.31   0.00   2.96   0.00   0.67   1395.89 299.47 68.13  38.65  0.04   -1.00  0.01   0.97   0.04   0.23   0.32   3.07   0.04   0.77   0.79   0.82   0.71   2.29   0.07   0.25   0.20   3.00   0.00   -999.25 -2.01  713.58 0.00   29.72  12.00  0.08   0.27   
1833553.44 403864.42 -5703.56 "4/11/2015" 149.00 1833553.44 403864.42 -5703.56 2.00   3.00   2.89   0.00   0.24   478.00 58.38  28.33  9.17   0.82   0.57   0.00   -0.57  0.82   -0.05  0.12   3.14   0.04   0.76   0.69   0.73   0.60   2.81   0.07   0.17   0.37   3.00   0.00   -999.25 -2.72  61.65  0.00   15.46  12.00  0.05   0.37   
1834022.89 403913.93 -6055.81 "4/11/2015" 152.00 1834022.89 403913.93 -6055.81 1.96   0.00   2.57   0.00   0.42   840.00 201.44 66.47  34.49  -0.41  -0.91  0.00   0.91   -0.40  -0.13  0.05   2.94   0.02   0.76   0.66   0.82   0.59   1.76   0.03   0.13   0.22   3.00   0.00   -999.25 -2.51  126.09 0.00   20.78  12.00  0.04   0.35   
1833790.84 404228.07 -5644.56 "4/11/2015" 153.00 1833790.84 404228.07 -5644.56 4.47   0.00   6.28   0.00   0.09   531.54 61.30  59.87  20.65  -0.17  -0.99  0.00   -0.98  0.17   -0.10  0.19   3.54   0.08   0.88   0.88   0.85   0.80   5.96   0.10   0.18   0.56   3.00   0.00   -999.25 -2.68  69.62  0.00   14.04  11.00  0.08   0.12   
1833839.04 404866.27 -5915.00 "4/11/2015" 154.00 1833839.04 404866.27 -5915.00 28.50  0.00   29.97  0.00   0.25   835.18 63.19  25.69  25.57  -0.66  -0.75  0.06   0.75   -0.64  0.16   0.39   4.35   0.42   0.94   0.95   0.95   0.93   55.48  0.47   0.89   0.53   3.00   0.01   -999.25 -1.54  3607.33 0.01   11.48  12.00  7.24   0.10   
1833878.30 404534.54 -5748.04 "4/11/2015" 155.00 1833878.30 404534.54 -5748.04 10.53  0.00   10.68  0.00   0.14   660.32 62.37  48.66  27.68  -0.90  -0.44  -0.03  0.44   -0.90  -0.00  0.05   4.01   0.24   0.93   0.95   0.92   0.90   7.28   0.29   0.46   0.65   3.00   0.00   -999.25 -2.10  530.74 0.00   20.43  12.00  0.19   0.23   
1833827.05 404855.20 -5915.10 "4/11/2015" 156.00 1833827.05 404855.20 -5915.10 16.33  0.00   17.11  0.00   0.29   819.07 63.21  34.42  25.35  -0.65  -0.75  0.06   0.76   -0.66  -0.00  0.97   4.36   0.43   0.93   0.96   0.96   0.93   23.90  0.48   0.89   0.54   3.00   0.00   -999.25 -1.90  1041.20 0.00   13.54  12.00  1.27   0.11   
1834225.01 403519.06 -6001.17 "4/11/2015" 157.00 1834225.01 403519.06 -6001.17 1.67   0.00   2.01   0.00   0.91   1199.20 188.11 153.79 83.94  -0.60  -0.80  -0.00  0.79   -0.60  -0.12  0.79   3.00   0.01   0.66   0.78   0.83   0.70   1.49   0.02   0.17   0.13   3.00   0.00   -999.25 -2.38  197.47 0.00   18.95  12.00  0.09   0.67   
1833607.51 403614.41 -6140.92 "4/11/2015" 158.00 1833607.51 403614.41 -6140.92 10.22  0.00   8.95   0.00   0.27   777.38 63.63  58.59  38.67  -0.45  0.88   0.11   -0.89  -0.46  0.00   0.37   4.17   0.30   0.93   0.96   0.94   0.93   11.30  0.36   0.79   0.46   3.00   0.00   -999.25 -2.02  681.89 0.00   15.39  12.00  0.57   0.29   
1834356.85 404128.52 -6333.49 "4/11/2015" 160.00 1834356.85 404128.52 -6333.49 2.14   0.00   2.34   0.00   0.69   1191.81 308.85 225.90 118.14 -0.12  -0.99  0.00   0.99   -0.12  -0.04  0.70   2.71   0.00   0.52   0.55   0.73   0.50   1.02   0.01   0.11   0.09   3.00   0.00   -999.25 -2.41  179.56 0.00   16.01  12.00  0.13   0.69   
1834336.98 404163.49 -6164.45 "4/11/2015" 161.00 1834336.98 404163.49 -6164.45 2.41   0.00   2.82   0.00   0.72   1107.11 127.12 67.61  49.16  -0.08  -1.00  0.00   0.94   -0.07  0.32   0.18   3.02   0.02   0.73   0.81   0.90   0.71   1.86   0.04   0.20   0.17   3.00   0.00   -999.25 -2.29  270.83 0.00   24.87  11.00  0.05   0.37   
1833951.32 403781.74 -6069.80 "4/11/2015" 163.00 1833951.32 403781.74 -6069.80 4.37   0.00   5.03   0.00   0.95   847.14 79.46  66.20  21.18  -0.59  -0.81  0.00   0.80   -0.59  -0.07  0.93   3.57   0.09   0.83   0.92   0.94   0.90   3.39   0.11   0.37   0.30   3.00   0.00   -999.25 -2.09  545.39 0.00   33.68  12.00  0.04   0.49   
1833585.53 403907.40 -5571.93 "4/11/2015" 164.00 1833585.53 403907.40 -5571.93 2.58   0.00   3.59   0.00   0.20   512.87 61.27  24.70  21.29  -0.66  0.74   -0.13  -0.75  -0.67  -0.01  0.75   3.61   0.16   0.85   0.73   0.81   0.71   6.12   0.23   0.41   0.49   3.00   0.00   -999.25 -2.91  32.31  0.00   11.18  11.00  0.07   0.20   
1833992.65 404057.22 -5840.98 "4/11/2015" 165.00 1833992.65 404057.22 -5840.98 4.34   0.00   5.17   0.00   0.96   729.09 62.55  36.15  25.91  -0.97  0.24   0.03   -0.24  -0.97  -0.01  0.52   3.61   0.07   0.77   0.94   0.94   0.91   3.51   0.10   0.49   0.22   3.00   0.00   -999.25 -1.94  898.61 0.00   40.99  12.00  0.04   0.28   
1834565.94 403857.68 -6015.56 "4/11/2015" 166.00 1834565.94 403857.68 -6015.56 3.36   0.00   3.87   0.00   0.42   1349.40 181.63 64.45  38.02  -0.30  -0.95  0.00   0.94   -0.30  -0.13  0.30   3.11   0.04   0.79   0.73   0.80   0.68   2.29   0.06   0.23   0.23   3.00   0.00   -999.25 -2.11  499.10 0.00   23.35  12.00  0.12   0.21   
1833568.88 403932.92 -5563.79 "4/11/2015" 168.00 1833568.88 403932.92 -5563.79 2.60   3.00   3.53   0.00   0.22   490.80 87.77  29.10  8.96   0.74   0.67   0.00   -0.66  0.74   -0.15  0.79   3.64   0.16   0.82   0.73   0.88   0.76   5.68   0.21   0.39   0.49   3.00   0.00   -999.25 -2.80  45.87  0.00   15.66  11.00  0.04   0.21   
1833702.60 404194.82 -5824.49 "4/11/2015" 169.00 1833702.60 404194.82 -5824.49 1.92   0.00   2.44   0.00   0.67   417.06 86.05  59.67  21.27  -0.17  -0.99  0.02   0.99   -0.17  -0.03  0.85   3.06   0.03   0.79   0.66   0.78   0.65   2.02   0.04   0.20   0.21   3.00   0.00   -999.25 -2.90  33.29  0.00   14.09  11.00  0.04   0.38   
1833553.52 403842.62 -5600.10 "4/11/2015" 171.00 1833553.52 403842.62 -5600.10 1.62   3.00   2.27   0.00   0.63   529.15 39.23  28.59  9.56   0.84   0.55   0.00   -0.55  0.83   -0.12  0.30   3.16   0.05   0.80   0.71   0.83   0.70   2.30   0.06   0.23   0.23   3.00   0.00   -999.25 -2.77  51.09  0.00   18.94  11.00  0.02   0.32   
1833551.55 403904.69 -5585.02 "4/11/2015" 172.00 1833551.55 403904.69 -5585.02 4.77   0.00   6.31   0.00   0.29   489.47 68.36  59.99  20.34  -0.85  -0.53  -0.01  0.53   -0.84  0.11   0.62   4.20   0.39   0.90   0.82   0.90   0.83   10.48  0.48   0.66   0.71   3.00   0.00   -999.25 -2.38  197.22 0.00   21.09  12.00  0.06   0.27   
1833578.44 403882.29 -5598.95 "4/11/2015" 173.00 1833578.44 403882.29 -5598.95 1.50   0.00   2.04   0.00   0.59   513.73 182.75 61.48  21.09  -0.78  -0.62  -0.00  0.62   -0.78  0.12   0.12   3.02   0.03   0.69   0.63   0.80   0.61   2.05   0.05   0.20   0.21   3.00   0.00   -999.25 -2.81  45.51  0.00   15.42  12.00  0.04   0.42   
1833831.73 404838.65 -5914.91 "4/11/2015" 174.00 1833831.73 404838.65 -5914.91 11.19  0.00   11.83  0.00   0.34   809.93 63.87  40.09  20.69  -0.68  -0.73  0.07   0.73   -0.68  -0.00  0.71   4.45   0.49   0.93   0.96   0.95   0.92   19.01  0.56   0.94   0.59   3.00   0.00   -999.25 -2.14  454.81 0.00   15.20  12.00  0.39   0.15   
1834768.10 404314.67 -6026.59 "4/11/2015" 175.00 1834768.10 404314.67 -6026.59 11.77  0.00   12.13  0.00   0.90   1495.63 77.60  65.03  38.93  0.04   -1.00  0.00   0.99   0.04   -0.15  0.75   4.00   0.24   0.85   0.89   0.94   0.86   9.70   0.30   0.77   0.37   3.00   0.00   -999.25 -1.94  905.71 0.00   9.81   12.00  2.91   0.12   
1833915.07 403713.46 -6400.61 "4/11/2015" 177.00 1833915.07 403713.46 -6400.61 2.42   0.00   3.26   0.00   0.34   1007.45 301.02 61.59  46.11  -0.65  -0.76  -0.00  0.76   -0.65  -0.04  0.94   3.07   0.04   0.74   0.66   0.72   0.55   2.63   0.06   0.19   0.33   3.00   0.00   -999.25 -2.62  87.72  0.00   15.88  12.00  0.07   0.31   
1834568.74 403795.23 -6032.32 "4/11/2015" 178.00 1834568.74 403795.23 -6032.32 3.95   0.00   4.42   0.00   0.44   1373.78 312.86 64.86  38.90  -0.34  -0.94  0.00   0.93   -0.34  -0.14  0.71   3.40   0.08   0.76   0.79   0.87   0.75   3.29   0.11   0.36   0.30   3.00   0.00   -999.25 -1.94  893.81 0.00   26.93  12.00  0.14   0.22   
1834381.39 403966.47 -6161.68 "4/11/2015" 179.00 1834381.39 403966.47 -6161.68 7.80   0.00   8.24   0.00   0.28   1178.99 129.12 68.83  47.08  -0.24  -0.97  0.01   0.92   -0.22  0.34   0.11   3.70   0.16   0.87   0.86   0.94   0.87   5.39   0.20   0.41   0.43   3.00   0.00   -999.25 -1.87  1163.87 0.00   35.88  12.00  0.08   0.13   
1833738.11 404197.20 -5795.98 "4/11/2015" 180.00 1833738.11 404197.20 -5795.98 2.42   0.00   3.83   0.00   0.25   452.55 70.86  60.63  21.82  -0.06  -1.00  -0.00  1.00   -0.06  -0.01  0.89   3.41   0.08   0.85   0.74   0.88   0.75   3.63   0.12   0.26   0.41   3.00   0.00   -999.25 -2.56  107.36 0.00   22.98  9.00   0.03   0.21   
1834624.24 404316.91 -6055.37 "4/11/2015" 181.00 1834624.24 404316.91 -6055.37 21.00  0.00   22.31  0.00   0.54   1358.35 94.89  65.40  32.58  0.05   -1.00  -0.00  1.00   0.05   -0.03  0.21   4.21   0.35   0.93   0.95   0.96   0.93   20.47  0.40   0.83   0.47   3.00   0.00   -999.25 -1.58  3120.85 0.01   19.17  12.00  1.35   0.12   
1833814.51 404843.71 -5914.51 "4/11/2015" 182.00 1833814.51 404843.71 -5914.51 5.00   0.00   5.54   0.00   0.32   802.20 63.64  44.25  20.64  -0.67  -0.74  0.07   0.74   -0.68  0.00   0.37   3.99   0.25   0.91   0.95   0.92   0.90   6.90   0.30   0.57   0.51   3.00   0.00   -999.25 -2.13  474.57 0.00   26.71  12.00  0.08   0.12   
1834146.28 404072.20 -6347.62 "4/11/2015" 186.00 1834146.28 404072.20 -6347.62 3.29   0.00   3.90   0.00   0.49   1022.76 105.08 65.18  49.43  -0.20  -0.98  0.00   0.91   -0.19  -0.36  0.94   3.30   0.06   0.84   0.79   0.85   0.76   2.74   0.08   0.26   0.29   3.00   0.00   -999.25 -2.50  130.93 0.00   16.53  12.00  0.09   0.33   
1834199.04 403722.95 -6388.42 "4/11/2015" 187.00 1834199.04 403722.95 -6388.42 1.98   0.00   2.66   0.00   1.00   1194.68 272.12 63.66  55.66  -0.50  -0.87  -0.00  0.82   -0.47  -0.32  0.15   2.87   0.01   0.70   0.58   0.76   0.54   1.66   0.03   0.17   0.16   3.00   0.00   -999.25 -2.40  187.95 0.00   21.71  11.00  0.06   0.60   
1833998.61 403834.97 -6087.59 "4/11/2015" 188.00 1833998.61 403834.97 -6087.59 13.58  0.00   15.00  0.00   0.52   863.30 66.09  28.87  21.15  -0.87  0.48   0.07   -0.48  -0.88  -0.00  0.31   4.31   0.36   0.93   0.96   0.95   0.93   12.28  0.41   0.96   0.43   3.00   0.00   -999.25 -2.03  662.53 0.00   14.03  12.00  0.73   0.17   
1833854.46 404776.14 -5899.74 "4/11/2015" 190.00 1833854.46 404776.14 -5899.74 5.00   0.00   8.20   0.00   0.05   779.90 233.49 63.36  20.45  -0.68  0.73   -0.00  -0.73  -0.68  0.06   0.43   3.80   0.20   0.82   0.75   0.89   0.73   10.69  0.27   0.46   0.61   3.00   0.00   -999.25 -2.10  529.44 0.00   18.28  12.00  0.26   0.15   
1834046.80 404115.66 -6067.50 "4/11/2015" 192.00 1834046.80 404115.66 -6067.50 4.58   0.00   5.91   0.00   0.41   808.62 75.32  66.06  21.31  -0.14  -0.99  -0.00  0.99   -0.14  -0.08  0.72   3.46   0.10   0.80   0.78   0.87   0.76   3.70   0.13   0.33   0.37   3.00   0.00   -999.25 -2.18  399.95 0.00   27.87  12.00  0.06   0.24   
1834208.61 404045.31 -6412.24 "4/11/2015" 193.00 1834208.61 404045.31 -6412.24 1.92   0.00   2.46   0.00   0.67   1113.32 61.60  49.43  32.41  0.97   -0.23  -0.03  -0.03  0.01   -1.00  0.53   2.97   0.03   0.72   0.73   0.67   0.55   2.09   0.05   0.20   0.22   3.00   0.00   -999.25 -2.66  74.33  0.00   15.08  11.00  0.07   0.39   
1834232.43 404171.81 -6413.63 "4/11/2015" 195.00 1834232.43 404171.81 -6413.63 3.38   0.00   4.11   0.00   0.58   1118.42 79.44  62.45  48.99  -0.09  -1.00  0.01   0.99   -0.09  0.11   0.90   3.44   0.07   0.86   0.88   0.90   0.85   3.00   0.10   0.31   0.28   3.00   0.00   -999.25 -2.65  77.15  0.00   15.87  12.00  0.06   0.24   
1834052.00 404225.72 -6426.94 "4/11/2015" 198.00 1834052.00 404225.72 -6426.94 1.93   0.00   2.46   0.00   0.70   976.65 193.48 63.86  43.52  -0.00  -1.00  -0.00  0.96   -0.00  -0.27  0.79   2.94   0.02   0.78   0.57   0.75   0.54   2.04   0.04   0.21   0.20   3.00   0.00   -999.25 -2.31  250.13 0.00   30.21  9.00   0.03   0.50   
1833919.82 403897.50 -6420.89 "4/11/2015" 197.00 1833919.82 403897.50 -6420.89 3.10   0.00   4.72   0.00   0.64   939.67 282.33 60.65  43.79  -0.47  -0.88  -0.00  0.87   -0.47  -0.14  0.41   3.17   0.04   0.59   0.63   0.79   0.61   2.80   0.08   0.29   0.27   3.00   0.00   -999.25 -1.60  2952.20 0.01   50.38  12.00  0.07   0.59   
1833974.76 404199.79 -6335.80 "4/11/2015" 196.00 1833974.76 404199.79 -6335.80 4.29   0.00   4.39   0.00   0.33   860.76 90.30  75.62  47.32  -0.02  -1.00  -0.01  0.93   -0.02  -0.37  0.07   3.49   0.08   0.91   0.91   0.90   0.87   3.14   0.10   0.27   0.36   3.00   0.00   -999.25 -1.44  5077.53 0.02   71.34  12.00  0.04   0.43   
1833795.64 404123.70 -5883.32 "4/11/2015" 199.00 1833795.64 404123.70 -5883.32 9.56   0.00   9.61   0.00   1.64   525.47 61.39  21.03  20.58  -0.97  0.23   0.07   -0.23  -0.97  0.00   0.35   4.14   0.21   0.72   0.95   0.96   0.93   11.76  0.28   0.90   0.30   3.00   0.00   -999.25 -2.05  627.42 0.00   25.20  12.00  0.12   0.67   
1833800.18 404152.65 -5882.94 "4/11/2015" 200.00 1833800.18 404152.65 -5882.94 2.16   0.00   3.09   0.00   1.02   523.90 82.69  61.35  20.55  -0.21  -0.98  0.01   0.98   -0.21  -0.06  0.59   3.40   0.05   0.75   0.87   0.81   0.78   3.10   0.08   0.39   0.24   3.00   0.00   -999.25 -2.82  43.65  0.00   15.39  12.00  0.04   0.53   
1834383.10 403966.85 -6157.20 "4/11/2015" 201.00 1834383.10 403966.85 -6157.20 3.70   0.00   4.51   0.00   0.30   1179.19 151.78 68.48  46.23  -0.23  -0.97  0.01   0.93   -0.22  0.31   0.41   3.43   0.10   0.76   0.73   0.86   0.73   4.34   0.13   0.29   0.40   3.00   0.00   -999.25 -2.26  297.55 0.00   21.77  12.00  0.09   0.14   
1833606.33 403697.72 -6185.35 "4/11/2015" 202.00 1833606.33 403697.72 -6185.35 3.79   0.00   4.70   0.00   0.16   732.13 61.19  55.40  45.47  -0.60  0.78   0.20   -0.80  -0.60  -0.04  0.81   3.74   0.17   0.87   0.84   0.91   0.85   7.82   0.20   0.36   0.54   3.00   0.00   -999.25 -2.53  116.87 0.00   16.89  10.00  0.07   0.22   
1833719.79 404130.51 -5734.71 "4/11/2015" 204.00 1833719.79 404130.51 -5734.71 1.65   0.00   2.37   0.00   0.40   453.90 98.08  38.18  36.38  -0.97  0.24   -0.01  -0.24  -0.97  0.02   0.42   2.71   0.01   0.72   0.47   0.70   0.39   1.62   0.03   0.15   0.17   3.00   0.00   -999.25 -2.82  43.14  0.00   13.87  11.00  0.05   0.40   
1834843.59 404339.06 -5984.67 "4/11/2015" 205.00 1834843.59 404339.06 -5984.67 3.40   0.00   4.15   0.00   0.53   1566.59 116.72 116.45 66.36  -0.13  0.99   0.01   0.98   0.13   -0.14  0.94   3.42   0.11   0.78   0.85   0.83   0.77   3.61   0.14   0.37   0.30   3.00   0.00   -999.25 -2.12  484.13 0.00   21.28  12.00  0.15   0.18   
1833788.90 404146.00 -5884.58 "4/11/2015" 206.00 1833788.90 404146.00 -5884.58 2.03   0.00   2.81   0.00   0.40   514.35 83.70  61.12  20.33  -0.21  -0.98  0.00   0.98   -0.21  -0.07  0.30   3.34   0.06   0.91   0.82   0.89   0.81   2.73   0.08   0.23   0.30   3.00   0.00   -999.25 -2.95  28.09  0.00   14.94  12.00  0.03   0.22   
1833609.62 404137.85 -5773.58 "4/11/2015" 207.00 1833609.62 404137.85 -5773.58 1.92   0.00   2.56   0.00   0.47   341.43 103.17 61.62  20.11  -0.29  -0.96  -0.01  0.96   -0.29  -0.00  0.73   3.09   0.04   0.86   0.70   0.75   0.61   2.38   0.06   0.19   0.28   3.00   0.00   -999.25 -3.01  22.19  0.00   14.87  8.00   0.02   0.41   
1833891.24 403832.63 -6219.75 "4/11/2015" 209.00 1833891.24 403832.63 -6219.75 3.78   0.00   4.14   0.00   0.58   833.68 110.81 63.14  40.29  -0.56  -0.83  -0.01  0.81   -0.54  -0.24  0.25   3.41   0.08   0.87   0.82   0.85   0.78   3.20   0.11   0.28   0.35   3.00   0.00   -999.25 -2.39  191.89 0.00   27.25  11.00  0.03   0.41   
1833575.61 404067.62 -5794.34 "4/11/2015" 210.00 1833575.61 404067.62 -5794.34 1.63   0.00   2.54   0.00   0.40   338.46 57.90  30.24  19.20  -0.80  0.60   -0.01  -0.60  -0.80  0.02   0.77   3.15   0.05   0.71   0.69   0.79   0.63   2.63   0.07   0.20   0.33   3.00   0.00   -999.25 -2.96  26.59  0.00   14.29  8.00   0.03   0.41   
1833818.45 403839.62 -6228.33 "4/11/2015" 211.00 1833818.45 403839.62 -6228.33 2.94   0.00   3.55   0.00   0.83   783.47 253.36 62.72  37.91  -0.60  -0.80  -0.00  0.77   -0.58  -0.26  0.72   3.21   0.03   0.73   0.72   0.86   0.70   2.55   0.06   0.29   0.22   3.00   0.00   -999.25 -2.46  148.14 0.00   19.97  12.00  0.06   1.00   
1833830.19 404043.02 -5669.61 "4/11/2015" 212.00 1833830.19 404043.02 -5669.61 1.88   0.00   2.91   0.00   0.30   596.89 69.88  38.85  21.58  -0.94  0.33   -0.04  -0.33  -0.94  0.00   0.63   2.88   0.02   0.66   0.51   0.70   0.46   2.13   0.04   0.15   0.27   3.00   0.00   -999.25 -2.91  32.24  0.00   15.33  8.00   0.03   0.39   
1834365.77 404036.36 -6097.76 "4/11/2015" 213.00 1834365.77 404036.36 -6097.76 2.48   0.00   3.50   0.00   0.27   1132.32 174.68 65.98  34.65  -0.20  -0.98  0.00   0.98   -0.20  0.04   0.96   3.17   0.05   0.75   0.74   0.83   0.65   2.83   0.07   0.18   0.34   3.00   0.00   -999.25 -2.55  110.72 0.00   15.65  9.00   0.09   0.15   
1833657.93 403727.04 -6179.66 "4/11/2015" 214.00 1833657.93 403727.04 -6179.66 1.79   0.00   2.36   0.00   0.19   732.15 63.90  54.97  42.89  -0.51  0.82   0.27   -0.85  -0.53  0.02   0.24   3.05   0.03   0.73   0.75   0.76   0.67   1.91   0.04   0.17   0.21   3.00   0.00   -999.25 -2.53  118.84 0.00   18.17  11.00  0.06   0.21   
1833470.68 403990.82 -5795.47 "4/11/2015" 217.00 1833470.68 403990.82 -5795.47 1.59   0.00   2.35   0.00   0.32   313.91 60.66  38.38  19.60  -0.63  0.77   0.02   -0.77  -0.63  -0.00  0.30   2.97   0.03   0.62   0.66   0.66   0.50   2.31   0.06   0.16   0.30   3.00   0.00   -999.25 -3.03  20.81  0.00   15.50  7.00   0.02   0.35   
1833996.34 404084.59 -5673.93 "4/11/2015" 219.00 1833996.34 404084.59 -5673.93 2.90   3.00   3.81   0.00   0.43   739.89 87.81  28.93  10.78  0.22   0.98   0.00   0.97   -0.22  0.05   0.44   3.37   0.06   0.87   0.89   0.87   0.82   2.85   0.08   0.24   0.32   3.00   0.00   -999.25 -2.57  102.27 0.00   25.04  10.00  0.02   0.23   
1834199.45 403539.45 -6168.26 "4/11/2015" 221.00 1834199.45 403539.45 -6168.26 3.94   0.00   4.71   0.00   0.27   1204.50 257.00 68.24  46.11  -0.62  -0.78  -0.00  0.75   -0.59  0.30   0.06   3.34   0.08   0.79   0.69   0.90   0.71   3.67   0.12   0.29   0.40   3.00   0.00   -999.25 -2.11  507.20 0.00   23.59  12.00  0.12   0.22   
1833772.36 403786.51 -6155.91 "4/11/2015" 222.00 1833772.36 403786.51 -6155.91 2.39   0.00   3.13   0.00   0.27   747.58 154.97 64.39  45.49  -0.71  -0.71  -0.00  0.68   -0.68  -0.26  0.15   3.09   0.03   0.72   0.61   0.70   0.54   2.72   0.06   0.17   0.38   3.00   0.00   -999.25 -2.20  367.23 0.00   31.90  11.00  0.03   1.17   
1834373.61 403738.11 -6426.74 "4/11/2015" 223.00 1834373.61 403738.11 -6426.74 2.00   0.00   2.23   0.00   1.45   1343.56 185.94 70.06  58.21  -0.42  -0.91  -0.00  0.90   -0.41  -0.14  0.67   3.09   0.02   0.86   0.79   0.82   0.71   1.90   0.03   0.24   0.14   3.00   0.00   -999.25 -2.58  100.18 0.00   17.35  11.00  0.06   0.67   
1834306.42 403798.63 -6428.57 "4/11/2015" 224.00 1834306.42 403798.63 -6428.57 4.09   0.00   4.37   0.00   0.46   1268.21 115.09 64.45  51.75  -0.41  -0.91  -0.00  0.90   -0.40  -0.15  0.40   3.56   0.09   0.87   0.91   0.94   0.89   3.42   0.11   0.43   0.24   3.00   0.00   -999.25 -2.54  114.02 0.00   13.77  12.00  0.13   0.17   
