# Petrel Points with attributes
# Unit in X and Y direction: ftUS
# Unit in depth: ft
VERSION 1
BEGIN HEADER
X
Y
Z
DATE,Time
DOUBLE,Event ID
DOUBLE,X(easting)
DOUBLE,Y(northing)
DOUBLE,Z(elevation)
DOUBLE,Detection SNR
DOUBLE,Event type
DOUBLE,Location SNR
DOUBLE,NOISE_LEVEL_ACC
DOUBLE,PSH_AMPL_RATIO
DOUBLE,QC Distance
DOUBLE,QC_EIGVAL_MAX
DOUBLE,QC_EIGVAL_MID
DOUBLE,QC_EIGVAL_MIN
DOUBLE,QC_EIGVEC_MAX_E
DOUBLE,QC_EIGVEC_MAX_N
DOUBLE,QC_EIGVEC_MAX_U
DOUBLE,QC_EIGVEC_MID_E
DOUBLE,QC_EIGVEC_MID_N
DOUBLE,QC_EIGVEC_MID_U
DOUBLE,QC_LOC_T0
DOUBLE,QI_CONFIDENCE
DOUBLE,QI_DATA_LOCATION
DOUBLE,QI_ORTHOGONALITY
DOUBLE,QI_POLARIZATION_AZM
DOUBLE,QI_POLARIZATION_INC
DOUBLE,QI_POLARIZATION_RESIDUAL
DOUBLE,QI_SNR
DOUBLE,QI_TRACEDATA
DOUBLE,QI_TRACEDATA_P
DOUBLE,QI_TRACEDATA_S
DOUBLE,SP_COMPONENTS_USED
DOUBLE,SP_ENERGY
DOUBLE,SP_LOCAL_MAGNITUDE
DOUBLE,SP_MAGNITUDE
DOUBLE,SP_MOMENT
DOUBLE,SP_POTENCY
DOUBLE,SP_RADIUS
DOUBLE,SP_RECEIVERS_USED
DOUBLE,SP_STRESS_DROP
DOUBLE,SVSH_AMPL_RATIO
END HEADER
1831514.95 407309.71 -6059.31 "30/10/2015" 1.00   1831514.95 407309.71 -6059.31 2.22   3.00   2.55   0.00   0.93   3548.69 92.00  47.74  3.24   0.87   0.50   0.00   -0.50  0.87   0.01   0.34   2.53   0.02   0.85   0.95   0.84   0.81   2.19   0.05   0.18   0.26   3.00   0.00   -999.25 -1.71  2035.24 0.01   12.16  3.00   3.44   0.00   
1831602.56 407176.24 -6159.43 "30/10/2015" 2.00   1831602.56 407176.24 -6159.43 1.91   3.00   2.13   0.00   1.55   3398.28 211.70 76.74  11.55  0.87   0.50   0.00   -0.50  0.87   -0.01  0.51   2.15   0.01   0.73   0.83   0.82   0.74   2.02   0.04   0.25   0.16   3.00   0.00   -999.25 -1.51  4034.51 0.01   22.61  3.00   1.06   0.00   
1831698.97 407346.22 -6200.00 "30/10/2015" 3.00   1831698.97 407346.22 -6200.00 1.73   3.00   2.11   0.00   1.99   3505.29 288.07 108.64 69.54  0.89   0.46   -0.00  -0.26  0.51   0.82   0.07   2.19   0.01   0.63   0.90   0.84   0.79   1.76   0.03   0.22   0.13   3.00   0.02   -999.25 -1.12  15481.75 0.04   21.82  2.00   4.53   0.00   
1831981.23 407385.97 -6178.16 "30/10/2015" 4.00   1831981.23 407385.97 -6178.16 2.15   0.00   2.35   0.00   1.67   3432.67 223.41 186.31 121.44 -0.06  0.13   0.99   0.92   0.38   0.00   0.90   3.23   0.02   0.78   0.89   0.92   0.85   1.94   0.03   0.24   0.15   3.00   0.00   -999.25 -1.78  1573.31 0.00   8.01   4.00   9.29   0.75   
1831713.25 407201.39 -5657.23 "30/10/2015" 7.00   1831713.25 407201.39 -5657.23 5.55   3.00   6.12   0.00   0.08   3353.30 185.76 93.24  8.54   0.88   0.47   0.00   -0.47  0.88   0.00   0.00   2.83   0.07   0.95   0.94   0.87   0.85   5.96   0.28   0.36   0.79   3.00   0.00   -999.25 -1.64  2521.74 0.01   11.63  7.00   4.87   0.00   
1831823.67 407345.74 -6102.29 "30/10/2015" 8.00   1831823.67 407345.74 -6102.29 2.07   0.00   2.21   0.00   1.51   3450.35 548.07 214.01 119.91 -0.90  -0.43  -0.00  0.05   -0.11  0.99   0.10   3.06   0.02   0.74   0.80   0.78   0.68   1.91   0.03   0.26   0.12   3.00   0.00   -999.25 -1.51  3938.39 0.01   20.24  2.00   1.44   0.96   
1831740.68 407252.54 -5727.19 "30/10/2015" 10.00  1831740.68 407252.54 -5727.19 3.63   3.00   4.48   0.00   0.77   3382.04 117.29 108.00 95.84  -0.45  0.88   -0.15  0.89   0.46   0.00   0.86   2.58   0.06   0.94   0.98   0.89   0.88   4.13   0.15   0.53   0.28   3.00   0.00   -999.25 -1.64  2570.99 0.01   14.33  9.00   2.65   0.20   
1831267.30 407160.80 -6159.97 "30/10/2015" 18.00  1831267.30 407160.80 -6159.97 7.90   3.00   9.11   0.00   0.10   3563.91 105.46 90.14  5.89   0.82   0.57   0.00   -0.57  0.82   -0.00  0.23   2.22   0.01   0.97   0.96   0.89   0.87   2.04   0.04   0.20   0.21   3.00   0.06   -999.25 -0.90  32503.10 0.08   22.49  11.00  8.69   0.00   
1831910.89 407254.28 -6006.97 "30/10/2015" 19.00  1831910.89 407254.28 -6006.97 3.02   0.00   3.35   0.00   1.18   3321.75 170.86 109.19 91.22  -0.91  -0.42  -0.00  -0.16  0.35   0.92   0.81   3.34   0.05   0.88   0.92   0.86   0.83   2.68   0.06   0.36   0.17   3.00   0.00   -999.25 -1.39  6029.24 0.02   20.47  1.00   2.14   0.67   
1831658.68 407171.49 -5968.74 "30/10/2015" 20.00  1831658.68 407171.49 -5968.74 3.00   0.00   3.25   0.00   1.10   3358.67 169.02 125.56 112.09 -0.87  -0.49  0.00   -0.26  0.47   0.84   0.02   3.35   0.05   0.87   0.93   0.87   0.84   2.62   0.07   0.35   0.18   3.00   0.00   -999.25 -1.56  3388.67 0.01   20.34  7.00   1.22   0.52   
1831620.56 407202.12 -5965.66 "30/10/2015" 21.00  1831620.56 407202.12 -5965.66 2.15   0.00   2.30   0.00   1.47   3403.68 250.98 141.49 61.54  -0.87  -0.49  0.00   0.43   -0.76  0.49   0.46   3.09   0.02   0.86   0.90   0.78   0.75   1.87   0.03   0.25   0.12   3.00   0.00   -999.25 -1.38  6372.94 0.02   33.56  6.00   0.51   0.68   
1831861.44 407520.82 -6119.43 "30/10/2015" 22.00  1831861.44 407520.82 -6119.43 2.43   0.00   2.98   0.00   0.77   3595.19 257.51 77.97  46.71  -0.92  -0.40  -0.00  0.38   -0.88  -0.29  0.04   3.31   0.05   0.83   0.89   0.86   0.82   2.43   0.06   0.28   0.21   3.00   0.00   -999.25 -1.07  18305.11 0.05   52.51  2.00   0.38   0.32   
1831430.94 407439.20 -6201.83 "30/10/2015" 28.00  1831430.94 407439.20 -6201.83 2.85   3.00   3.20   0.00   1.07   3714.53 121.63 94.01  5.57   0.86   0.50   0.00   -0.50  0.86   -0.00  0.92   2.22   0.01   0.87   0.95   0.94   0.91   1.62   0.03   0.17   0.15   3.00   0.00   -999.25 -1.20  11700.17 0.03   42.99  2.00   0.45   0.00   
1831579.87 407047.19 -6061.55 "30/10/2015" 30.00  1831579.87 407047.19 -6061.55 2.44   3.00   2.47   0.00   1.30   3299.56 86.77  32.74  2.80   0.85   0.52   0.00   -0.52  0.85   0.01   0.17   3.22   0.03   0.86   0.85   0.89   0.80   2.19   0.04   0.29   0.15   3.00   0.00   -999.25 -1.66  2396.15 0.01   14.87  4.00   2.21   0.86   
1831701.43 407167.64 -6053.60 "30/10/2015" 31.00  1831701.43 407167.64 -6053.60 3.36   0.00   3.66   0.00   1.33   3342.21 246.92 177.95 93.39  -0.88  -0.48  0.00   -0.08  0.16   0.98   0.44   3.36   0.04   0.82   0.92   0.88   0.83   2.68   0.06   0.36   0.18   3.00   0.00   -999.25 -1.52  3829.40 0.01   23.51  6.00   0.90   0.86   
1831463.03 407189.25 -6202.34 "30/10/2015" 35.00  1831463.03 407189.25 -6202.34 2.45   3.00   3.07   0.00   0.81   3485.10 233.85 185.42 116.30 0.85   0.53   -0.00  -0.28  0.46   0.84   0.90   2.01   0.03   0.88   0.86   0.90   0.80   2.79   0.08   0.32   0.24   3.00   0.00   -999.25 -1.35  7083.60 0.02   29.28  6.00   0.86   0.00   
1831382.02 407697.81 -6152.36 "30/10/2015" 42.00  1831382.02 407697.81 -6152.36 3.17   0.00   3.10   0.00   1.33   3967.61 318.68 157.58 152.72 0.11   -0.20  -0.97  0.87   0.50   -0.01  0.40   3.23   0.04   0.88   0.87   0.80   0.74   2.43   0.05   0.35   0.13   3.00   0.01   -999.25 -1.33  7437.38 0.02   17.36  8.00   4.32   0.41   
1831680.93 407251.41 -6512.40 "30/10/2015" 44.00  1831680.93 407251.41 -6512.40 7.24   3.00   8.96   0.00   0.72   3478.80 34.69  31.80  1.64   -0.47  0.88   -0.01  0.88   0.47   0.00   0.53   2.29   0.01   0.97   0.99   0.94   0.94   1.98   0.04   0.16   0.24   3.00   0.01   -999.25 -0.88  35166.57 0.06   35.11  9.00   2.47   0.00   
1831553.07 407143.21 -6137.41 "30/10/2015" 45.00  1831553.07 407143.21 -6137.41 2.81   3.00   2.95   0.00   0.89   3392.72 444.62 156.39 120.59 0.86   0.51   0.00   -0.29  0.48   0.83   0.49   2.01   0.01   0.75   0.85   0.85   0.78   1.82   0.04   0.18   0.19   3.00   0.00   -999.25 -1.19  11989.66 0.03   43.74  4.00   0.44   0.00   
1831438.42 407514.42 -6480.57 "30/10/2015" 48.00  1831438.42 407514.42 -6480.57 5.50   3.00   5.19   0.00   0.92   3814.16 54.37  34.23  2.22   0.87   0.49   0.00   -0.49  0.87   -0.02  0.22   3.67   0.28   0.92   0.97   0.89   0.88   6.23   0.35   0.65   0.46   3.00   0.00   -999.25 -1.10  16759.17 0.03   36.01  8.00   1.09   0.00   
1831997.14 407410.72 -5681.26 "30/10/2015" 49.00  1831997.14 407410.72 -5681.26 2.35   3.00   2.63   0.00   0.72   3421.24 313.59 87.83  50.57  0.93   0.38   0.00   -0.38  0.93   -0.02  0.89   2.14   0.01   0.76   0.86   0.84   0.77   2.73   0.08   0.26   0.27   3.00   0.00   -999.25 -1.44  5030.60 0.02   30.23  6.00   0.55   0.00   
1831917.82 407373.68 -5884.71 "30/10/2015" 54.00  1831917.82 407373.68 -5884.71 2.46   3.00   2.91   0.00   1.72   3419.36 361.27 101.97 59.54  0.92   0.40   0.00   -0.40  0.90   -0.16  0.62   2.11   0.01   0.85   0.90   0.90   0.85   2.50   0.07   0.33   0.16   3.00   0.00   -999.25 -1.53  3744.02 0.01   18.25  2.00   1.87   0.35   
1831986.45 408012.77 -6159.07 "30/10/2015" 56.00  1831986.45 408012.77 -6159.07 3.96   3.00   4.31   0.00   0.27   4000.48 256.53 161.07 120.16 -0.16  0.47   0.87   0.95   0.33   -0.00  0.76   2.36   0.02   0.94   0.95   0.89   0.87   2.80   0.07   0.33   0.21   3.00   0.01   -999.25 -1.05  19430.13 0.05   28.32  11.00  2.60   0.00   
1832019.61 407495.30 -5950.21 "30/10/2015" 63.00  1832019.61 407495.30 -5950.21 2.38   3.00   2.92   0.00   2.76   3496.44 162.78 67.48  38.40  0.93   0.36   -0.00  -0.35  0.90   -0.24  0.26   2.37   0.01   0.84   0.96   0.92   0.91   3.26   0.08   0.38   0.17   3.00   0.00   -999.25 -1.58  3126.39 0.01   15.59  3.00   2.51   0.34   
1831860.85 407191.76 -6097.74 "30/10/2015" 64.00  1831860.85 407191.76 -6097.74 2.54   3.00   3.03   0.00   0.69   3295.88 415.78 106.49 77.69  0.90   0.44   0.00   -0.42  0.87   -0.26  0.18   2.08   0.01   0.87   0.86   0.91   0.82   2.65   0.09   0.32   0.20   3.00   0.01   -999.25 -1.88  1107.61 0.00   4.94   6.00   27.95  0.13   
1831887.74 407463.49 -6392.70 "30/10/2015" 67.00  1831887.74 407463.49 -6392.70 4.80   3.00   5.66   0.00   0.32   3573.90 170.83 127.51 43.75  -0.25  0.57   0.78   0.92   0.40   -0.00  0.63   2.24   0.01   0.97   0.97   0.88   0.87   3.78   0.14   0.38   0.24   3.00   0.00   -999.25 -1.60  2963.07 0.01   13.47  7.00   3.68   0.05   
1831387.83 407083.80 -6137.65 "30/10/2015" 71.00  1831387.83 407083.80 -6137.65 2.59   3.00   2.88   0.00   1.35   3430.88 211.48 80.47  9.06   0.83   0.56   -0.00  -0.56  0.83   0.06   0.11   2.12   0.02   0.81   0.84   0.81   0.72   2.26   0.05   0.23   0.22   3.00   0.00   -999.25 -1.74  1840.61 0.00   10.26  4.00   5.18   0.00   
1832201.86 407255.66 -5505.43 "30/10/2015" 80.00  1832201.86 407255.66 -5505.43 2.04   3.00   2.61   0.00   1.39   3215.49 201.59 74.59  59.65  0.94   0.34   0.00   -0.34  0.94   0.11   0.22   2.63   0.04   0.84   0.93   0.89   0.87   2.71   0.08   0.30   0.24   3.00   0.00   -999.25 -1.91  994.64 0.00   7.39   1.00   7.48   0.00   
1831816.46 407275.88 -5911.31 "30/10/2015" 82.00  1831816.46 407275.88 -5911.31 5.17   3.00   6.07   0.00   0.25   3374.53 205.89 111.85 21.34  0.90   0.44   0.00   -0.44  0.90   -0.06  0.52   2.33   0.01   0.94   0.94   0.95   0.91   3.27   0.14   0.38   0.24   3.00   0.00   -999.25 -1.46  4776.95 0.02   18.96  11.00  2.13   0.07   
1831966.28 407263.48 -6062.59 "30/10/2015" 83.00  1831966.28 407263.48 -6062.59 7.87   3.00   8.46   0.00   0.43   3312.88 228.81 92.57  15.94  -0.40  0.92   0.01   0.92   0.40   0.00   0.41   2.10   0.00   0.97   0.98   0.88   0.88   7.55   0.32   0.77   0.41   3.00   0.00   -999.25 -1.45  4957.86 0.01   17.69  11.00  2.72   0.12   
1831762.03 407050.50 -6050.61 "30/10/2015" 90.00  1831762.03 407050.50 -6050.61 2.59   3.00   2.95   0.00   0.54   3210.74 269.46 56.92  34.11  0.88   0.48   -0.00  -0.48  0.88   -0.07  0.81   2.38   0.02   0.82   0.79   0.88   0.75   2.16   0.05   0.23   0.20   3.00   0.00   -999.25 -1.95  891.37 0.00   6.54   4.00   9.69   0.22   
1831674.09 407345.52 -5749.22 "30/10/2015" 91.00  1831674.09 407345.52 -5749.22 3.36   3.00   3.56   0.00   0.98   3495.89 162.44 93.26  6.74   0.89   0.46   0.00   -0.46  0.89   0.01   0.18   2.37   0.01   0.90   0.93   0.90   0.86   2.41   0.07   0.29   0.18   3.00   0.00   -999.25 -1.48  4409.94 0.01   22.83  6.00   1.13   0.00   
1831980.28 407151.46 -6109.57 "30/10/2015" 102.00 1831980.28 407151.46 -6109.57 2.73   0.00   3.08   0.00   0.65   3210.82 437.51 282.35 126.64 -0.91  -0.41  0.00   -0.14  0.30   0.94   0.55   3.07   0.03   0.69   0.76   0.77   0.61   2.31   0.05   0.23   0.24   3.00   0.00   -999.25 -1.72  1915.62 0.01   14.37  3.00   1.96   0.34   
1831837.03 407079.12 -5480.52 "30/10/2015" 109.00 1831837.03 407079.12 -5480.52 3.55   3.00   3.74   0.00   0.35   3192.58 165.52 75.35  56.82  0.89   0.46   -0.00  -0.45  0.89   0.08   0.09   2.59   0.04   0.94   0.95   0.91   0.89   4.25   0.16   0.45   0.38   3.00   0.00   -999.25 -1.13  14830.36 0.05   50.65  6.00   0.35   0.07   
1831829.84 407183.62 -5498.02 "30/10/2015" 115.00 1831829.84 407183.62 -5498.02 3.64   0.00   4.15   0.00   0.28   3287.65 237.02 68.96  53.78  -0.90  -0.45  -0.00  0.41   -0.83  -0.39  0.10   3.41   0.06   0.88   0.92   0.90   0.85   2.78   0.08   0.29   0.26   3.00   0.00   -999.25 -1.96  858.35 0.00   7.88   3.00   5.32   0.08   
