# Petrel Points with attributes
# Unit in X and Y direction: ftUS
# Unit in depth: ft
VERSION 1
BEGIN HEADER
X
Y
Z
DATE,Time
DOUBLE,Event ID
DOUBLE,X(easting)
DOUBLE,Y(northing)
DOUBLE,Z(elevation)
DOUBLE,Detection SNR
DOUBLE,Event type
DOUBLE,Location SNR
DOUBLE,NOISE_LEVEL_ACC
DOUBLE,PSH_AMPL_RATIO
DOUBLE,QC Distance
DOUBLE,QC_EIGVAL_MAX
DOUBLE,QC_EIGVAL_MID
DOUBLE,QC_EIGVAL_MIN
DOUBLE,QC_EIGVEC_MAX_E
DOUBLE,QC_EIGVEC_MAX_N
DOUBLE,QC_EIGVEC_MAX_U
DOUBLE,QC_EIGVEC_MID_E
DOUBLE,QC_EIGVEC_MID_N
DOUBLE,QC_EIGVEC_MID_U
DOUBLE,QC_LOC_T0
DOUBLE,QI_CONFIDENCE
DOUBLE,QI_DATA_LOCATION
DOUBLE,QI_ORTHOGONALITY
DOUBLE,QI_POLARIZATION_AZM
DOUBLE,QI_POLARIZATION_INC
DOUBLE,QI_POLARIZATION_RESIDUAL
DOUBLE,QI_SNR
DOUBLE,QI_TRACEDATA
DOUBLE,QI_TRACEDATA_P
DOUBLE,QI_TRACEDATA_S
DOUBLE,SP_COMPONENTS_USED
DOUBLE,SP_ENERGY
DOUBLE,SP_LOCAL_MAGNITUDE
DOUBLE,SP_MAGNITUDE
DOUBLE,SP_MOMENT
DOUBLE,SP_POTENCY
DOUBLE,SP_RADIUS
DOUBLE,SP_RECEIVERS_USED
DOUBLE,SP_STRESS_DROP
DOUBLE,SVSH_AMPL_RATIO
END HEADER
1832115.51 407041.54 -6103.96 "31/10/2015" 1.00   1832115.51 407041.54 -6103.96 3.28   3.00   3.31   0.00   1.68   3056.58 244.87 55.70  53.80  0.92   0.39   -0.00  0.21   -0.50  0.84   0.53   3.06   0.05   0.89   0.93   0.86   0.83   3.35   0.09   0.50   0.17   3.00   0.00   -999.25 -1.90  1052.12 0.00   19.20  10.00  0.45   0.32   
1832139.10 406985.34 -6094.60 "31/10/2015" 2.00   1832139.10 406985.34 -6094.60 2.50   3.00   2.75   0.00   0.75   2984.01 248.90 37.52  33.98  0.92   0.39   0.00   0.26   -0.63  0.73   0.41   2.99   0.03   0.83   0.77   0.79   0.70   1.91   0.04   0.21   0.17   3.00   0.00   -999.25 -2.06  597.99 0.00   8.20   6.00   3.29   0.31   
1831798.79 406916.77 -6056.14 "31/10/2015" 3.00   1831798.79 406916.77 -6056.14 2.75   3.00   3.30   0.00   3.14   3077.23 111.49 62.79  39.95  0.87   0.49   -0.00  0.17   -0.31  0.94   0.53   3.21   0.04   0.87   0.96   0.90   0.89   3.00   0.06   0.47   0.13   3.00   0.00   -999.25 -1.93  930.84 0.00   15.04  8.00   0.83   0.56   
1832116.82 407136.99 -6062.70 "31/10/2015" 6.00   1832116.82 407136.99 -6062.70 4.28   3.00   4.56   0.00   3.50   3129.43 71.51  50.98  3.12   0.93   0.38   0.00   -0.38  0.93   0.00   0.05   3.24   0.06   0.86   0.97   0.88   0.87   4.55   0.10   0.76   0.13   3.00   0.00   -999.25 -1.74  1841.00 0.01   22.68  11.00  0.48   0.38   
1831885.49 406976.05 -6061.87 "31/10/2015" 7.00   1831885.49 406976.05 -6061.87 2.37   3.00   2.84   0.00   2.12   3089.12 210.85 86.51  75.90  0.89   0.46   0.00   -0.38  0.73   -0.57  0.17   2.22   0.01   0.86   0.94   0.88   0.85   2.49   0.05   0.37   0.12   3.00   0.00   -999.25 -1.96  846.71 0.00   12.02  6.00   1.48   0.43   
1832096.50 406951.24 -6084.37 "31/10/2015" 8.00   1832096.50 406951.24 -6084.37 3.11   3.00   3.38   0.00   1.80   2979.28 103.27 51.67  19.54  0.92   0.40   0.00   -0.40  0.91   -0.11  0.85   2.80   0.03   0.87   0.97   0.90   0.89   2.74   0.07   0.38   0.17   3.00   0.00   -999.25 -1.73  1885.03 0.01   19.91  11.00  0.73   0.46   
1832199.82 407193.65 -6061.69 "31/10/2015" 9.00   1832199.82 407193.65 -6061.69 3.22   3.00   3.58   0.00   1.83   3152.16 118.00 50.38  4.29   0.94   0.35   0.00   -0.35  0.94   0.00   0.88   2.86   0.04   0.86   0.94   0.86   0.84   3.04   0.07   0.47   0.13   3.00   0.00   -999.25 -1.86  1216.20 0.00   15.09  10.00  1.07   0.49   
1832198.76 406863.06 -5750.13 "31/10/2015" 10.00  1832198.76 406863.06 -5750.13 2.65   3.00   2.94   0.00   0.65   2836.13 210.68 80.60  71.51  0.92   0.38   0.00   0.13   -0.31  0.94   0.36   2.31   0.02   0.92   0.92   0.82   0.78   2.51   0.06   0.30   0.20   3.00   0.00   -999.25 -1.69  2189.46 0.01   31.36  11.00  0.22   0.24   
1832338.50 406955.46 -5785.20 "31/10/2015" 13.00  1832338.50 406955.46 -5785.20 1.95   3.00   2.13   0.00   0.61   2871.82 346.48 101.68 89.75  0.94   0.33   0.00   0.14   -0.41  0.90   0.91   2.09   0.01   0.86   0.76   0.74   0.65   2.48   0.06   0.21   0.29   3.00   0.00   -999.25 -1.85  1244.05 0.00   19.11  5.00   0.54   0.00   
1832547.00 406793.68 -6015.46 "31/10/2015" 15.00  1832547.00 406793.68 -6015.46 2.64   3.00   3.10   0.00   0.33   2661.17 317.81 161.21 53.24  0.96   0.28   -0.00  -0.28  0.96   -0.10  0.81   2.22   0.00   0.78   0.75   0.80   0.66   3.20   0.10   0.23   0.41   3.00   0.00   -999.25 -1.58  3132.54 0.01   35.60  6.00   0.21   0.00   
1832049.52 406753.59 -5686.32 "31/10/2015" 19.00  1832049.52 406753.59 -5686.32 2.50   3.00   2.98   0.00   0.47   2800.52 148.43 116.64 20.77  0.90   0.44   0.00   -0.44  0.89   0.06   0.41   2.35   0.02   0.92   0.95   0.83   0.81   3.38   0.09   0.24   0.43   3.00   0.00   -999.25 -1.54  3591.20 0.01   36.02  10.00  0.23   0.00   
1831645.48 406829.67 -6200.82 "31/10/2015" 21.00  1831645.48 406829.67 -6200.82 5.67   3.00   6.16   0.00   1.45   3137.50 229.46 80.09  45.00  -0.20  0.31   0.93   0.84   0.54   0.00   0.62   3.17   0.00   0.98   0.99   0.95   0.94   9.08   0.29   0.99   0.29   3.00   0.00   -999.25 -1.44  5166.13 0.01   17.90  11.00  2.74   0.15   
1831975.56 406717.66 -5751.56 "31/10/2015" 22.00  1831975.56 406717.66 -5751.56 1.91   3.00   2.34   0.00   0.92   2799.97 222.24 42.21  35.20  0.88   0.47   0.00   -0.47  0.88   -0.09  0.12   2.54   0.01   0.76   0.84   0.77   0.69   1.91   0.03   0.24   0.15   3.00   0.00   -999.25 -1.97  814.23 0.00   13.87  7.00   0.93   0.25   
1832529.28 407008.13 -6189.79 "31/10/2015" 23.00  1832529.28 407008.13 -6189.79 2.30   0.00   2.63   0.00   0.58   2903.60 571.06 154.18 98.62  -0.96  -0.28  0.00   -0.09  0.33   0.94   0.72   2.84   0.02   0.76   0.75   0.81   0.67   1.87   0.04   0.19   0.18   3.00   0.00   -999.25 -1.82  1378.72 0.00   19.21  8.00   0.59   0.30   
1831894.61 406646.68 -5752.57 "31/10/2015" 27.00  1831894.61 406646.68 -5752.57 3.05   3.00   3.27   0.00   0.28   2776.67 237.38 134.52 119.11 0.86   0.50   0.00   0.16   -0.28  0.95   0.81   2.30   0.03   0.89   0.91   0.85   0.80   2.92   0.08   0.29   0.29   3.00   0.00   -999.25 -1.65  2468.54 0.01   31.66  10.00  0.24   0.08   
1831981.86 406750.54 -6137.89 "31/10/2015" 28.00  1831981.86 406750.54 -6137.89 2.00   3.00   2.17   0.00   0.34   2843.40 49.66  39.29  1.71   0.89   0.46   0.00   -0.46  0.89   0.00   0.21   2.05   0.02   0.80   0.74   0.63   0.53   2.11   0.05   0.17   0.25   3.00   0.00   -999.25 -1.76  1691.40 0.00   24.68  7.00   0.34   0.21   
1832434.51 407175.12 -6061.42 "31/10/2015" 35.00  1832434.51 407175.12 -6061.42 6.86   3.00   7.81   0.00   0.36   3070.78 91.15  40.14  3.19   0.96   0.28   0.00   -0.28  0.96   0.00   0.52   3.27   0.13   0.90   0.94   0.85   0.83   5.33   0.20   0.51   0.39   3.00   0.00   -999.25 -1.73  1845.51 0.01   13.66  11.00  2.20   0.13   
1832143.81 407184.12 -6012.50 "31/10/2015" 37.00  1832143.81 407184.12 -6012.50 1.97   3.00   2.20   0.00   1.13   3167.41 111.49 36.80  4.44   0.93   0.36   0.00   -0.36  0.93   -0.05  0.12   2.19   0.01   0.78   0.81   0.87   0.77   1.84   0.03   0.22   0.15   3.00   0.00   -999.25 -1.94  899.96 0.00   10.48  5.00   2.37   0.50   
1832349.11 406900.21 -5726.04 "31/10/2015" 38.00  1832349.11 406900.21 -5726.04 2.50   3.00   2.77   0.00   1.31   2816.00 123.45 72.70  5.04   0.94   0.33   0.00   -0.33  0.94   0.01   0.64   2.31   0.01   0.87   0.92   0.85   0.81   2.86   0.07   0.38   0.20   3.00   0.00   -999.25 -1.81  1399.81 0.00   21.12  7.00   0.45   0.23   
1831657.27 406849.76 -6086.01 "31/10/2015" 39.00  1831657.27 406849.76 -6086.01 2.12   3.00   2.31   0.00   0.31   3084.65 198.34 54.09  18.16  0.85   0.53   0.00   -0.53  0.84   -0.09  0.72   2.14   0.01   0.74   0.78   0.72   0.63   2.08   0.04   0.16   0.24   3.00   0.00   -999.25 -2.01  705.85 0.00   9.92   5.00   2.20   0.16   
1832266.47 406866.96 -5746.56 "31/10/2015" 43.00  1832266.47 406866.96 -5746.56 1.98   0.00   2.13   0.00   1.01   2813.77 327.62 228.17 113.23 -0.93  -0.37  0.00   0.19   -0.47  0.86   0.09   2.85   0.02   0.79   0.79   0.72   0.63   1.73   0.03   0.19   0.15   3.00   0.00   -999.25 -1.98  797.51 0.00   16.85  8.00   0.51   0.47   
1831844.81 406539.88 -5783.75 "31/10/2015" 48.00  1831844.81 406539.88 -5783.75 2.17   3.00   3.10   0.00   0.21   2711.04 356.74 59.10  54.30  0.85   0.53   0.00   0.29   -0.47  0.83   0.37   2.31   0.01   0.65   0.58   0.66   0.38   2.74   0.07   0.18   0.36   3.00   0.00   -999.25 -1.99  773.72 0.00   11.62  4.00   1.50   0.15   
1832371.79 406853.21 -5824.71 "31/10/2015" 49.00  1832371.79 406853.21 -5824.71 2.00   0.00   2.36   0.00   0.90   2766.18 254.76 129.88 113.71 -0.94  -0.33  0.00   0.19   -0.53  0.82   0.88   3.13   0.03   0.85   0.84   0.83   0.74   2.10   0.04   0.27   0.15   3.00   0.00   -999.25 -2.02  682.87 0.00   14.41  4.00   0.69   0.56   
1831860.06 406642.62 -5751.93 "31/10/2015" 51.00  1831860.06 406642.62 -5751.93 3.93   3.00   4.14   0.00   0.30   2790.68 101.81 91.07  4.69   0.86   0.51   0.00   -0.51  0.86   0.01   0.28   2.43   0.03   0.91   0.95   0.84   0.82   3.09   0.09   0.37   0.25   3.00   0.00   -999.25 -1.46  4728.00 0.01   37.21  11.00  0.28   0.15   
1832155.50 406804.39 -5751.50 "31/10/2015" 52.00  1832155.50 406804.39 -5751.50 2.54   3.00   2.57   0.00   1.27   2799.29 91.13  66.32  3.43   0.91   0.40   0.00   -0.40  0.91   0.01   0.28   2.16   0.01   0.83   0.90   0.80   0.76   2.06   0.04   0.26   0.15   3.00   0.00   -999.25 -1.84  1301.36 0.00   17.19  11.00  0.78   0.44   
1832311.12 406846.97 -5673.21 "31/10/2015" 55.00  1832311.12 406846.97 -5673.21 2.63   3.00   3.09   0.00   0.35   2779.35 251.75 86.94  58.30  0.94   0.35   -0.00  -0.35  0.94   0.04   0.42   2.16   0.02   0.84   0.81   0.78   0.70   2.70   0.06   0.20   0.31   3.00   0.00   -999.25 -1.98  787.94 0.00   17.60  8.00   0.44   0.16   
1832374.15 406882.73 -5777.42 "31/10/2015" 57.00  1832374.15 406882.73 -5777.42 9.95   0.00   10.39  0.00   0.49   2791.84 73.31  58.25  50.71  -0.93  -0.36  -0.01  0.36   -0.93  0.12   0.36   4.00   0.18   0.82   0.98   0.87   0.86   7.59   0.24   0.85   0.29   3.00   0.00   -999.25 -1.46  4701.13 0.01   21.77  11.00  1.38   0.19   
1832250.57 406856.31 -5783.67 "31/10/2015" 61.00  1832250.57 406856.31 -5783.67 4.87   0.00   5.15   0.00   1.14   2810.31 98.09  79.19  47.57  0.37   -0.88  0.29   0.93   0.38   -0.01  0.78   3.72   0.10   0.81   0.96   0.85   0.83   4.56   0.15   0.68   0.23   3.00   0.00   -999.25 -1.43  5248.07 0.02   32.97  11.00  0.44   0.36   
1832047.63 406657.88 -5800.38 "31/10/2015" 62.00  1832047.63 406657.88 -5800.38 2.09   3.00   2.53   0.00   0.31   2712.87 127.46 49.12  4.83   0.89   0.46   0.00   -0.46  0.89   -0.01  0.61   2.55   0.02   0.86   0.85   0.75   0.68   2.36   0.05   0.15   0.32   3.00   0.00   -999.25 -2.11  504.19 0.00   11.00  7.00   1.15   0.17   
1832221.93 406788.34 -5768.98 "31/10/2015" 64.00  1832221.93 406788.34 -5768.98 1.78   3.00   2.19   0.00   0.40   2757.89 225.39 61.13  54.81  0.92   0.39   0.00   0.18   -0.43  0.88   0.67   2.03   0.01   0.78   0.74   0.65   0.51   2.09   0.04   0.19   0.23   3.00   0.00   -999.25 -1.88  1104.98 0.00   22.96  8.00   0.28   0.25   
1832178.38 406863.11 -5834.36 "31/10/2015" 66.00  1832178.38 406863.11 -5834.36 3.53   0.00   3.60   0.00   0.62   2845.65 253.18 142.67 83.24  -0.92  -0.39  0.01   0.10   -0.21  0.97   0.19   3.24   0.05   0.88   0.89   0.82   0.76   2.67   0.07   0.32   0.22   3.00   0.00   -999.25 -1.69  2136.87 0.01   30.43  11.00  0.23   0.26   
1832356.74 407106.33 -6030.67 "31/10/2015" 68.00  1832356.74 407106.33 -6030.67 2.94   3.00   3.19   0.00   0.38   3052.08 268.21 138.31 42.87  0.95   0.31   0.00   0.12   -0.35  0.93   0.04   3.06   0.04   0.93   0.89   0.92   0.86   3.05   0.09   0.24   0.37   3.00   0.00   -999.25 -1.72  1918.64 0.01   19.05  11.00  0.84   0.24   
1832117.04 406781.59 -5784.22 "31/10/2015" 71.00  1832117.04 406781.59 -5784.22 4.77   0.00   5.27   0.00   0.28   2794.36 197.44 90.88  57.71  -0.91  -0.42  -0.00  0.42   -0.91  -0.06  0.00   3.33   0.06   0.85   0.88   0.79   0.74   3.74   0.09   0.36   0.26   3.00   0.00   -999.25 -1.55  3433.34 0.01   25.27  11.00  0.65   0.13   
1831975.82 406717.64 -5830.16 "31/10/2015" 73.00  1831975.82 406717.64 -5830.16 2.24   3.00   2.46   0.00   0.34   2799.07 237.75 44.00  22.00  0.88   0.47   -0.00  -0.47  0.88   -0.02  0.80   2.79   0.03   0.78   0.77   0.83   0.68   2.49   0.06   0.18   0.30   3.00   0.00   -999.25 -1.85  1227.48 0.00   23.31  8.00   0.29   0.19   
1831796.09 406688.67 -5506.23 "31/10/2015" 74.00  1831796.09 406688.67 -5506.23 4.48   3.00   4.87   0.00   0.22   2870.78 183.78 125.44 39.31  0.85   0.52   -0.00  -0.52  0.85   0.02   0.89   2.06   0.00   0.93   0.94   0.82   0.80   3.54   0.10   0.31   0.34   3.00   0.00   -999.25 -1.59  3022.19 0.01   27.76  11.00  0.43   0.08   
1832286.53 407016.53 -5793.58 "31/10/2015" 76.00  1832286.53 407016.53 -5793.58 3.11   0.00   3.55   0.00   0.94   2947.56 226.18 84.14  53.18  -0.94  -0.34  0.00   0.34   -0.94  -0.02  0.80   3.40   0.06   0.81   0.92   0.86   0.81   2.94   0.08   0.39   0.19   3.00   0.00   -999.25 -1.50  4206.05 0.01   31.19  11.00  0.42   0.48   
1831734.06 406763.12 -6138.15 "31/10/2015" 80.00  1831734.06 406763.12 -6138.15 5.93   3.00   6.20   0.00   0.18   2988.54 81.53  72.27  3.09   0.85   0.53   0.00   -0.53  0.85   0.00   0.45   2.38   0.04   0.94   0.94   0.80   0.79   6.31   0.27   0.51   0.53   3.00   0.00   -999.25 -1.71  2026.83 0.00   13.40  11.00  2.56   0.05   
1832520.41 407014.19 -5749.00 "31/10/2015" 82.00  1832520.41 407014.19 -5749.00 3.86   3.00   4.18   0.00   0.21   2874.04 70.11  60.49  2.60   0.96   0.27   0.00   -0.27  0.96   0.00   0.60   2.47   0.01   0.88   0.87   0.85   0.78   3.70   0.11   0.30   0.40   3.00   0.00   -999.25 -1.71  2014.93 0.01   22.09  9.00   0.57   0.08   
1832282.89 406823.12 -5771.18 "31/10/2015" 84.00  1832282.89 406823.12 -5771.18 4.30   0.00   5.00   0.00   0.20   2767.33 223.45 59.54  49.57  -0.93  -0.36  0.00   0.36   -0.93  0.06   0.13   3.35   0.06   0.89   0.84   0.84   0.78   3.16   0.08   0.30   0.28   3.00   0.00   -999.25 -1.72  1953.81 0.01   21.44  11.00  0.60   0.14   
1832037.00 406599.82 -5791.27 "31/10/2015" 85.00  1832037.00 406599.82 -5791.27 2.46   3.00   2.75   0.00   0.38   2666.43 222.87 64.16  52.15  0.88   0.47   0.00   -0.46  0.87   -0.17  0.72   2.73   0.02   0.89   0.88   0.72   0.68   2.41   0.06   0.20   0.28   3.00   0.00   -999.25 -1.82  1391.87 0.00   23.39  9.00   0.33   0.19   
1831952.48 407041.11 -6114.77 "31/10/2015" 87.00  1831952.48 407041.11 -6114.77 4.35   0.00   4.90   0.00   2.30   3123.75 164.02 89.73  75.44  0.24   -0.50  -0.83  0.90   0.43   0.01   0.30   3.68   0.09   0.84   0.95   0.90   0.88   3.98   0.11   0.62   0.17   3.00   0.00   -999.25 -1.84  1271.97 0.00   8.25   11.00  6.89   0.47   
1831853.33 406606.61 -5752.05 "31/10/2015" 88.00  1831853.33 406606.61 -5752.05 3.45   3.00   4.08   0.00   0.21   2763.30 138.54 86.89  5.60   0.85   0.52   0.00   -0.52  0.85   0.01   0.40   2.44   0.04   0.89   0.89   0.83   0.77   4.19   0.14   0.31   0.42   3.00   0.00   -999.25 -1.89  1068.13 0.00   15.39  10.00  0.89   0.06   
1832249.57 407311.67 -6107.96 "31/10/2015" 90.00  1832249.57 407311.67 -6107.96 2.52   0.00   2.74   0.00   2.14   3260.78 280.16 196.76 108.15 -0.10  0.30   0.95   0.95   0.32   -0.01  0.09   3.32   0.03   0.74   0.91   0.88   0.84   2.43   0.05   0.36   0.13   3.00   0.00   -999.25 -1.95  869.06 0.00   10.65  9.00   2.18   0.72   
1832117.25 406836.74 -5802.10 "31/10/2015" 91.00  1832117.25 406836.74 -5802.10 3.96   0.00   4.46   0.00   1.52   2844.89 83.31  77.42  74.31  -0.89  -0.45  -0.04  -0.38  0.71   0.60   0.77   3.54   0.08   0.77   0.94   0.86   0.83   4.02   0.11   0.58   0.18   3.00   0.00   -999.25 -1.61  2842.67 0.01   24.16  11.00  0.61   0.43   
1832461.61 406967.81 -5772.67 "31/10/2015" 94.00  1832461.61 406967.81 -5772.67 2.41   0.00   2.64   0.00   0.58   2845.61 400.15 136.43 47.66  -0.96  -0.29  -0.00  0.29   -0.96  0.03   0.67   3.12   0.03   0.78   0.81   0.81   0.72   2.01   0.04   0.20   0.20   3.00   0.00   -999.25 -1.79  1535.77 0.00   26.67  4.00   0.25   0.31   
1832399.92 406639.24 -5960.39 "31/10/2015" 96.00  1832399.92 406639.24 -5960.39 3.71   0.00   5.05   0.00   0.29   2564.80 192.68 86.45  58.82  -0.94  -0.35  0.00   0.33   -0.89  0.30   0.81   3.11   0.04   0.76   0.75   0.74   0.62   3.59   0.07   0.25   0.30   3.00   0.00   -999.25 -1.93  949.98 0.00   12.85  6.00   1.36   0.13   
1832320.34 407094.03 -6043.00 "31/10/2015" 99.00  1832320.34 407094.03 -6043.00 6.28   3.00   6.67   0.00   0.85   3054.01 145.86 80.80  46.52  0.11   -0.34  0.93   0.95   0.32   0.00   0.97   3.77   0.21   0.98   0.98   0.92   0.91   5.30   0.27   0.64   0.41   3.00   0.00   -999.25 -1.33  7444.23 0.02   39.02  11.00  0.38   0.15   
1832169.97 406927.30 -5785.61 "31/10/2015" 98.00  1832169.97 406927.30 -5785.61 2.75   0.00   3.21   0.00   1.36   2906.49 178.72 107.50 51.97  -0.92  -0.38  -0.00  0.38   -0.92  0.10   0.58   3.32   0.05   0.87   0.93   0.83   0.80   2.73   0.07   0.39   0.16   3.00   0.00   -999.25 -1.88  1131.82 0.00   17.63  10.00  0.63   0.46   
1832418.10 406953.52 -5681.35 "31/10/2015" 100.00 1832418.10 406953.52 -5681.35 3.02   3.00   3.35   0.00   0.60   2844.67 237.93 86.09  44.34  0.95   0.31   0.00   -0.31  0.95   0.04   0.66   2.10   0.02   0.86   0.90   0.76   0.74   2.90   0.09   0.31   0.27   3.00   0.00   -999.25 -1.96  845.02 0.00   18.52  10.00  0.40   0.26   
1831896.03 406571.51 -5773.58 "31/10/2015" 101.00 1831896.03 406571.51 -5773.58 3.74   3.00   3.93   0.00   0.22   2711.34 220.86 61.25  55.42  0.86   0.51   0.00   0.27   -0.46  0.85   0.41   3.01   0.05   0.86   0.89   0.87   0.80   4.14   0.11   0.24   0.46   3.00   0.00   -999.25 -1.59  3080.67 0.01   37.84  7.00   0.17   0.09   
1832163.94 406895.60 -5749.83 "31/10/2015" 102.00 1832163.94 406895.60 -5749.83 2.52   3.00   2.71   0.00   0.30   2879.62 71.74  58.45  2.60   0.92   0.39   0.00   -0.39  0.92   0.00   0.39   2.10   0.00   0.89   0.87   0.72   0.67   2.34   0.05   0.20   0.27   3.00   0.00   -999.25 -1.90  1051.76 0.00   15.34  6.00   0.89   0.19   
1832095.56 407156.06 -6263.66 "31/10/2015" 103.00 1832095.56 407156.06 -6263.66 5.85   0.00   5.77   0.00   1.29   3192.51 350.35 110.39 102.43 0.14   -0.33  -0.93  0.92   0.38   0.00   0.32   3.56   0.11   0.84   0.96   0.93   0.91   3.88   0.14   0.52   0.26   3.00   0.00   -999.25 -1.94  896.93 0.00   11.23  11.00  1.92   0.20   
1832439.73 406859.63 -5801.20 "31/10/2015" 104.00 1832439.73 406859.63 -5801.20 8.32   0.00   8.38   0.00   0.23   2749.70 95.76  79.65  73.88  0.12   -0.61  0.78   0.95   0.29   0.09   0.63   3.57   0.11   0.96   0.97   0.85   0.85   4.29   0.13   0.37   0.40   3.00   0.00   -999.25 -1.60  2989.63 0.01   19.03  11.00  1.32   0.08   
1832276.60 406972.64 -5805.71 "31/10/2015" 106.00 1832276.60 406972.64 -5805.71 2.86   0.00   3.23   0.00   1.60   2910.13 205.90 106.13 85.65  -0.94  -0.35  0.00   0.35   -0.93  0.08   0.98   3.40   0.05   0.81   0.92   0.83   0.80   3.11   0.08   0.46   0.17   3.00   0.00   -999.25 -1.95  869.96 0.00   14.23  11.00  0.92   0.46   
1832132.78 407126.66 -6200.65 "31/10/2015" 107.00 1832132.78 407126.66 -6200.65 4.07   3.00   4.76   0.00   1.29   3141.60 323.25 150.99 89.78  0.93   0.37   -0.00  -0.37  0.93   -0.05  0.85   2.10   0.00   0.82   0.93   0.85   0.81   3.69   0.11   0.55   0.19   3.00   0.00   -999.25 -1.46  4820.46 0.01   23.40  11.00  1.14   0.30   
1832239.15 406559.30 -6382.09 "31/10/2015" 108.00 1832239.15 406559.30 -6382.09 2.01   0.00   2.18   0.00   1.30   2625.99 310.13 141.88 69.47  -0.91  -0.41  0.00   -0.24  0.55   0.80   0.84   3.08   0.02   0.72   0.79   0.90   0.75   1.62   0.03   0.19   0.13   3.00   0.00   -999.25 -2.33  237.75 0.00   6.19   5.00   3.05   0.50   
1832245.40 406975.85 -5727.03 "31/10/2015" 111.00 1832245.40 406975.85 -5727.03 4.71   0.00   5.31   0.00   0.86   2922.81 131.97 85.52  72.74  0.35   -0.92  0.16   0.93   0.36   -0.01  0.81   3.56   0.08   0.81   0.98   0.82   0.82   3.72   0.12   0.46   0.28   3.00   0.01   -999.25 -1.22  10760.53 0.03   24.98  11.00  2.10   0.35   
1832619.82 406982.98 -5843.28 "31/10/2015" 112.00 1832619.82 406982.98 -5843.28 3.56   0.00   3.96   0.00   2.61   2820.70 154.75 115.69 57.06  0.20   -0.79  0.58   0.97   0.24   0.00   0.13   3.34   0.04   0.79   0.95   0.83   0.81   2.99   0.06   0.35   0.18   3.00   0.00   -999.25 -1.80  1445.53 0.00   15.92  11.00  1.09   0.36   
1832170.31 407135.94 -5751.49 "31/10/2015" 114.00 1832170.31 407135.94 -5751.49 2.04   3.00   2.47   0.00   1.18   3099.89 186.48 99.70  86.57  0.93   0.36   -0.00  0.13   -0.34  0.93   0.74   2.19   0.00   0.76   0.95   0.85   0.82   2.29   0.04   0.32   0.14   3.00   0.00   -999.25 -1.47  4612.35 0.01   39.22  11.00  0.23   0.57   
1832118.76 406953.38 -6039.67 "31/10/2015" 116.00 1832118.76 406953.38 -6039.67 12.04  3.00   12.36  0.00   0.22   2995.50 133.14 76.94  43.47  0.14   -0.32  0.94   0.92   0.40   -0.00  0.68   3.69   0.20   0.96   0.99   0.96   0.95   6.23   0.31   0.73   0.43   3.00   0.01   -999.25 -1.01  22147.07 0.06   36.53  11.00  1.38   0.06   
1832163.94 406804.50 -5746.92 "31/10/2015" 117.00 1832163.94 406804.50 -5746.92 5.59   0.00   6.36   0.00   0.45   2795.34 92.09  71.98  48.40  -0.90  -0.44  -0.03  0.44   -0.88  -0.20  0.61   3.46   0.10   0.88   0.96   0.85   0.84   4.56   0.14   0.43   0.32   3.00   0.00   -999.25 -1.58  3120.28 0.01   22.62  11.00  0.82   0.15   
1832470.97 406817.77 -5854.94 "31/10/2015" 118.00 1832470.97 406817.77 -5854.94 4.22   0.00   4.57   0.00   0.38   2702.51 154.21 94.47  60.10  0.27   -0.84  0.47   0.95   0.30   -0.00  0.38   3.35   0.05   0.88   0.92   0.84   0.81   2.69   0.07   0.26   0.27   3.00   0.00   -999.25 -1.53  3698.96 0.01   30.70  8.00   0.39   0.11   
1832329.27 406978.52 -5763.92 "31/10/2015" 119.00 1832329.27 406978.52 -5763.92 2.23   0.00   2.69   0.00   1.04   2896.81 296.12 80.72  46.71  -0.94  -0.33  -0.00  0.33   -0.93  0.15   0.91   3.18   0.03   0.78   0.88   0.77   0.72   2.29   0.05   0.29   0.17   3.00   0.00   -999.25 -2.03  659.31 0.00   9.38   7.00   2.43   0.44   
1831553.45 406283.39 -5763.62 "31/10/2015" 120.00 1831553.45 406283.39 -5763.62 3.84   3.00   4.29   0.00   0.14   2677.06 254.13 62.95  57.38  0.76   0.65   0.00   0.33   -0.39  0.86   0.22   2.89   0.05   0.87   0.88   0.84   0.78   5.16   0.14   0.27   0.53   3.00   0.00   -999.25 -1.85  1230.77 0.00   15.55  11.00  0.99   0.06   
1832202.11 406762.50 -5769.47 "31/10/2015" 122.00 1832202.11 406762.50 -5769.47 5.82   3.00   6.14   0.00   0.40   2741.86 106.06 34.52  31.56  0.92   0.40   0.00   0.20   -0.47  0.86   0.51   3.63   0.10   0.87   0.96   0.87   0.85   3.91   0.13   0.50   0.27   3.00   0.00   -999.25 -1.61  2816.21 0.01   24.18  11.00  0.61   0.14   
1832465.07 406830.59 -5777.15 "31/10/2015" 123.00 1832465.07 406830.59 -5777.15 3.72   0.00   4.16   0.00   0.33   2713.68 296.74 79.48  50.45  -0.95  -0.30  -0.00  0.29   -0.92  0.28   0.08   3.33   0.04   0.87   0.88   0.88   0.81   2.69   0.07   0.29   0.25   3.00   0.00   -999.25 -1.79  1506.34 0.00   18.50  10.00  0.72   0.16   
1832210.95 406967.73 -5777.46 "31/10/2015" 125.00 1832210.95 406967.73 -5777.46 7.44   3.00   7.90   0.00   0.11   2928.00 111.86 57.25  50.03  0.93   0.37   -0.00  0.16   -0.40  0.90   0.23   2.61   0.00   0.97   0.96   0.89   0.87   3.66   0.10   0.54   0.19   3.00   0.00   -999.25 -1.16  13285.89 0.04   40.02  11.00  0.63   0.07   
1832007.74 406768.82 -5763.21 "31/10/2015" 132.00 1832007.74 406768.82 -5763.21 5.53   3.00   6.32   0.00   1.10   2830.29 105.12 34.99  31.63  0.89   0.45   0.00   0.21   -0.41  0.89   0.81   3.75   0.11   0.82   0.97   0.88   0.86   5.15   0.15   0.64   0.25   3.00   0.00   -999.25 -1.71  2043.03 0.01   16.47  11.00  1.39   0.26   
1832321.11 406766.70 -5749.75 "31/10/2015" 133.00 1832321.11 406766.70 -5749.75 6.80   3.00   7.72   0.00   0.43   2700.59 75.81  40.46  2.76   0.93   0.36   0.00   -0.36  0.93   0.01   0.05   3.08   0.09   0.81   0.85   0.88   0.78   5.73   0.21   0.56   0.38   3.00   0.00   -999.25 -1.39  6098.21 0.02   30.03  11.00  0.68   0.18   
1831934.87 406675.01 -5749.00 "31/10/2015" 134.00 1831934.87 406675.01 -5749.00 3.23   3.00   3.64   0.00   0.38   2782.03 70.90  48.91  2.70   0.87   0.49   0.00   -0.49  0.87   0.01   0.43   2.69   0.04   0.94   0.94   0.82   0.80   3.71   0.13   0.31   0.43   3.00   0.00   -999.25 -1.86  1218.10 0.00   14.32  10.00  1.26   0.15   
1832327.43 406864.96 -6012.10 "31/10/2015" 135.00 1832327.43 406864.96 -6012.10 3.52   0.00   3.69   0.00   0.41   2805.63 233.05 156.06 103.27 0.06   -0.17  0.98   0.94   0.34   0.01   0.32   3.10   0.04   0.85   0.90   0.82   0.77   2.28   0.05   0.26   0.19   3.00   0.00   -999.25 -1.85  1235.44 0.00   13.45  10.00  1.54   0.18   
1832152.40 406972.42 -5786.71 "31/10/2015" 137.00 1832152.40 406972.42 -5786.71 3.70   0.00   4.01   0.00   0.91   2954.91 148.62 110.97 46.81  -0.92  -0.38  -0.00  0.37   -0.90  0.23   0.02   3.43   0.07   0.91   0.96   0.87   0.85   3.03   0.09   0.39   0.22   3.00   0.00   -999.25 -1.70  2106.32 0.01   23.44  11.00  0.50   0.27   
1832328.32 406955.06 -5902.34 "31/10/2015" 139.00 1832328.32 406955.06 -5902.34 4.45   0.00   5.12   0.00   0.48   2880.54 265.28 134.77 98.05  0.19   -0.55  0.82   0.94   0.33   0.00   0.36   3.49   0.10   0.86   0.95   0.83   0.81   3.41   0.12   0.38   0.30   3.00   0.00   -999.25 -1.70  2098.17 0.01   22.04  10.00  0.60   0.18   
1832308.24 406903.25 -5769.77 "31/10/2015" 140.00 1832308.24 406903.25 -5769.77 7.30   0.00   7.88   0.00   0.51   2833.22 79.46  66.62  51.20  -0.96  -0.29  0.00   0.29   -0.95  0.13   0.35   3.92   0.18   0.90   0.95   0.90   0.88   5.58   0.21   0.75   0.28   3.00   0.00   -999.25 -1.46  4772.89 0.01   29.24  11.00  0.58   0.18   
1832522.32 406980.88 -5963.30 "31/10/2015" 142.00 1832522.32 406980.88 -5963.30 4.90   0.00   5.65   0.00   0.26   2851.19 239.03 163.64 72.73  0.17   -0.59  0.79   0.96   0.27   -0.00  0.04   3.35   0.06   0.87   0.94   0.86   0.84   2.87   0.08   0.25   0.29   3.00   0.00   -999.25 -1.73  1865.39 0.01   17.18  10.00  1.12   0.10   
1832378.93 406814.67 -5724.25 "31/10/2015" 143.00 1832378.93 406814.67 -5724.25 1.82   3.00   2.17   0.00   0.74   2727.02 47.96  32.84  1.76   0.94   0.33   0.00   -0.33  0.94   0.00   0.62   2.56   0.02   0.81   0.75   0.73   0.60   2.00   0.04   0.21   0.19   3.00   0.00   -999.25 -1.92  967.05 0.00   14.38  7.00   0.99   0.32   
1832423.33 407060.30 -5753.15 "31/10/2015" 144.00 1832423.33 407060.30 -5753.15 1.94   3.00   2.34   0.00   0.66   2944.94 217.12 66.76  57.87  0.96   0.29   -0.00  0.10   -0.32  0.94   0.22   2.25   0.01   0.86   0.90   0.83   0.78   2.08   0.04   0.23   0.18   3.00   0.00   -999.25 -1.81  1438.41 0.00   24.10  8.00   0.31   0.33   
1832374.06 407090.05 -6094.45 "31/10/2015" 145.00 1832374.06 407090.05 -6094.45 4.03   0.00   3.80   0.00   0.94   3011.51 235.56 185.56 102.09 0.09   -0.32  0.94   0.96   0.30   0.01   1.00   3.48   0.08   0.82   0.91   0.93   0.86   3.09   0.10   0.38   0.24   3.00   0.00   -999.25 -1.79  1541.54 0.00   19.21  11.00  0.66   0.28   
1832065.61 406909.26 -6346.68 "31/10/2015" 146.00 1832065.61 406909.26 -6346.68 3.83   0.00   4.59   0.00   3.17   2997.72 278.18 111.79 82.27  -0.25  0.54   0.81   0.34   -0.73  0.59   0.95   3.77   0.10   0.82   0.97   0.93   0.92   4.84   0.13   0.75   0.18   3.00   0.00   -999.25 -1.99  763.35 0.00   13.60  11.00  0.92   0.52   
1832027.08 406739.00 -5994.84 "31/10/2015" 147.00 1832027.08 406739.00 -5994.84 8.45   0.00   8.80   0.00   0.33   2808.10 134.96 91.35  41.44  -0.89  -0.45  0.00   0.35   -0.68  0.65   0.19   3.74   0.17   0.82   0.93   0.83   0.81   5.45   0.22   0.55   0.37   3.00   0.00   -999.25 -1.77  1615.08 0.00   11.20  11.00  3.49   0.12   
1832360.47 406836.81 -5824.98 "31/10/2015" 149.00 1832360.47 406836.81 -5824.98 2.84   3.00   3.28   0.00   0.17   2752.46 83.06  45.35  2.92   0.94   0.34   -0.00  -0.34  0.94   -0.01  0.66   3.12   0.05   0.88   0.83   0.86   0.78   3.59   0.09   0.19   0.44   3.00   0.00   -999.25 -2.01  709.78 0.00   9.89   6.00   2.23   0.07   
1831908.86 406833.85 -5598.81 "31/10/2015" 153.00 1831908.86 406833.85 -5598.81 4.20   3.00   4.76   0.00   0.50   2935.51 169.03 97.99  74.01  0.88   0.47   0.00   -0.47  0.88   0.07   0.66   2.44   0.04   0.93   0.95   0.84   0.81   4.62   0.19   0.49   0.39   3.00   0.00   -999.25 -1.81  1402.91 0.00   16.64  11.00  0.93   0.11   
1832390.00 406932.23 -5797.43 "31/10/2015" 156.00 1832390.00 406932.23 -5797.43 2.35   0.00   2.58   0.00   1.04   2834.07 206.47 90.54  56.24  -0.95  -0.32  -0.00  -0.25  0.74   -0.63  0.00   3.16   0.02   0.82   0.88   0.82   0.76   2.09   0.04   0.25   0.17   3.00   0.00   -999.25 -1.97  833.37 0.00   15.82  9.00   0.64   0.39   
1832452.32 406995.12 -5769.78 "31/10/2015" 157.00 1832452.32 406995.12 -5769.78 11.06  0.00   11.71  0.00   0.37   2874.38 76.86  67.88  50.55  -0.97  -0.25  -0.00  0.25   -0.96  0.11   0.72   4.07   0.23   0.89   0.99   0.91   0.91   9.26   0.27   0.83   0.33   3.00   0.01   -999.25 -1.21  11247.73 0.03   24.41  11.00  2.35   0.18   
1832569.76 406996.49 -5763.75 "31/10/2015" 158.00 1832569.76 406996.49 -5763.75 2.62   3.00   3.11   0.00   0.67   2843.66 181.98 34.96  31.58  0.97   0.25   -0.00  0.12   -0.44  0.89   0.48   3.28   0.04   0.73   0.86   0.82   0.76   2.68   0.06   0.33   0.19   3.00   0.00   -999.25 -1.76  1661.19 0.01   23.15  11.00  0.41   0.25   
1832083.34 406783.90 -5759.19 "31/10/2015" 160.00 1832083.34 406783.90 -5759.19 2.47   3.00   3.05   0.00   0.44   2810.58 291.19 56.46  49.81  0.90   0.43   0.00   0.16   -0.33  0.93   0.71   2.94   0.04   0.82   0.77   0.77   0.68   2.70   0.07   0.27   0.25   3.00   0.00   -999.25 -1.95  883.98 0.00   13.94  7.00   0.99   0.21   
1832343.27 406958.36 -5952.25 "31/10/2015" 163.00 1832343.27 406958.36 -5952.25 2.79   0.00   3.48   0.00   0.42   2882.33 333.22 191.86 106.13 -0.94  -0.33  0.00   0.16   -0.45  0.88   0.19   2.98   0.04   0.67   0.79   0.75   0.64   2.42   0.06   0.22   0.26   3.00   0.00   -999.25 -1.77  1628.66 0.01   21.78  9.00   0.48   0.21   
1832619.74 407031.95 -5976.69 "31/10/2015" 164.00 1832619.74 407031.95 -5976.69 3.73   0.00   4.72   0.00   0.18   2877.19 286.59 163.85 55.41  -0.97  -0.23  -0.00  0.16   -0.66  0.74   0.48   3.11   0.03   0.86   0.84   0.76   0.69   2.78   0.05   0.18   0.28   3.00   0.00   -999.25 -1.76  1667.26 0.01   16.61  10.00  1.11   0.10   
1831690.43 406505.00 -5751.99 "31/10/2015" 165.00 1831690.43 406505.00 -5751.99 11.67  3.00   12.27  0.00   0.27   2767.77 52.00  44.96  2.77   -0.58  0.82   0.01   0.82   0.58   -0.00  0.89   3.84   0.30   0.97   0.98   0.85   0.85   12.62  0.46   0.85   0.55   3.00   0.01   -999.25 -1.19  12018.46 0.04   23.12  11.00  2.95   0.12   
1832392.64 406539.20 -5741.39 "31/10/2015" 166.00 1832392.64 406539.20 -5741.39 1.91   0.00   2.63   0.00   0.36   2462.53 476.69 176.00 50.98  -0.93  -0.36  0.00   0.36   -0.92  -0.14  0.11   2.74   0.01   0.74   0.67   0.61   0.41   1.89   0.03   0.17   0.21   3.00   0.00   -999.25 -1.66  2374.03 0.01   26.34  5.00   0.39   0.26   
1832436.73 406920.15 -5754.34 "31/10/2015" 168.00 1832436.73 406920.15 -5754.34 2.44   0.00   2.79   0.00   0.58   2807.20 246.80 126.31 91.28  -0.95  -0.30  0.00   -0.18  0.57   -0.80  0.85   3.17   0.03   0.88   0.90   0.80   0.77   2.03   0.04   0.22   0.19   3.00   0.00   -999.25 -1.85  1231.06 0.00   23.13  5.00   0.30   0.30   
1832666.14 406976.12 -5930.37 "31/10/2015" 169.00 1832666.14 406976.12 -5930.37 1.92   0.00   2.40   0.00   0.64   2808.64 490.40 432.33 153.17 -0.97  -0.22  -0.01  0.00   -0.08  1.00   0.50   2.97   0.02   0.64   0.67   0.81   0.58   1.95   0.04   0.19   0.20   3.00   0.00   -999.25 -2.11  510.89 0.00   11.69  3.00   0.97   0.36   
1832425.53 406931.23 -5756.45 "31/10/2015" 170.00 1832425.53 406931.23 -5756.45 2.22   3.00   2.63   0.00   0.34   2821.61 300.26 48.70  45.18  0.95   0.31   0.00   -0.28  0.87   -0.40  0.38   2.50   0.02   0.85   0.79   0.76   0.65   2.10   0.04   0.19   0.23   3.00   0.00   -999.25 -2.02  694.83 0.00   10.60  5.00   1.77   0.18   
1832203.39 407004.15 -5982.29 "31/10/2015" 172.00 1832203.39 407004.15 -5982.29 4.13   0.00   4.39   0.00   1.36   2976.13 170.12 127.18 62.64  -0.93  -0.37  0.00   0.32   -0.79  0.52   0.98   3.41   0.06   0.82   0.93   0.86   0.83   3.34   0.09   0.47   0.20   3.00   0.00   -999.25 -1.97  805.97 0.00   8.68   10.00  3.75   0.31   
1832502.62 406967.82 -6003.34 "31/10/2015" 173.00 1832502.62 406967.82 -6003.34 2.06   0.00   2.38   0.00   0.45   2847.77 421.60 344.96 105.38 0.96   0.28   0.00   0.13   -0.44  0.89   0.66   2.93   0.02   0.57   0.63   0.80   0.58   1.82   0.03   0.17   0.20   3.00   0.00   -999.25 -2.03  667.72 0.00   11.40  9.00   1.37   0.30   
1832268.17 406783.13 -5728.22 "31/10/2015" 174.00 1832268.17 406783.13 -5728.22 1.83   3.00   2.19   0.00   0.65   2736.54 448.71 69.95  62.88  0.93   0.37   0.00   -0.32  0.79   -0.53  0.30   2.10   0.01   0.72   0.64   0.69   0.55   2.28   0.05   0.18   0.27   3.00   0.00   -999.25 -1.67  2344.74 0.01   33.73  9.00   0.19   0.00   
1832080.91 406886.09 -5797.05 "31/10/2015" 175.00 1832080.91 406886.09 -5797.05 4.09   0.00   4.41   0.00   0.94   2904.69 141.57 118.87 72.78  -0.91  -0.41  -0.00  0.41   -0.91  0.10   0.51   3.41   0.06   0.83   0.94   0.86   0.82   3.08   0.09   0.41   0.21   3.00   0.00   -999.25 -1.67  2289.81 0.01   20.41  11.00  0.82   0.28   
1832002.70 406861.08 -5750.80 "31/10/2015" 176.00 1832002.70 406861.08 -5750.80 3.90   3.00   4.34   0.00   0.70   2915.31 67.04  48.31  2.54   0.90   0.44   0.00   -0.44  0.90   0.01   0.91   3.08   0.07   0.87   0.86   0.85   0.76   3.75   0.13   0.41   0.31   3.00   0.00   -999.25 -1.84  1265.18 0.00   14.67  11.00  1.22   0.21   
1831900.61 406645.03 -5754.73 "31/10/2015" 177.00 1831900.61 406645.03 -5754.73 3.79   3.00   4.00   0.00   0.61   2772.27 153.21 106.43 95.06  0.87   0.50   0.00   0.18   -0.30  0.94   0.21   2.44   0.03   0.91   0.95   0.92   0.88   3.61   0.13   0.43   0.29   3.00   0.00   -999.25 -1.72  1915.43 0.01   23.61  11.00  0.44   0.12   
1832409.21 406941.55 -5883.12 "31/10/2015" 179.00 1832409.21 406941.55 -5883.12 3.21   0.00   3.52   0.00   0.62   2840.58 215.57 193.09 73.36  -0.95  -0.31  0.00   0.10   -0.31  0.94   0.34   3.36   0.05   0.83   0.90   0.88   0.83   2.65   0.07   0.30   0.23   3.00   0.00   -999.25 -2.02  677.96 0.00   13.14  10.00  0.91   0.19   
1832361.26 406983.16 -5766.92 "31/10/2015" 181.00 1832361.26 406983.16 -5766.92 2.77   0.00   3.38   0.00   0.83   2890.81 403.71 70.76  47.32  -0.95  -0.32  -0.00  0.32   -0.93  0.18   0.43   3.15   0.03   0.71   0.78   0.83   0.67   2.42   0.06   0.30   0.18   3.00   0.00   -999.25 -1.91  1023.06 0.00   18.23  9.00   0.51   0.24   
1832813.03 407004.79 -5805.91 "31/10/2015" 182.00 1832813.03 407004.79 -5805.91 3.24   0.00   3.58   0.00   0.32   2801.27 204.16 167.92 57.55  0.98   0.18   -0.01  0.12   -0.66  0.74   0.04   3.28   0.04   0.76   0.90   0.83   0.77   2.64   0.07   0.25   0.28   3.00   0.00   -999.25 -1.90  1026.43 0.00   15.22  7.00   0.88   0.14   
1832093.58 406629.76 -5802.28 "31/10/2015" 183.00 1832093.58 406629.76 -5802.28 2.91   3.00   3.67   0.00   0.28   2666.98 251.00 56.39  49.46  0.89   0.45   -0.00  -0.43  0.86   -0.25  0.86   2.64   0.03   0.86   0.80   0.74   0.63   3.07   0.07   0.20   0.39   3.00   0.00   -999.25 -1.78  1595.72 0.00   20.42  9.00   0.57   0.13   
1832642.79 406606.30 -5749.00 "31/10/2015" 185.00 1832642.79 406606.30 -5749.00 3.31   3.00   3.33   0.00   0.54   2448.44 80.65  55.19  3.28   0.96   0.26   0.00   -0.26  0.96   0.01   0.50   2.34   0.02   0.93   0.94   0.78   0.76   2.78   0.07   0.24   0.30   3.00   0.00   -999.25 -1.83  1342.46 0.00   21.78  9.00   0.40   0.17   
1831667.66 407217.08 -6061.68 "31/10/2015" 186.00 1831667.66 407217.08 -6061.68 2.30   3.00   2.44   0.00   1.51   3393.65 84.68  41.07  2.76   0.88   0.48   0.00   -0.48  0.88   0.00   0.36   2.90   0.02   0.86   0.88   0.83   0.77   2.04   0.04   0.21   0.20   3.00   0.00   -999.25 -1.90  1033.79 0.00   12.53  10.00  1.60   0.00   
1831719.18 406586.21 -5749.00 "31/10/2015" 187.00 1831719.18 406586.21 -5749.00 9.69   3.00   10.26  0.00   0.18   2818.98 47.21  40.13  2.59   0.83   0.56   0.00   -0.56  0.83   0.01   0.69   3.78   0.27   0.97   0.98   0.88   0.87   9.78   0.41   0.76   0.53   3.00   0.00   -999.25 -1.48  4392.72 0.01   17.28  11.00  2.59   0.04   
1832078.16 406949.56 -6468.69 "31/10/2015" 188.00 1832078.16 406949.56 -6468.69 3.31   3.00   3.33   0.00   0.49   3033.20 179.43 67.15  33.44  0.91   0.41   -0.00  -0.31  0.69   0.65   0.93   3.17   0.05   0.89   0.93   0.87   0.83   2.85   0.09   0.28   0.29   3.00   0.00   -999.25 -2.00  725.78 0.00   13.35  8.00   0.93   0.15   
1832503.43 406982.62 -5781.45 "31/10/2015" 194.00 1832503.43 406982.62 -5781.45 1.75   3.00   2.06   0.00   0.73   2847.67 226.97 34.52  31.45  0.96   0.28   0.00   0.15   -0.51  0.85   0.83   3.00   0.02   0.79   0.78   0.80   0.67   1.74   0.03   0.19   0.16   3.00   0.00   -999.25 -2.03  661.78 0.00   11.41  5.00   1.35   0.40   
1832325.38 407066.94 -6512.23 "31/10/2015" 193.00 1832325.38 407066.94 -6512.23 2.02   3.00   2.41   0.00   0.71   3061.03 10.86  10.81  0.44   0.95   0.32   0.00   -0.32  0.95   -0.00  0.29   2.57   0.02   0.70   0.72   0.85   0.66   2.11   0.04   0.19   0.23   3.00   0.00   -999.25 -1.55  3447.93 0.01   29.13  5.00   0.42   0.00   
1832431.76 406927.88 -5779.86 "31/10/2015" 195.00 1832431.76 406927.88 -5779.86 5.33   0.00   5.64   0.00   1.79   2816.53 116.79 80.01  59.15  0.30   -0.94  -0.16  0.95   0.30   0.01   0.85   3.81   0.10   0.82   0.98   0.92   0.91   4.58   0.13   0.72   0.19   3.00   0.00   -999.25 -1.53  3686.70 0.01   22.74  11.00  0.95   0.32   
1831968.51 406835.85 -5749.89 "31/10/2015" 197.00 1831968.51 406835.85 -5749.89 2.65   3.00   3.20   0.00   1.02   2908.09 68.52  32.15  2.41   0.89   0.45   0.00   -0.45  0.89   0.02   0.16   2.83   0.04   0.88   0.93   0.79   0.78   2.97   0.07   0.42   0.17   3.00   0.00   -999.25 -1.45  4997.50 0.02   39.86  11.00  0.24   0.29   
1832440.95 406987.60 -5986.35 "31/10/2015" 198.00 1832440.95 406987.60 -5986.35 2.09   3.00   2.63   0.00   0.36   2908.02 275.55 54.99  17.67  0.96   0.30   -0.00  -0.29  0.92   -0.25  0.46   3.01   0.03   0.80   0.72   0.79   0.62   2.43   0.05   0.19   0.26   3.00   0.00   -999.25 -2.05  626.10 0.00   9.80   8.00   2.02   0.17   
1832533.98 406838.27 -5766.20 "31/10/2015" 199.00 1832533.98 406838.27 -5766.20 3.09   3.00   3.74   0.00   0.22   2700.79 243.32 56.49  51.03  0.96   0.28   0.00   0.13   -0.44  0.89   0.05   2.94   0.04   0.71   0.70   0.75   0.58   3.49   0.09   0.20   0.44   3.00   0.00   -999.25 -1.54  3554.69 0.01   34.24  10.00  0.27   0.11   
1832125.21 406836.12 -5986.04 "31/10/2015" 200.00 1832125.21 406836.12 -5986.04 3.00   0.00   3.38   0.00   0.45   2852.43 330.68 328.22 86.80  0.01   -0.42  0.91   0.93   0.35   0.15   0.90   3.14   0.04   0.85   0.80   0.80   0.72   2.79   0.07   0.25   0.28   3.00   0.00   -999.25 -1.96  844.87 0.00   14.02  8.00   0.93   0.29   
1832280.94 406890.45 -5747.35 "31/10/2015" 201.00 1832280.94 406890.45 -5747.35 1.75   0.00   2.19   0.00   0.67   2830.49 528.49 102.44 90.22  -0.93  -0.36  -0.00  0.18   -0.47  0.87   0.32   2.72   0.01   0.68   0.65   0.73   0.54   1.62   0.02   0.18   0.15   3.00   0.00   -999.25 -2.03  659.80 0.00   9.44   7.00   2.38   0.42   
1832185.93 406737.23 -6011.00 "31/10/2015" 203.00 1832185.93 406737.23 -6011.00 2.38   3.00   2.78   0.00   0.14   2731.59 166.68 52.85  6.18   0.91   0.40   0.00   -0.40  0.91   -0.04  0.56   2.39   0.01   0.83   0.80   0.68   0.60   2.15   0.04   0.15   0.28   3.00   0.00   -999.25 -2.00  724.65 0.00   11.09  5.00   1.61   0.09   
1831619.77 406705.76 -5749.00 "31/10/2015" 204.00 1831619.77 406705.76 -5749.00 3.81   3.00   4.49   0.00   0.41   2973.00 62.71  56.24  2.47   0.83   0.56   0.00   -0.56  0.83   0.00   0.35   2.57   0.03   0.93   0.95   0.82   0.81   3.58   0.12   0.40   0.29   3.00   0.00   -999.25 -1.54  3589.69 0.01   29.06  11.00  0.44   0.13   
1832327.98 407030.97 -6010.87 "31/10/2015" 207.00 1832327.98 407030.97 -6010.87 2.39   3.00   2.70   0.00   0.62   2987.35 291.90 65.54  11.38  0.95   0.33   -0.00  -0.32  0.93   -0.19  0.84   2.82   0.03   0.83   0.84   0.86   0.78   2.43   0.06   0.27   0.21   3.00   0.00   -999.25 -1.90  1041.28 0.00   18.31  9.00   0.52   0.22   
1832285.77 406869.31 -6040.71 "31/10/2015" 208.00 1832285.77 406869.31 -6040.71 3.23   3.00   3.79   0.00   0.32   2857.09 259.17 123.66 44.07  0.93   0.36   -0.00  0.11   -0.30  0.95   0.86   3.22   0.06   0.86   0.87   0.79   0.73   3.09   0.10   0.25   0.36   3.00   0.00   -999.25 -1.89  1070.40 0.00   16.68  8.00   0.70   0.14   
1831919.10 406768.14 -5693.76 "31/10/2015" 209.00 1831919.10 406768.14 -5693.76 1.96   0.00   2.29   0.00   0.67   2870.48 367.07 200.80 79.70  -0.88  -0.48  -0.00  0.33   -0.61  0.72   0.21   2.96   0.02   0.76   0.71   0.79   0.60   1.83   0.03   0.18   0.18   3.00   0.00   -999.25 -1.33  7573.92 0.02   58.88  7.00   0.11   0.35   
1832428.49 406989.70 -6068.92 "31/10/2015" 210.00 1832428.49 406989.70 -6068.92 2.48   0.00   3.08   0.00   0.55   2897.11 223.70 202.53 146.88 0.17   -0.51  -0.84  0.95   0.30   0.01   0.03   2.69   0.02   0.73   0.71   0.83   0.65   2.09   0.04   0.19   0.22   3.00   0.00   -999.25 -1.76  1679.61 0.00   23.25  8.00   0.41   0.33   
1832519.54 407085.29 -6013.96 "31/10/2015" 212.00 1832519.54 407085.29 -6013.96 2.41   3.00   2.73   0.00   0.68   2983.53 157.07 66.17  11.55  0.97   0.26   0.00   -0.26  0.95   -0.19  0.96   3.32   0.06   0.95   0.96   0.91   0.90   2.69   0.07   0.28   0.25   3.00   0.00   -999.25 -1.99  753.85 0.00   13.51  7.00   0.93   0.23   
1832126.57 406516.08 -5757.69 "31/10/2015" 213.00 1832126.57 406516.08 -5757.69 1.87   0.00   2.46   0.00   0.58   2550.93 576.69 121.18 59.18  -0.89  -0.45  -0.00  0.45   -0.89  0.11   0.08   2.88   0.01   0.66   0.67   0.69   0.55   1.67   0.03   0.17   0.16   3.00   0.00   -999.25 -1.57  3224.63 0.01   46.14  7.00   0.10   0.36   
1832200.56 406816.43 -6011.54 "31/10/2015" 215.00 1832200.56 406816.43 -6011.54 10.25  3.00   11.02  0.00   0.83   2834.93 72.92  64.13  12.86  0.92   0.39   -0.00  -0.38  0.90   -0.21  0.44   4.14   0.37   0.95   0.99   0.94   0.94   11.16  0.47   0.87   0.54   3.00   0.00   -999.25 -1.60  2930.82 0.01   12.77  11.00  4.27   0.07   
1832250.44 406847.95 -5751.68 "31/10/2015" 217.00 1832250.44 406847.95 -5751.68 5.45   3.00   5.82   0.00   0.39   2802.03 120.05 69.02  5.05   0.93   0.37   0.00   -0.37  0.93   0.02   0.28   2.98   0.09   0.90   0.94   0.82   0.80   4.42   0.17   0.39   0.39   3.00   0.00   -999.25 -1.80  1460.89 0.00   13.25  11.00  1.91   0.08   
1832072.45 406488.50 -5780.49 "31/10/2015" 218.00 1832072.45 406488.50 -5780.49 4.01   3.00   4.13   0.00   0.61   2551.72 162.79 77.17  71.82  0.88   0.48   -0.00  0.31   -0.57  0.76   0.25   2.62   0.04   0.94   0.94   0.82   0.79   4.03   0.16   0.39   0.40   3.00   0.00   -999.25 -1.63  2642.22 0.01   25.20  11.00  0.50   0.21   
1832364.84 406924.11 -5992.85 "31/10/2015" 221.00 1832364.84 406924.11 -5992.85 3.38   0.00   3.89   0.00   0.60   2846.67 260.43 187.40 109.62 -0.00  0.02   1.00   0.95   0.33   -0.00  0.20   3.40   0.06   0.90   0.91   0.91   0.85   2.76   0.07   0.33   0.23   3.00   0.00   -999.25 -1.45  4932.50 0.01   33.37  11.00  0.40   0.27   
1831956.71 406764.66 -5747.21 "31/10/2015" 222.00 1831956.71 406764.66 -5747.21 2.42   3.00   2.88   0.00   0.34   2850.42 143.60 67.05  5.10   0.88   0.47   0.00   -0.47  0.88   0.02   0.06   2.27   0.02   0.81   0.81   0.82   0.70   2.58   0.06   0.19   0.33   3.00   0.00   -999.25 -1.77  1629.69 0.00   24.22  8.00   0.35   0.19   
1832738.02 407117.54 -5773.42 "31/10/2015" 225.00 1832738.02 407117.54 -5773.42 2.07   0.00   2.38   0.00   1.16   2924.78 335.29 82.49  62.26  -0.98  -0.19  -0.00  0.19   -0.96  -0.22  0.43   3.13   0.02   0.79   0.85   0.80   0.73   2.05   0.04   0.25   0.16   3.00   0.00   -999.25 -1.77  1647.16 0.00   23.67  8.00   0.38   0.53   
1832357.19 407039.14 -5801.22 "31/10/2015" 226.00 1832357.19 407039.14 -5801.22 12.41  0.00   13.08  0.00   0.63   2945.93 99.21  83.90  64.96  0.29   -0.90  0.33   0.95   0.31   -0.01  0.01   4.04   0.24   0.89   0.99   0.92   0.92   12.77  0.29   0.83   0.33   3.00   0.06   -999.25 -0.86  38029.83 0.12   27.52  11.00  5.54   0.19   
1832344.42 406949.01 -5793.04 "31/10/2015" 227.00 1832344.42 406949.01 -5793.04 4.36   0.00   4.75   0.00   0.49   2864.57 203.19 87.02  57.04  -0.95  -0.32  0.00   0.32   -0.92  0.23   0.60   3.48   0.08   0.89   0.91   0.85   0.80   3.52   0.10   0.44   0.25   3.00   0.00   -999.25 -1.75  1750.51 0.01   20.59  11.00  0.61   0.14   
1831928.86 406653.34 -5751.84 "31/10/2015" 229.00 1831928.86 406653.34 -5751.84 2.56   3.00   3.10   0.00   0.33   2766.01 125.22 42.92  4.24   0.87   0.49   0.00   -0.49  0.87   0.04   0.12   2.97   0.03   0.81   0.80   0.88   0.75   2.91   0.06   0.23   0.30   3.00   0.00   -999.25 -1.91  1001.09 0.00   15.79  7.00   0.77   0.19   
1831710.36 407185.25 -6219.28 "31/10/2015" 230.00 1831710.36 407185.25 -6219.28 2.37   3.00   2.32   0.00   2.07   3360.62 185.83 34.06  24.66  0.88   0.47   -0.00  -0.47  0.88   0.08   0.33   3.21   0.02   0.76   0.90   0.86   0.81   1.98   0.03   0.29   0.11   3.00   0.00   -999.25 -1.93  942.73 0.00   15.35  6.00   0.79   0.61   
1832075.08 406852.59 -5749.66 "31/10/2015" 231.00 1832075.08 406852.59 -5749.66 8.31   3.00   9.68   0.00   0.75   2876.45 56.45  47.28  2.60   -0.42  0.91   0.00   0.91   0.42   0.00   0.62   3.59   0.22   0.94   0.98   0.85   0.84   9.79   0.39   0.85   0.43   3.00   0.01   -999.25 -1.25  9881.72 0.03   21.40  11.00  3.06   0.10   
1832458.28 407006.31 -5994.09 "31/10/2015" 233.00 1832458.28 407006.31 -5994.09 4.57   0.00   4.75   0.00   0.46   2896.10 261.21 137.59 63.43  0.12   -0.47  0.87   0.96   0.28   0.01   1.00   3.12   0.02   0.90   0.91   0.76   0.74   1.92   0.04   0.20   0.18   3.00   0.00   -999.25 -1.87  1140.98 0.00   11.81  10.00  2.10   0.13   
1832310.93 407020.59 -5771.74 "31/10/2015" 234.00 1832310.93 407020.59 -5771.74 2.94   0.00   3.30   0.00   0.97   2942.71 147.51 84.93  51.50  -0.94  -0.33  0.00   0.30   -0.85  0.43   0.61   3.31   0.04   0.81   0.87   0.87   0.80   2.56   0.05   0.36   0.15   3.00   0.00   -999.25 -1.77  1629.94 0.00   21.98  11.00  0.47   0.25   
1832029.85 406746.95 -5752.64 "31/10/2015" 235.00 1832029.85 406746.95 -5752.64 9.75   3.00   10.57  0.00   1.46   2800.48 74.75  67.78  55.08  0.17   -0.34  0.92   -0.42  0.83   0.38   0.08   3.73   0.28   0.92   0.99   0.88   0.88   19.11  0.48   1.00   0.48   3.00   0.01   -999.25 -1.36  6632.27 0.02   17.86  11.00  3.53   0.27   
1832662.43 407077.90 -5782.34 "31/10/2015" 236.00 1832662.43 407077.90 -5782.34 3.54   0.00   3.81   0.00   0.83   2901.43 112.85 69.58  50.57  -0.98  -0.22  -0.01  0.21   -0.94  0.26   0.28   3.44   0.06   0.88   0.95   0.87   0.85   3.05   0.08   0.41   0.20   3.00   0.00   -999.25 -1.56  3364.52 0.01   30.26  11.00  0.37   0.44   
1831690.66 407147.27 -6366.41 "31/10/2015" 237.00 1831690.66 407147.27 -6366.41 2.92   0.00   3.09   0.00   1.40   3375.48 278.43 198.66 86.17  -0.27  0.49   0.83   0.87   0.48   -0.00  0.79   3.33   0.04   0.91   0.93   0.89   0.86   2.34   0.05   0.32   0.15   3.00   0.00   -999.25 -1.94  905.68 0.00   14.73  8.00   0.86   0.31   
1831778.67 407175.32 -6420.62 "31/10/2015" 238.00 1831778.67 407175.32 -6420.62 3.15   0.00   3.31   0.00   1.36   3370.04 243.96 165.56 72.39  0.29   -0.56  -0.77  -0.89  -0.46  0.00   0.21   3.36   0.04   0.89   0.93   0.87   0.84   2.58   0.05   0.37   0.15   3.00   0.00   -999.25 -1.99  762.27 0.00   13.72  8.00   0.90   0.27   
1832866.61 407232.26 -5676.49 "31/10/2015" 244.00 1832866.61 407232.26 -5676.49 2.79   3.00   3.02   0.00   0.34   3019.66 142.50 114.79 59.80  0.99   0.14   0.00   -0.14  0.99   0.03   0.94   2.02   0.02   0.95   0.96   0.79   0.78   3.21   0.10   0.25   0.39   3.00   0.00   -999.25 -1.93  946.04 0.00   17.69  9.00   0.52   0.14   
1832127.36 406797.20 -5768.78 "31/10/2015" 245.00 1832127.36 406797.20 -5768.78 4.95   0.00   5.55   0.00   0.73   2803.92 123.59 75.02  50.24  -0.91  -0.42  -0.00  0.42   -0.90  0.12   0.19   3.62   0.10   0.91   0.96   0.88   0.86   3.89   0.13   0.49   0.27   3.00   0.00   -999.25 -1.55  3444.72 0.01   26.39  11.00  0.57   0.17   
1831971.95 407102.05 -6228.79 "31/10/2015" 247.00 1831971.95 407102.05 -6228.79 2.38   0.00   2.38   0.00   0.85   3186.55 315.51 204.25 133.63 -0.91  -0.42  0.00   -0.19  0.41   0.89   0.75   3.23   0.03   0.91   0.92   0.87   0.84   1.94   0.04   0.21   0.18   3.00   0.00   -999.25 -1.76  1712.52 0.01   22.00  9.00   0.49   0.77   
1832170.29 406788.23 -5751.20 "31/10/2015" 248.00 1832170.29 406788.23 -5751.20 4.76   3.00   5.21   0.00   0.27   2778.54 69.91  44.52  2.71   0.92   0.40   0.00   -0.40  0.92   0.01   0.89   3.42   0.13   0.92   0.92   0.83   0.78   4.87   0.21   0.40   0.52   3.00   0.00   -999.25 -1.64  2598.59 0.01   24.47  11.00  0.54   0.11   
1832178.92 406386.91 -6339.23 "31/10/2015" 251.00 1832178.92 406386.91 -6339.23 1.95   3.00   2.27   0.00   0.34   2467.49 65.69  38.40  2.45   0.89   0.46   0.00   -0.46  0.89   0.01   0.89   2.43   0.01   0.76   0.67   0.69   0.51   1.99   0.04   0.15   0.25   3.00   0.00   -999.25 -2.37  208.04 0.00   7.38   2.00   1.57   0.20   
1832255.88 407102.96 -6140.53 "31/10/2015" 252.00 1832255.88 407102.96 -6140.53 5.82   0.00   4.97   0.00   1.20   3067.54 307.24 134.07 94.39  -0.11  0.30   0.95   0.94   0.33   0.01   0.98   3.28   0.09   0.89   0.95   0.87   0.86   3.60   0.12   0.48   0.24   3.00   0.00   -999.25 -1.64  2579.98 0.01   22.89  11.00  0.65   0.23   
1832075.82 406566.31 -5735.37 "31/10/2015" 253.00 1832075.82 406566.31 -5735.37 1.75   0.00   2.27   0.00   0.68   2618.61 509.32 268.49 91.16  -0.89  -0.46  0.00   0.46   -0.89  0.02   0.06   2.86   0.01   0.62   0.64   0.71   0.56   1.57   0.02   0.15   0.16   3.00   0.00   -999.25 -2.11  514.09 0.00   11.15  6.00   1.13   0.48   
1832829.13 407215.17 -5686.92 "31/10/2015" 256.00 1832829.13 407215.17 -5686.92 9.64   3.00   10.15  0.00   0.40   3005.08 93.24  73.30  46.74  -0.15  0.99   0.03   0.99   0.15   -0.00  0.68   2.86   0.09   0.96   0.98   0.76   0.76   8.91   0.41   0.83   0.47   3.00   0.01   -999.25 -1.29  8423.49 0.03   20.56  11.00  2.94   0.09   
1832309.33 406950.96 -5778.45 "31/10/2015" 259.00 1832309.33 406950.96 -5778.45 2.58   0.00   2.98   0.00   0.58   2877.82 275.67 81.26  47.51  -0.94  -0.34  -0.00  0.32   -0.88  0.36   0.11   3.10   0.03   0.86   0.83   0.71   0.68   2.23   0.05   0.24   0.21   3.00   0.00   -999.25 -1.57  3294.92 0.01   42.71  8.00   0.13   0.32   
1832617.48 407008.62 -5766.08 "31/10/2015" 261.00 1832617.48 407008.62 -5766.08 4.61   3.00   5.11   0.00   1.47   2843.79 103.42 85.77  77.87  0.97   0.24   0.00   0.14   -0.58  0.80   0.87   2.97   0.04   0.93   0.97   0.87   0.86   5.23   0.20   0.67   0.30   3.00   0.00   -999.25 -1.53  3763.61 0.01   26.58  11.00  0.61   0.27   
1832242.26 406725.40 -5756.28 "31/10/2015" 264.00 1832242.26 406725.40 -5756.28 2.83   3.00   3.01   0.00   0.36   2692.26 216.18 56.42  50.91  0.92   0.39   -0.00  0.15   -0.36  0.92   0.09   2.91   0.04   0.89   0.87   0.76   0.70   3.30   0.09   0.25   0.36   3.00   0.00   -999.25 -2.04  653.83 0.00   9.49   6.00   2.33   0.14   
1832116.37 406521.63 -5917.24 "31/10/2015" 265.00 1832116.37 406521.63 -5917.24 6.27   0.00   7.56   0.00   0.08   2567.95 114.18 75.53  48.89  -0.89  -0.45  -0.02  0.43   -0.87  0.23   0.74   3.41   0.08   0.84   0.91   0.74   0.71   6.53   0.12   0.28   0.43   3.00   0.00   -999.25 -1.50  4137.51 0.01   30.83  11.00  0.43   0.12   
1832013.29 406762.04 -5593.18 "31/10/2015" 267.00 1832013.29 406762.04 -5593.18 2.40   0.00   3.21   0.00   0.29   2823.96 449.27 120.03 75.83  -0.89  -0.45  -0.00  0.44   -0.88  0.17   0.89   3.13   0.05   0.84   0.80   0.80   0.71   2.59   0.06   0.20   0.27   3.00   0.00   -999.25 -1.95  889.07 0.00   9.48   10.00  3.17   0.12   
1832210.30 406704.80 -5896.42 "31/10/2015" 270.00 1832210.30 406704.80 -5896.42 10.24  3.00   11.66  0.00   0.09   2691.19 158.47 87.66  13.90  0.92   0.40   0.00   -0.40  0.91   -0.10  0.86   2.95   0.09   0.94   0.94   0.84   0.83   13.06  0.34   0.61   0.56   3.00   0.00   -999.25 -1.77  1652.43 0.01   10.03  11.00  4.97   0.04   
1832723.83 407100.65 -5777.76 "31/10/2015" 272.00 1832723.83 407100.65 -5777.76 5.56   0.00   6.51   0.00   1.90   2911.01 80.26  76.46  49.84  -0.98  -0.18  -0.01  0.17   -0.95  0.25   0.57   3.91   0.16   0.84   0.97   0.88   0.87   7.52   0.21   0.81   0.24   3.00   0.00   -999.25 -1.42  5420.96 0.02   21.83  11.00  1.58   0.49   
1832430.91 406894.79 -6288.46 "31/10/2015" 273.00 1832430.91 406894.79 -6288.46 9.36   3.00   9.90   0.00   0.13   2842.45 96.54  87.04  56.60  0.95   0.31   -0.00  -0.31  0.95   0.09   0.77   2.58   0.00   0.95   0.97   0.91   0.90   6.78   0.28   0.56   0.49   3.00   0.00   -999.25 -1.63  2678.76 0.01   20.68  11.00  0.92   0.04   
