# Petrel Points with attributes
# Unit in X and Y direction: ftUS
# Unit in depth: ft
VERSION 1
BEGIN HEADER
X
Y
Z
DATE,Time
DOUBLE,Event ID
DOUBLE,X(easting)
DOUBLE,Y(northing)
DOUBLE,Z(elevation)
DOUBLE,Detection SNR
DOUBLE,Event type
DOUBLE,Location SNR
DOUBLE,NOISE_LEVEL_ACC
DOUBLE,PSH_AMPL_RATIO
DOUBLE,QC Distance
DOUBLE,QC_EIGVAL_MAX
DOUBLE,QC_EIGVAL_MID
DOUBLE,QC_EIGVAL_MIN
DOUBLE,QC_EIGVEC_MAX_E
DOUBLE,QC_EIGVEC_MAX_N
DOUBLE,QC_EIGVEC_MAX_U
DOUBLE,QC_EIGVEC_MID_E
DOUBLE,QC_EIGVEC_MID_N
DOUBLE,QC_EIGVEC_MID_U
DOUBLE,QC_LOC_T0
DOUBLE,QI_CONFIDENCE
DOUBLE,QI_DATA_LOCATION
DOUBLE,QI_ORTHOGONALITY
DOUBLE,QI_POLARIZATION_AZM
DOUBLE,QI_POLARIZATION_INC
DOUBLE,QI_POLARIZATION_RESIDUAL
DOUBLE,QI_SNR
DOUBLE,QI_TRACEDATA
DOUBLE,QI_TRACEDATA_P
DOUBLE,QI_TRACEDATA_S
DOUBLE,SP_COMPONENTS_USED
DOUBLE,SP_ENERGY
DOUBLE,SP_LOCAL_MAGNITUDE
DOUBLE,SP_MAGNITUDE
DOUBLE,SP_MOMENT
DOUBLE,SP_POTENCY
DOUBLE,SP_RADIUS
DOUBLE,SP_RECEIVERS_USED
DOUBLE,SP_STRESS_DROP
DOUBLE,SVSH_AMPL_RATIO
END HEADER
1831598.25 407735.31 -5986.18 "29/10/2015" 1.00   1831598.25 407735.31 -5986.18 2.92   0.00   3.52   0.00   1.34   3881.25 183.05 82.08  44.17  -0.90  -0.44  -0.00  0.41   -0.85  0.33   0.42   3.04   0.03   0.66   0.94   0.79   0.77   2.23   0.05   0.29   0.15   3.00   0.00   -999.25 -1.35  7018.37 0.02   27.20  8.00   1.06   0.66   
1831645.44 407753.94 -5968.90 "29/10/2015" 2.00   1831645.44 407753.94 -5968.90 2.26   0.00   2.59   0.00   1.20   3877.07 250.98 120.16 64.05  -0.91  -0.42  -0.00  -0.34  0.72   -0.61  0.86   3.13   0.02   0.75   0.90   0.78   0.75   1.93   0.04   0.24   0.15   3.00   0.00   -999.25 -1.34  7283.01 0.02   29.52  3.00   0.86   0.61   
1831692.37 407653.12 -6271.44 "29/10/2015" 3.00   1831692.37 407653.12 -6271.44 1.70   0.00   2.10   0.00   2.50   3790.14 307.03 257.09 143.56 -0.91  -0.42  0.00   0.42   -0.89  -0.15  0.58   3.33   0.03   0.69   0.92   0.93   0.88   2.23   0.04   0.32   0.12   3.00   0.00   -999.25 -1.62  2698.72 0.01   12.06  3.00   4.67   0.83   
1831319.54 407590.36 -5865.04 "29/10/2015" 5.00   1831319.54 407590.36 -5865.04 2.96   0.00   3.68   0.00   1.42   3881.66 163.23 139.91 70.47  0.39   -0.69  0.60   -0.87  -0.50  -0.01  0.07   3.46   0.06   0.76   0.95   0.83   0.82   3.81   0.09   0.56   0.16   3.00   0.00   -999.25 -1.34  7246.07 0.03   23.29  12.00  1.74   0.54   
1831496.50 407606.55 -5840.98 "29/10/2015" 6.00   1831496.50 407606.55 -5840.98 3.37   0.00   3.88   0.00   2.55   3809.02 191.37 110.23 102.75 0.39   -0.72  0.57   0.88   0.47   -0.01  0.27   3.49   0.07   0.75   0.95   0.83   0.82   3.96   0.09   0.57   0.14   3.00   0.01   -999.25 -1.39  6008.69 0.02   15.75  12.00  4.67   1.52   
1831301.72 407706.51 -6135.57 "29/10/2015" 10.00  1831301.72 407706.51 -6135.57 4.44   3.00   4.92   0.00   1.95   4003.36 35.57  30.69  1.81   0.87   0.50   -0.00  -0.50  0.87   0.02   0.66   3.65   0.20   0.98   0.98   0.94   0.94   4.93   0.21   0.61   0.24   3.00   0.08   -999.25 -0.50  131386.37 0.33   54.23  6.00   2.50   0.40   
1831879.96 407641.13 -5475.60 "29/10/2015" 13.00  1831879.96 407641.13 -5475.60 3.35   0.00   3.98   0.00   0.20   3692.09 179.98 168.89 133.63 -0.20  0.49   -0.85  0.92   0.39   0.00   0.17   3.28   0.04   0.89   0.93   0.86   0.84   2.32   0.05   0.21   0.25   3.00   0.00   -999.25 -1.48  4453.82 0.01   15.18  3.00   3.87   0.09   
1831760.01 408038.70 -6137.89 "29/10/2015" 16.00  1831760.01 408038.70 -6137.89 2.59   3.00   3.01   0.00   0.88   4102.06 71.83  55.62  2.41   0.93   0.37   0.00   -0.37  0.93   0.02   0.50   2.49   0.02   0.92   0.96   0.86   0.85   2.34   0.06   0.26   0.19   3.00   0.00   -999.25 -1.14  14519.28 0.04   31.64  6.00   1.39   0.00   
1831688.69 407965.96 -6320.97 "29/10/2015" 17.00  1831688.69 407965.96 -6320.97 4.61   3.00   4.99   0.00   0.35   4080.96 392.85 115.02 48.99  -0.05  0.11   0.99   0.92   0.39   0.00   0.95   2.83   0.04   0.97   0.98   0.94   0.93   2.51   0.06   0.27   0.28   3.00   0.00   -999.25 -1.24  10359.26 0.04   28.77  8.00   1.32   0.00   
1831600.45 408043.02 -6503.97 "29/10/2015" 18.00  1831600.45 408043.02 -6503.97 4.79   3.00   4.97   0.00   0.41   4212.04 116.14 91.46  20.42  0.91   0.41   -0.00  -0.38  0.85   -0.36  0.67   3.14   0.04   0.97   0.97   0.97   0.96   2.34   0.06   0.25   0.26   3.00   0.02   -999.25 -0.69  68337.51 0.12   48.86  6.00   1.78   0.00   
1831564.41 407803.99 -6201.43 "29/10/2015" 19.00  1831564.41 407803.99 -6201.43 2.37   3.00   2.59   0.00   0.34   3972.71 369.39 132.76 40.62  -0.22  0.45   0.86   0.90   0.44   0.00   0.51   2.94   0.03   0.90   0.92   0.94   0.88   2.25   0.05   0.18   0.29   3.00   0.00   -999.25 -1.23  10704.38 0.03   27.32  3.00   1.59   0.00   
1831242.24 408054.58 -6087.78 "29/10/2015" 23.00  1831242.24 408054.58 -6087.78 5.16   3.00   5.47   0.00   0.30   4332.34 111.09 65.39  3.86   0.88   0.47   0.00   -0.47  0.88   0.01   0.89   2.59   0.05   0.98   0.96   0.80   0.79   2.52   0.07   0.29   0.26   3.00   0.02   -999.25 -0.73  59602.95 0.19   57.43  7.00   0.96   0.00   
1831276.38 407497.95 -6265.86 "29/10/2015" 24.00  1831276.38 407497.95 -6265.86 2.01   0.00   2.42   0.00   1.50   3850.69 243.07 139.21 75.07  -0.85  -0.53  -0.00  -0.23  0.37   0.90   0.18   3.23   0.03   0.78   0.89   0.86   0.82   2.16   0.04   0.29   0.14   3.00   0.00   -999.25 -1.47  4571.68 0.02   24.26  2.00   0.97   0.50   
1831855.12 407963.37 -6339.11 "29/10/2015" 28.00  1831855.12 407963.37 -6339.11 3.36   3.00   3.82   0.00   0.27   4018.54 414.20 208.79 55.42  -0.04  0.11   0.99   0.93   0.36   -0.00  0.70   2.74   0.03   0.91   0.93   0.94   0.90   2.07   0.04   0.23   0.20   3.00   0.01   -999.25 -0.94  29039.24 0.11   53.51  5.00   0.58   0.00   
1831158.51 407557.96 -6272.20 "29/10/2015" 29.00  1831158.51 407557.96 -6272.20 2.50   3.00   2.90   0.00   1.13   3964.32 174.44 36.88  29.69  0.84   0.54   -0.00  -0.20  0.31   0.93   0.64   3.30   0.05   0.90   0.91   0.86   0.83   2.37   0.06   0.29   0.18   3.00   0.00   -999.25 -1.49  4307.80 0.02   20.36  6.00   1.55   0.25   
1831448.49 407590.75 -6284.66 "29/10/2015" 30.00  1831448.49 407590.75 -6284.66 2.15   0.00   2.60   0.00   2.61   3846.34 213.60 123.47 107.92 0.22   -0.39  -0.90  0.87   0.49   0.00   0.32   3.29   0.04   0.80   0.95   0.79   0.79   2.52   0.05   0.38   0.13   3.00   0.00   -999.25 -1.36  6839.81 0.03   26.69  3.00   1.09   0.99   
1831538.12 407713.94 -5773.72 "29/10/2015" 31.00  1831538.12 407713.94 -5773.72 2.10   0.00   2.42   0.00   1.47   3885.35 214.33 78.93  66.15  -0.89  -0.45  0.00   0.44   -0.87  0.25   0.95   3.17   0.02   0.83   0.88   0.85   0.79   1.95   0.03   0.26   0.13   3.00   0.00   -999.25 -1.35  6914.71 0.02   27.91  4.00   0.97   0.64   
1831837.23 408010.41 -6512.40 "29/10/2015" 32.00  1831837.23 408010.41 -6512.40 3.27   3.00   3.59   0.00   0.20   4094.25 20.35  19.98  1.14   -0.36  0.93   -0.01  0.93   0.36   0.00   0.68   2.79   0.05   0.99   0.99   0.90   0.90   2.81   0.08   0.28   0.32   3.00   0.17   -999.25 -0.57  103706.63 0.16   30.44  7.00   11.17  0.00   
1831571.06 407666.45 -5451.46 "29/10/2015" 34.00  1831571.06 407666.45 -5451.46 2.89   0.00   3.29   0.00   0.94   3845.38 440.78 78.44  61.85  -0.89  -0.45  -0.00  -0.18  0.35   0.92   0.50   3.25   0.04   0.78   0.89   0.78   0.73   2.60   0.06   0.32   0.20   3.00   0.01   -999.25 -1.49  4321.07 0.01   13.07  6.00   5.88   0.31   
1831958.60 407931.69 -5484.04 "29/10/2015" 36.00  1831958.60 407931.69 -5484.04 3.30   3.00   3.73   0.00   0.31   3932.94 318.23 74.03  24.54  0.94   0.34   -0.00  -0.34  0.94   0.02   0.40   2.82   0.06   0.90   0.89   0.84   0.79   3.60   0.12   0.34   0.35   3.00   0.00   -999.25 -1.15  13765.87 0.04   40.14  8.00   0.65   0.12   
1831173.12 406852.42 -6243.45 "29/10/2015" 37.00  1831173.12 406852.42 -6243.45 1.72   3.00   2.01   0.00   0.57   3384.11 315.20 298.44 44.65  0.78   0.63   -0.01  -0.16  0.21   0.96   0.09   2.75   0.02   0.71   0.74   0.70   0.60   2.14   0.04   0.17   0.27   3.00   0.00   -999.25 -1.69  2122.17 0.01   10.71  1.00   5.25   0.00   
1831438.50 407937.42 -6141.06 "29/10/2015" 39.00  1831438.50 407937.42 -6141.06 2.61   3.00   3.01   0.00   0.43   4142.14 73.74  57.32  2.81   0.89   0.45   0.00   -0.45  0.89   0.01   0.58   2.58   0.03   0.90   0.96   0.91   0.89   2.21   0.05   0.25   0.24   3.00   0.98   -999.25 -0.45  157313.50 0.38   25.85  2.00   27.69  0.00   
1831304.51 408098.53 -6512.40 "29/10/2015" 41.00  1831304.51 408098.53 -6512.40 2.51   3.00   2.84   0.00   1.37   4389.12 14.98  14.96  0.82   0.89   0.46   0.00   -0.46  0.89   -0.00  0.92   2.74   0.02   0.87   0.97   0.92   0.91   2.32   0.06   0.34   0.22   3.00   0.00   -999.25 -0.75  56227.84 0.09   92.04  3.00   0.22   0.00   
1831365.83 408716.93 -5958.38 "29/10/2015" 43.00  1831365.83 408716.93 -5958.38 2.07   0.00   2.63   0.00   0.77   4869.29 304.00 178.60 129.72 0.19   -0.71  0.68   0.95   0.31   0.05   0.84   2.84   0.01   0.85   0.79   0.79   0.70   1.39   0.02   0.16   0.12   3.00   0.01   -999.25 -1.27  9189.17 0.03   24.38  6.00   1.93   0.48   
1831824.36 407660.10 -5466.96 "29/10/2015" 44.00  1831824.36 407660.10 -5466.96 2.41   3.00   2.83   0.00   1.29   3731.82 201.88 32.34  29.96  0.92   0.39   0.00   -0.07  0.16   0.99   0.54   3.09   0.03   0.67   0.79   0.81   0.67   2.12   0.05   0.27   0.16   3.00   0.00   -999.25 -1.35  7065.39 0.02   34.13  5.00   0.54   0.38   
1831472.07 407791.19 -6268.66 "29/10/2015" 48.00  1831472.07 407791.19 -6268.66 2.26   0.00   2.71   0.00   0.76   4009.31 265.06 80.84  67.25  -0.89  -0.46  0.00   0.44   -0.86  0.25   0.16   3.22   0.03   0.81   0.91   0.88   0.82   1.99   0.04   0.22   0.18   3.00   0.01   -999.25 -1.72  1924.87 0.01   6.80   4.00   18.61  0.24   
1831403.76 407592.60 -6065.00 "29/10/2015" 49.00  1831403.76 407592.60 -6065.00 3.23   0.00   3.52   0.00   0.75   3849.22 313.44 190.09 105.05 -0.87  -0.49  0.01   0.36   -0.63  0.69   0.26   2.60   0.02   0.83   0.88   0.87   0.80   2.47   0.06   0.30   0.20   3.00   0.00   -999.25 -1.51  4055.27 0.01   20.38  4.00   1.46   0.34   
1830667.85 408145.64 -6165.64 "29/10/2015" 52.00  1830667.85 408145.64 -6165.64 1.74   3.00   2.02   0.00   0.78   4711.71 332.25 270.13 37.85  -0.18  0.27   0.94   0.83   0.56   -0.00  0.54   2.87   0.02   0.87   0.79   0.64   0.57   1.62   0.02   0.19   0.12   3.00   0.00   -999.25 -0.98  25110.55 0.07   46.44  2.00   0.76   0.28   
1831324.51 407911.58 -6280.24 "29/10/2015" 54.00  1831324.51 407911.58 -6280.24 2.06   3.00   2.45   0.00   0.72   4184.64 457.23 352.56 54.41  -0.17  0.32   0.93   0.88   0.47   -0.00  0.24   2.62   0.02   0.91   0.91   0.91   0.87   2.16   0.04   0.23   0.21   3.00   0.00   -999.25 -1.11  16184.12 0.06   43.70  2.00   0.59   0.00   
1831394.33 407846.02 -5995.88 "29/10/2015" 55.00  1831394.33 407846.02 -5995.88 2.26   0.00   2.28   0.00   0.83   4072.27 303.35 193.09 130.99 0.46   -0.88  0.12   0.05   -0.10  -0.99  0.58   2.99   0.01   0.92   0.92   0.76   0.73   1.35   0.02   0.15   0.12   3.00   0.01   -999.25 -1.31  8105.60 0.02   18.61  4.00   3.82   0.39   
1831766.36 407790.75 -5474.22 "29/10/2015" 56.00  1831766.36 407790.75 -5474.22 3.87   0.00   4.81   0.00   0.20   3873.49 174.21 64.62  57.35  -0.92  -0.40  0.00   0.38   -0.86  0.34   0.72   3.47   0.08   0.89   0.90   0.85   0.82   3.54   0.11   0.34   0.32   3.00   0.01   -999.25 -1.49  4337.48 0.01   12.27  4.00   7.13   0.07   
1831609.71 407519.64 -6141.05 "29/10/2015" 58.00  1831609.71 407519.64 -6141.05 2.56   3.00   3.05   0.00   0.89   3693.62 46.67  39.44  2.31   0.89   0.46   0.00   -0.46  0.89   0.01   0.71   3.49   0.17   0.95   0.96   0.88   0.87   4.96   0.25   0.44   0.53   3.00   0.02   -999.25 -1.51  4057.41 0.01   8.66   1.00   18.99  0.00   
1831637.89 408065.42 -6441.36 "29/10/2015" 60.00  1831637.89 408065.42 -6441.36 3.16   3.00   3.89   0.00   1.42   4207.72 444.71 84.90  56.27  -0.05  0.11   0.99   0.92   0.40   0.00   0.98   2.36   0.02   0.97   0.99   0.90   0.90   2.93   0.07   0.38   0.19   3.00   0.01   -999.25 -0.98  24606.57 0.08   37.58  8.00   1.41   0.38   
1831513.72 408172.48 -6138.96 "29/10/2015" 61.00  1831513.72 408172.48 -6138.96 2.70   3.00   3.04   0.00   1.63   4321.35 64.88  45.30  2.36   0.91   0.41   0.00   -0.41  0.91   0.02   0.74   2.86   0.05   0.93   0.97   0.88   0.87   2.75   0.07   0.38   0.23   3.00   0.03   -999.25 -1.10  16779.37 0.04   19.33  4.00   7.06   0.00   
1831257.82 407830.62 -6450.19 "29/10/2015" 65.00  1831257.82 407830.62 -6450.19 2.37   3.00   2.88   0.00   0.37   4168.52 586.38 373.79 71.14  -0.07  0.12   0.99   0.87   0.49   -0.00  0.76   2.20   0.01   0.82   0.85   0.94   0.82   1.88   0.04   0.17   0.19   3.00   0.00   -999.25 -1.64  2567.95 0.01   13.40  9.00   3.24   0.00   
1831838.28 407863.89 -5445.95 "29/10/2015" 66.00  1831838.28 407863.89 -5445.95 2.57   3.00   2.82   0.00   1.11   3915.90 138.13 101.41 91.06  0.93   0.37   -0.00  0.01   -0.03  1.00   0.29   2.60   0.04   0.86   0.97   0.84   0.83   4.46   0.17   0.54   0.34   3.00   0.00   -999.25 -0.94  28493.23 0.09   56.48  8.00   0.48   0.00   
1831552.94 407887.79 -5510.21 "29/10/2015" 70.00  1831552.94 407887.79 -5510.21 3.44   0.00   3.86   0.00   0.66   4046.39 211.55 107.03 100.18 0.30   -0.63  -0.72  0.90   0.43   0.01   0.67   3.41   0.07   0.87   0.94   0.87   0.84   2.98   0.09   0.35   0.24   3.00   0.01   -999.25 -1.14  14646.46 0.05   32.27  10.00  1.32   0.19   
1831568.21 407778.75 -6266.37 "29/10/2015" 73.00  1831568.21 407778.75 -6266.37 2.17   0.00   2.41   0.00   1.29   3955.30 231.71 95.63  73.18  -0.90  -0.44  0.00   0.40   -0.82  -0.42  0.48   3.17   0.02   0.74   0.89   0.83   0.78   1.99   0.03   0.26   0.14   3.00   0.00   -999.25 -1.24  10086.80 0.04   31.41  2.00   0.99   0.51   
1831567.83 408027.36 -6370.81 "29/10/2015" 74.00  1831567.83 408027.36 -6370.81 3.91   3.00   4.30   0.00   0.96   4191.52 341.61 151.26 41.81  -0.03  0.07   1.00   0.91   0.41   0.00   0.98   2.89   0.03   0.92   0.95   0.93   0.91   1.88   0.04   0.18   0.20   3.00   0.00   -999.25 -1.37  6602.34 0.03   26.54  8.00   1.07   0.00   
1831826.80 407933.10 -5536.22 "29/10/2015" 79.00  1831826.80 407933.10 -5536.22 3.16   0.00   3.35   0.00   0.42   3976.72 206.46 103.98 72.27  -0.93  -0.37  0.00   -0.27  0.69   0.67   0.32   3.33   0.05   0.91   0.93   0.91   0.88   2.40   0.06   0.26   0.22   3.00   0.00   -999.25 -1.10  16555.69 0.05   36.72  10.00  1.02   0.22   
1831747.10 408208.75 -6152.68 "29/10/2015" 82.00  1831747.10 408208.75 -6152.68 1.98   0.00   2.42   0.00   2.08   4265.58 159.00 66.64  60.44  -0.93  -0.36  0.00   -0.27  0.69   0.67   0.27   3.16   0.03   0.85   0.83   0.82   0.76   2.16   0.04   0.31   0.13   3.00   0.01   -999.25 -1.20  11664.40 0.03   22.75  2.00   3.01   0.59   
1831413.50 407880.92 -6475.95 "29/10/2015" 84.00  1831413.50 407880.92 -6475.95 2.40   3.00   2.97   0.00   0.46   4143.06 103.79 77.86  3.75   0.89   0.46   0.00   -0.46  0.89   -0.01  0.84   2.18   0.02   0.90   0.89   0.89   0.83   2.34   0.06   0.28   0.19   3.00   0.00   -999.25 -1.43  5206.84 0.02   23.87  6.00   1.16   0.00   
1831860.84 408017.81 -6512.40 "29/10/2015" 86.00  1831860.84 408017.81 -6512.40 4.42   3.00   5.07   0.00   0.96   4092.76 25.43  24.66  1.62   -0.35  0.94   -0.01  0.94   0.35   0.00   0.13   2.92   0.08   0.97   0.98   0.92   0.92   3.58   0.13   0.44   0.34   3.00   0.01   -999.25 -0.64  81645.32 0.13   60.10  6.00   1.14   0.00   
1832049.46 408160.56 -6256.67 "29/10/2015" 87.00  1832049.46 408160.56 -6256.67 2.54   3.00   3.02   0.00   0.78   4129.79 406.17 349.10 46.80  -0.14  0.45   0.88   0.95   0.30   0.00   0.08   2.91   0.05   0.93   0.90   0.94   0.88   3.08   0.08   0.38   0.24   3.00   0.01   -999.25 -1.37  6412.75 0.02   19.80  3.00   2.51   0.00   
1831840.05 408225.50 -6259.97 "29/10/2015" 88.00  1831840.05 408225.50 -6259.97 2.25   0.00   2.45   0.00   1.54   4258.36 307.97 128.59 91.45  0.10   -0.29  -0.95  0.94   0.33   -0.00  0.25   3.20   0.03   0.84   0.93   0.91   0.87   2.03   0.04   0.26   0.14   3.00   0.00   -999.25 -1.31  8004.79 0.03   32.65  8.00   0.70   0.37   
1831657.72 407855.18 -6137.89 "29/10/2015" 89.00  1831657.72 407855.18 -6137.89 3.34   3.00   3.62   0.00   0.96   3973.87 28.74  27.08  1.50   0.91   0.41   -0.00  -0.41  0.91   0.01   0.82   2.90   0.05   0.95   0.98   0.92   0.91   2.63   0.08   0.31   0.20   3.00   0.01   -999.25 -0.86  37893.87 0.09   48.44  8.00   1.01   0.18   
1831458.55 407937.60 -6365.98 "29/10/2015" 90.00  1831458.55 407937.60 -6365.98 3.96   3.00   4.43   0.00   0.52   4157.01 392.37 223.20 47.31  -0.04  0.09   1.00   0.90   0.44   0.00   0.90   2.82   0.03   0.96   0.95   0.91   0.89   2.32   0.05   0.21   0.26   3.00   0.02   -999.25 -1.36  6799.02 0.03   13.99  8.00   7.55   0.00   
1831752.00 407822.62 -5468.99 "29/10/2015" 91.00  1831752.00 407822.62 -5468.99 3.49   0.00   4.01   0.00   0.54   3908.76 163.95 94.96  63.14  -0.91  -0.41  0.00   0.28   -0.61  0.74   0.01   3.41   0.05   0.89   0.95   0.84   0.81   3.02   0.07   0.32   0.27   3.00   0.01   -999.25 -1.45  4981.58 0.02   14.04  9.00   5.47   0.21   
1831339.64 407854.91 -6200.38 "29/10/2015" 93.00  1831339.64 407854.91 -6200.38 3.30   3.00   3.65   0.00   0.25   4119.74 458.91 272.60 51.32  -0.24  0.44   0.86   0.88   0.48   -0.00  0.61   3.04   0.05   0.92   0.93   0.93   0.91   2.74   0.08   0.24   0.30   3.00   0.01   -999.25 -0.79  48805.44 0.13   60.10  6.00   0.68   0.00   
1831501.96 408147.61 -6477.72 "29/10/2015" 94.00  1831501.96 408147.61 -6477.72 4.63   3.00   4.85   0.00   0.57   4342.06 355.20 135.67 48.50  0.25   -0.55  0.80   0.91   0.42   -0.00  0.87   3.08   0.05   0.97   0.98   0.88   0.88   2.69   0.07   0.22   0.32   3.00   0.11   -999.25 -0.41  182181.62 0.62   65.49  4.00   1.97   0.00   
1831322.44 408668.86 -5962.80 "29/10/2015" 96.00  1831322.44 408668.86 -5962.80 4.21   0.00   4.76   0.00   0.50   4842.78 330.67 129.66 125.20 0.21   -0.47  0.86   0.22   -0.83  -0.51  0.22   3.63   0.10   0.96   0.98   0.93   0.93   4.31   0.11   0.61   0.19   3.00   0.28   -999.25 -0.43  167848.88 0.53   44.97  12.00  5.61   0.45   
1831503.18 407928.54 -6285.00 "29/10/2015" 97.00  1831503.18 407928.54 -6285.00 4.74   3.00   4.61   0.00   0.53   4119.51 407.48 100.22 51.71  -0.12  0.25   0.96   0.90   0.44   0.00   0.93   2.73   0.03   0.98   0.98   0.93   0.93   1.94   0.04   0.22   0.17   3.00   0.03   -999.25 -0.67  73815.61 0.28   54.93  8.00   1.35   0.00   
1831557.32 408130.13 -6512.40 "29/10/2015" 99.00  1831557.32 408130.13 -6512.40 2.91   3.00   3.15   0.00   1.30   4309.24 22.42  22.02  1.19   -0.41  0.91   -0.00  0.91   0.41   0.00   0.62   2.16   0.01   0.94   0.98   0.93   0.93   2.59   0.07   0.28   0.28   3.00   0.02   -999.25 -1.13  14681.29 0.02   16.39  4.00   10.13  0.00   
1831660.49 407913.27 -6357.07 "29/10/2015" 100.00 1831660.49 407913.27 -6357.07 3.40   3.00   3.18   0.00   1.63   4048.89 302.96 80.46  40.51  -0.05  0.11   0.99   0.91   0.41   -0.00  0.92   3.01   0.04   0.93   0.99   0.92   0.92   2.24   0.05   0.24   0.24   3.00   0.00   -999.25 -0.82  42639.19 0.18   80.05  7.00   0.25   0.00   
1831552.45 408187.40 -6512.40 "29/10/2015" 101.00 1831552.45 408187.40 -6512.40 1.94   3.00   2.38   0.00   0.85   4362.87 19.91  19.86  1.10   0.91   0.41   -0.00  -0.41  0.91   -0.01  0.37   2.65   0.03   0.92   0.91   0.93   0.89   2.21   0.05   0.28   0.16   3.00   0.00   -999.25 -1.16  13261.73 0.02   34.70  2.00   0.96   0.00   
1831334.72 407929.72 -6455.67 "29/10/2015" 102.00 1831334.72 407929.72 -6455.67 2.51   3.00   3.05   0.00   1.09   4218.71 263.47 255.40 35.54  -0.04  0.07   1.00   0.88   0.47   -0.00  0.95   3.32   0.05   0.85   0.86   0.91   0.83   2.64   0.06   0.35   0.16   3.00   0.10   -999.25 -0.58  99001.72 0.34   45.22  9.00   3.25   0.25   
1831478.76 408515.84 -6532.43 "29/10/2015" 103.00 1831478.76 408515.84 -6532.43 2.27   3.00   2.04   0.00   1.79   4692.70 17.73  17.37  1.35   0.92   0.39   0.00   -0.39  0.92   -0.03  0.25   3.13   0.01   0.74   0.95   0.83   0.82   1.55   0.02   0.20   0.11   3.00   0.01   -999.25 -0.69  69094.79 0.11   71.34  10.00  0.58   0.42   
1831451.10 408011.89 -6347.37 "29/10/2015" 105.00 1831451.10 408011.89 -6347.37 2.31   3.00   2.66   0.00   0.55   4223.98 430.05 166.00 51.46  -0.06  0.12   0.99   0.90   0.44   0.00   0.14   2.70   0.03   0.90   0.92   0.93   0.90   1.95   0.04   0.21   0.22   3.00   0.00   -999.25 -1.24  10107.83 0.04   42.28  2.00   0.41   0.00   
1831666.47 407936.17 -6468.96 "29/10/2015" 106.00 1831666.47 407936.17 -6468.96 2.79   3.00   3.23   0.00   0.74   4083.60 335.75 119.27 50.91  -0.02  0.04   1.00   0.92   0.40   -0.00  0.80   2.81   0.04   0.92   0.93   0.94   0.89   2.46   0.06   0.20   0.29   3.00   0.02   -999.25 -1.29  8424.47 0.03   15.80  2.00   6.49   0.00   
1831328.08 407617.46 -5439.50 "29/10/2015" 107.00 1831328.08 407617.46 -5439.50 2.31   0.00   2.75   0.00   0.59   3918.78 273.36 140.84 85.12  -0.87  -0.50  -0.00  0.39   -0.68  0.62   0.68   3.31   0.04   0.86   0.91   0.91   0.86   2.25   0.05   0.24   0.21   3.00   0.00   -999.25 -1.67  2319.48 0.01   10.67  4.00   5.81   0.20   
1831569.93 407982.69 -6338.77 "29/10/2015" 108.00 1831569.93 407982.69 -6338.77 2.50   3.00   2.89   0.00   0.65   4146.25 348.20 170.74 42.68  -0.04  0.08   1.00   0.91   0.42   0.00   0.01   3.03   0.05   0.96   0.97   0.94   0.93   2.86   0.07   0.21   0.23   3.00   0.03   -999.25 -1.58  3181.49 0.01   7.24   1.00   25.50  0.00   
1831578.68 407970.82 -6478.41 "29/10/2015" 111.00 1831578.68 407970.82 -6478.41 2.24   3.00   2.23   0.00   0.61   4151.83 48.62  37.55  1.73   0.91   0.42   0.00   -0.42  0.91   -0.01  0.88   2.57   0.02   0.84   0.82   0.93   0.81   1.86   0.03   0.23   0.14   3.00   0.01   -999.25 -0.79  47855.52 0.08   60.43  9.00   0.66   0.19   
1831247.17 407811.07 -6334.39 "29/10/2015" 112.00 1831247.17 407811.07 -6334.39 3.04   3.00   3.32   0.00   0.92   4140.92 324.90 218.42 39.23  -0.13  0.23   0.96   0.87   0.50   -0.00  0.48   3.08   0.04   0.92   0.94   0.93   0.91   2.36   0.05   0.20   0.28   3.00   0.00   -999.25 -1.53  3703.38 0.01   17.25  1.00   2.19   0.00   
1832024.75 408238.40 -6284.75 "29/10/2015" 115.00 1832024.75 408238.40 -6284.75 2.49   3.00   2.21   0.00   0.18   4214.03 413.60 228.45 55.69  -0.14  0.46   0.88   0.95   0.30   0.00   0.01   2.73   0.04   0.95   0.94   0.90   0.88   2.69   0.07   0.26   0.28   3.00   0.01   -999.25 -1.19  12271.10 0.05   23.63  4.00   2.82   0.00   
1831769.61 408180.52 -6235.30 "29/10/2015" 116.00 1831769.61 408180.52 -6235.30 5.60   3.00   5.77   0.00   0.30   4238.57 440.38 95.64  51.47  -0.10  0.25   0.96   0.93   0.36   -0.00  0.50   2.39   0.02   0.98   0.99   0.92   0.92   2.83   0.08   0.34   0.19   3.00   0.13   -999.25 -0.55  111893.10 0.37   44.53  8.00   3.85   0.05   
1831522.09 408116.07 -6475.57 "29/10/2015" 120.00 1831522.09 408116.07 -6475.57 2.01   3.00   2.20   0.00   0.84   4305.11 137.00 67.38  5.24   0.91   0.42   0.00   -0.42  0.91   -0.03  0.95   2.72   0.02   0.93   0.93   0.94   0.90   2.00   0.04   0.23   0.16   3.00   0.06   -999.25 -0.84  40448.12 0.14   29.40  1.00   4.83   0.22   
1831437.65 408522.64 -6702.39 "29/10/2015" 121.00 1831437.65 408522.64 -6702.39 2.95   3.00   3.02   0.00   0.94   4743.60 62.38  56.94  6.84   -0.40  0.92   0.02   0.92   0.40   0.00   0.64   2.60   0.05   0.96   0.98   0.87   0.86   3.59   0.14   0.37   0.40   3.00   0.01   -999.25 -0.48  138807.82 0.18   84.44  6.00   0.70   0.07   
1831482.73 407869.14 -6348.57 "29/10/2015" 122.00 1831482.73 407869.14 -6348.57 2.95   3.00   3.31   0.00   0.79   4083.28 592.79 202.50 68.20  -0.05  0.11   0.99   0.90   0.45   0.00   0.57   3.20   0.05   0.93   0.96   0.87   0.86   2.79   0.07   0.16   0.35   3.00   0.00   -999.25 -1.73  1871.06 0.01   25.74  3.00   0.33   0.00   
1831465.16 408588.90 -6699.44 "29/10/2015" 123.00 1831465.16 408588.90 -6699.44 2.39   3.00   2.32   0.00   1.10   4792.35 47.70  47.67  7.12   -0.39  0.92   0.01   0.92   0.39   0.00   0.34   2.29   0.01   0.92   0.95   0.91   0.89   2.47   0.07   0.24   0.25   3.00   0.01   -999.25 -0.87  36045.32 0.05   33.81  1.00   2.83   0.00   
1831798.33 407875.90 -5490.26 "29/10/2015" 124.00 1831798.33 407875.90 -5490.26 2.79   0.00   3.43   0.00   0.27   3937.99 333.53 125.95 70.89  -0.93  -0.38  -0.00  0.38   -0.92  0.04   0.37   3.35   0.06   0.88   0.90   0.85   0.79   2.82   0.08   0.30   0.26   3.00   0.01   -999.25 -1.18  12540.94 0.04   23.36  5.00   2.99   0.11   
1831941.81 408024.23 -6201.48 "29/10/2015" 126.00 1831941.81 408024.23 -6201.48 3.04   3.00   3.71   0.00   0.49   4029.80 442.16 116.01 54.27  -0.11  0.30   0.95   0.94   0.34   -0.00  0.22   2.99   0.08   0.96   0.98   0.92   0.91   3.35   0.11   0.35   0.29   3.00   0.00   -999.25 -1.06  18934.86 0.05   39.15  4.00   0.96   0.00   
1831811.50 408264.78 -6201.01 "29/10/2015" 127.00 1831811.50 408264.78 -6201.01 3.27   3.00   3.73   0.00   0.98   4299.16 278.30 138.74 38.22  -0.17  0.47   0.86   0.94   0.35   -0.00  0.51   3.14   0.07   0.95   0.97   0.93   0.92   3.24   0.10   0.33   0.30   3.00   0.01   -999.25 -0.75  55629.15 0.15   73.03  7.00   0.43   0.00   
1831298.69 408629.32 -5917.61 "29/10/2015" 128.00 1831298.69 408629.32 -5917.61 2.99   0.00   3.37   0.00   0.51   4815.31 332.53 226.87 83.90  -0.90  -0.43  0.01   0.38   -0.78  0.51   0.95   3.46   0.06   0.86   0.90   0.94   0.88   2.91   0.07   0.38   0.20   3.00   0.01   -999.25 -0.90  33566.05 0.12   56.72  11.00  0.56   0.57   
1831904.75 407948.96 -5483.82 "29/10/2015" 130.00 1831904.75 407948.96 -5483.82 5.36   0.00   6.15   0.00   0.25   3967.62 111.36 77.74  52.33  -0.94  -0.34  -0.00  0.33   -0.92  0.22   0.62   3.73   0.16   0.93   0.96   0.87   0.85   4.67   0.19   0.53   0.35   3.00   0.03   -999.25 -1.15  13720.57 0.04   17.66  11.00  7.57   0.09   
1831838.34 408196.96 -6200.95 "29/10/2015" 131.00 1831838.34 408196.96 -6200.95 1.84   3.00   2.11   0.00   1.14   4226.52 236.89 229.33 32.07  -0.19  0.49   0.85   0.94   0.35   0.01   0.43   3.04   0.03   0.85   0.92   0.90   0.85   2.22   0.05   0.29   0.15   3.00   0.00   -999.25 -1.58  3120.25 0.01   11.52  5.00   6.20   0.40   
1831683.02 408203.41 -6273.72 "29/10/2015" 133.00 1831683.02 408203.41 -6273.72 5.50   3.00   5.84   0.00   0.12   4295.38 359.63 130.18 44.89  -0.18  0.43   0.88   0.93   0.38   0.00   0.95   3.03   0.06   0.97   0.97   0.95   0.94   3.24   0.10   0.24   0.41   3.00   0.06   -999.25 -0.79  47748.25 0.17   33.95  8.00   3.71   0.00   
1832113.21 408113.05 -6337.03 "29/10/2015" 134.00 1832113.21 408113.05 -6337.03 3.06   3.00   3.66   0.00   0.22   4075.34 389.20 132.33 60.51  -0.08  0.25   0.96   0.96   0.29   0.00   0.22   2.77   0.04   0.96   0.98   0.93   0.92   2.69   0.07   0.30   0.22   3.00   0.01   -999.25 -1.27  9189.85 0.04   21.40  3.00   2.85   0.00   
1831868.51 407961.37 -5599.36 "29/10/2015" 139.00 1831868.51 407961.37 -5599.36 2.25   0.00   2.42   0.00   2.25   3983.94 244.84 198.69 138.81 -0.25  0.65   0.72   0.26   -0.67  0.69   0.75   3.12   0.03   0.75   0.93   0.84   0.82   2.07   0.04   0.27   0.14   3.00   0.00   -999.25 -1.09  16833.19 0.06   56.80  10.00  0.28   0.58   
1831485.76 408000.32 -6462.38 "29/10/2015" 140.00 1831485.76 408000.32 -6462.38 2.43   3.00   2.77   0.00   0.45   4214.72 457.64 367.47 55.04  0.13   -0.26  0.96   0.90   0.43   -0.00  0.38   2.64   0.04   0.93   0.91   0.95   0.90   2.64   0.07   0.28   0.25   3.00   0.00   -999.25 -1.29  8668.65 0.03   25.17  4.00   1.65   0.16   
1831878.34 408189.91 -6339.44 "29/10/2015" 142.00 1831878.34 408189.91 -6339.44 2.37   3.00   2.93   0.00   0.62   4221.22 266.36 219.38 34.96  0.08   -0.21  0.97   0.94   0.34   -0.00  0.37   2.26   0.00   0.93   0.94   0.84   0.83   2.28   0.05   0.26   0.17   3.00   0.01   -999.25 -1.50  4096.53 0.02   14.42  4.00   4.15   0.17   
1831477.97 407720.09 -5463.73 "29/10/2015" 143.00 1831477.97 407720.09 -5463.73 3.64   3.00   4.11   0.00   0.51   3934.01 138.19 105.50 90.32  0.89   0.46   0.00   -0.02  0.04   1.00   0.70   2.48   0.04   0.94   0.97   0.86   0.85   5.06   0.21   0.62   0.34   3.00   0.00   -999.25 -0.97  26004.47 0.08   50.94  11.00  0.60   0.13   
1831996.62 408379.58 -6135.61 "29/10/2015" 145.00 1831996.62 408379.58 -6135.61 1.76   3.00   2.11   0.00   0.85   4342.84 50.10  37.68  1.63   0.95   0.30   0.00   -0.30  0.95   0.01   0.32   2.04   0.01   0.81   0.88   0.79   0.74   1.78   0.03   0.20   0.15   3.00   0.00   -999.25 -1.06  19179.35 0.05   50.82  5.00   0.44   0.37   
1831623.89 408041.21 -6301.23 "29/10/2015" 146.00 1831623.89 408041.21 -6301.23 4.12   3.00   4.28   0.00   1.11   4172.76 226.20 145.35 113.19 -0.18  0.41   0.89   -0.36  0.82   -0.45  0.77   2.48   0.03   0.96   0.97   0.92   0.91   2.09   0.04   0.26   0.24   3.00   0.00   -999.25 -1.38  6300.87 0.02   26.80  4.00   0.99   0.00   
1831554.28 408132.05 -6221.34 "29/10/2015" 147.00 1831554.28 408132.05 -6221.34 2.38   3.00   2.92   0.00   1.08   4274.99 303.31 129.80 38.82  -0.12  0.27   0.96   0.91   0.41   0.00   0.32   3.13   0.06   0.95   0.97   0.95   0.94   2.75   0.08   0.30   0.25   3.00   0.01   -999.25 -1.22  10969.31 0.04   21.85  2.00   3.19   0.00   
1831974.94 408225.01 -6280.56 "29/10/2015" 149.00 1831974.94 408225.01 -6280.56 2.18   3.00   2.43   0.00   0.49   4216.13 377.00 147.48 44.54  -0.11  0.34   0.93   0.95   0.31   0.00   0.60   3.10   0.07   0.97   0.97   0.92   0.92   3.17   0.09   0.25   0.32   3.00   0.23   -999.25 -1.19  12150.86 0.05   8.84   2.00   53.50  0.00   
1831394.28 407642.56 -5901.91 "29/10/2015" 151.00 1831394.28 407642.56 -5901.91 2.45   0.00   2.89   0.00   0.44   3890.41 354.53 149.26 66.72  -0.87  -0.49  -0.00  0.43   -0.76  0.49   0.18   3.10   0.03   0.85   0.88   0.77   0.73   1.93   0.04   0.20   0.19   3.00   0.01   -999.25 -1.57  3286.53 0.01   12.94  2.00   4.60   0.24   
1831936.26 408148.24 -6200.91 "29/10/2015" 154.00 1831936.26 408148.24 -6200.91 2.65   3.00   2.84   0.00   1.18   4148.06 431.42 88.40  68.03  -0.17  0.48   0.86   0.94   0.33   -0.00  0.07   3.15   0.10   0.96   0.98   0.92   0.92   3.65   0.14   0.33   0.35   3.00   0.00   -999.25 -1.15  14084.85 0.04   32.77  5.00   1.22   0.00   
1831723.68 408142.43 -6440.99 "29/10/2015" 155.00 1831723.68 408142.43 -6440.99 2.56   3.00   2.92   0.00   0.95   4245.33 592.80 102.64 70.39  -0.07  0.18   0.98   0.93   0.37   0.00   0.93   2.72   0.04   0.91   0.98   0.95   0.95   2.47   0.06   0.20   0.28   3.00   0.00   -999.25 -1.29  8546.32 0.03   30.30  4.00   0.93   0.00   
1831725.39 408227.75 -6165.81 "29/10/2015" 156.00 1831725.39 408227.75 -6165.81 3.81   3.00   4.18   0.00   0.32   4292.15 87.65  71.28  8.26   0.93   0.36   -0.00  -0.36  0.92   0.14   0.92   3.10   0.06   0.97   0.98   0.91   0.91   2.94   0.09   0.23   0.33   3.00   0.01   -999.25 -1.20  11636.59 0.03   20.35  5.00   4.19   0.00   
1831103.28 407798.79 -5431.63 "29/10/2015" 158.00 1831103.28 407798.79 -5431.63 2.16   0.00   2.75   0.00   2.30   4189.34 516.90 160.24 82.99  -0.85  -0.52  -0.00  0.49   -0.80  0.35   0.76   3.23   0.03   0.76   0.95   0.81   0.80   2.18   0.04   0.30   0.14   3.00   0.00   -999.25 -1.10  16635.14 0.05   54.90  5.00   0.31   0.71   
